#     Density Matrix: coherence Re-Im; see the manual for detail orders
        0     0.00000000     0.00000000
        1     0.00003624    -0.00014193
        2    -0.00005322    -0.00004377
        3     0.00005419    -0.00007654
        4    -0.00004211    -0.00008671
        5     0.00002040    -0.00002899
        6    -0.00000477    -0.00008107
        7    -0.00001227    -0.00001993
        8     0.00001296    -0.00004285
        9    -0.00001771    -0.00002183
       10     0.00000741    -0.00000793
       11    -0.00000711    -0.00001393
       12    -0.00000297     0.00000841
       13     0.00000237     0.00000079
       14    -0.00000561     0.00000924
       15     0.00000432     0.00000929
       16    -0.00000046     0.00000203
       17     0.00000239     0.00000274
       18     0.00000550    -0.00000982
       19     0.00000277    -0.00001736
       20     0.00000748    -0.00002815
       21     0.00000651    -0.00004313
       22     0.00000753    -0.00005425
       23     0.00000978    -0.00007006
       24     0.00000907    -0.00008453
       25     0.00001097    -0.00009880
       26     0.00001143    -0.00011501
       27     0.00001158    -0.00012964
       28     0.00001259    -0.00014527
       29     0.00001228    -0.00016099
       30     0.00001237    -0.00017598
       31     0.00001233    -0.00019153
       32     0.00001168    -0.00020637
       33     0.00001151    -0.00022071
       34     0.00001108    -0.00023484
       35     0.00001073    -0.00024788
       36     0.00001089    -0.00026043
       37     0.00001099    -0.00027236
       38     0.00001158    -0.00028350
       39     0.00001254    -0.00029461
       40     0.00001359    -0.00030559
       41     0.00001513    -0.00031697
       42     0.00001684    -0.00032946
       43     0.00001873    -0.00034335
       44     0.00002098    -0.00035949
       45     0.00002338    -0.00037861
       46     0.00002599    -0.00040128
       47     0.00002896    -0.00042838
       48     0.00003218    -0.00046075
       49     0.00003570    -0.00049902
       50     0.00003961    -0.00054394
       51     0.00004387    -0.00059604
       52     0.00004862    -0.00065567
       53     0.00005396    -0.00072312
       54     0.00006008    -0.00079847
       55     0.00006720    -0.00088175
       56     0.00007561    -0.00097293
       57     0.00008578    -0.00107226
       58     0.00009804    -0.00118033
       59     0.00011292    -0.00129811
       60     0.00013103    -0.00142748
       61     0.00015299    -0.00157122
       62     0.00017970    -0.00173321
       63     0.00021226    -0.00191890
       64     0.00025215    -0.00213539
       65     0.00030125    -0.00239186
       66     0.00036197    -0.00269971
       67     0.00043731    -0.00307290
       68     0.00053055    -0.00352749
       69     0.00064477    -0.00408041
       70     0.00078109    -0.00474606
       71     0.00093581    -0.00552903
       72     0.00109563    -0.00641197
       73     0.00123321    -0.00733874
       74     0.00131153    -0.00820384
       75     0.00130212    -0.00886815
       76     0.00121190    -0.00921274
       77     0.00108283    -0.00920331
       78     0.00095985    -0.00890057
       79     0.00086294    -0.00841222
       80     0.00078792    -0.00783440
       81     0.00072369    -0.00722845
       82     0.00066350    -0.00662699
       83     0.00060432    -0.00604726
       84     0.00054327    -0.00549626
       85     0.00047867    -0.00497411
       86     0.00041080    -0.00447816
       87     0.00034094    -0.00400573
       88     0.00027031    -0.00355467
       89     0.00019884    -0.00312264
       90     0.00012880    -0.00270728
       91     0.00006195    -0.00230913
       92    -0.00000377    -0.00192718
       93    -0.00007036    -0.00155822
       94    -0.00013957    -0.00119806
       95    -0.00021298    -0.00084208
       96    -0.00029589    -0.00048451
       97    -0.00039647    -0.00011482
       98    -0.00052271     0.00028089
       99    -0.00068500     0.00071987
      100    -0.00089725     0.00122372
      101    -0.00117797     0.00181980
      102    -0.00155124     0.00254260
      103    -0.00204773     0.00343501
      104    -0.00270788     0.00454993
      105    -0.00358490     0.00595302
      106    -0.00474763     0.00772494
      107    -0.00628633     0.00996437
      108    -0.00831933     0.01279162
      109    -0.01100096     0.01635265
      110    -0.01453031     0.02082315
      111    -0.01916598     0.02641303
      112    -0.02521500     0.03336964
      113    -0.03302441     0.04197015
      114    -0.04296191     0.05251693
      115    -0.05532879     0.06532145
      116    -0.07021150     0.08067297
      117    -0.08725567     0.09878852
      118    -0.10540115     0.11974220
      119    -0.12271769     0.14337622
      120    -0.13650103     0.16920614
      121    -0.14374233     0.19633218
      122    -0.14184241     0.22338625
      123    -0.12922045     0.24854112
      124    -0.10559694     0.26960583
      125    -0.07197013     0.28421880
      126    -0.03043548     0.29012836
      127     0.01605146     0.28552450
      128     0.06395543     0.26936448
      129     0.10950651     0.24162511
      130     0.14910724     0.20341846
      131     0.17975945     0.15693019
      132     0.19944233     0.10517448
      133     0.20736852     0.05160043
      134     0.20406682    -0.00037931
      135     0.19128026    -0.04784756
      136     0.17171635    -0.08874338
      137     0.14872805    -0.12206518
      138     0.12603247    -0.14789596
      139     0.10758731    -0.16727311
      140     0.09774774    -0.18195456
      141     0.10180772    -0.19414161
      142     0.12678999    -0.20620430
      143     0.18080500    -0.22041682
      144     0.28143903    -0.25458324
      145     0.37491755    -0.28530936
      146     0.38352217    -0.32046388
      147     0.32447812    -0.35959032
      148     0.24075770    -0.39772027
      149     0.13943461    -0.42631849
      150     0.02136912    -0.43336270
      151    -0.10711315    -0.40486101
      152    -0.23014535    -0.32887248
      153    -0.32208276    -0.20232965
      154    -0.35282320    -0.03901191
      155    -0.30019198     0.12596653
      156    -0.16668926     0.24179871
      157     0.00864294     0.26192473
      158     0.15630679     0.17325283
      159     0.20760601     0.01713803
      160     0.14013641    -0.12068169
      161     0.00516317    -0.15963087
      162    -0.09788293    -0.08670385
      163    -0.09748332     0.02472089
      164    -0.01500606     0.07499291
      165     0.05574585     0.03303387
      166     0.04803858    -0.03555856
      167    -0.00742919    -0.04966129
      168    -0.03191056    -0.00978488
      169    -0.00549650     0.01694775
      170     0.01894573     0.00005850
      171     0.00788951    -0.02044945
      172    -0.00845053    -0.01273974
      173    -0.00241235    -0.00034643
      174     0.00672589    -0.00569813
      175     0.00202116    -0.01221871
      176    -0.00182672    -0.00824422
      177     0.00211984    -0.00676433
      178     0.00290370    -0.01068764
      179     0.00092634    -0.01147481
      180     0.00223800    -0.01178543
      181     0.00313478    -0.01499506
      182     0.00180112    -0.01673197
      183     0.00025022    -0.01531691
      184    -0.00072898    -0.01163953
      185    -0.00046445    -0.00804161
      186    -0.00019017    -0.00600180
      187    -0.00022855    -0.00444660
      188    -0.00007206    -0.00338446
      189    -0.00007176    -0.00272074
      190    -0.00005512    -0.00215215
      191    -0.00002171    -0.00178750
      192    -0.00003340    -0.00148720
      193    -0.00001319    -0.00125625
      194    -0.00001694    -0.00108504
      195    -0.00001081    -0.00093609
      196    -0.00000763    -0.00082923
      197    -0.00000840    -0.00073394
      198    -0.00000402    -0.00066077
      199    -0.00000545    -0.00059897
      200    -0.00000274    -0.00054708
      201    -0.00000308    -0.00050539
      202    -0.00000208    -0.00046831
      203    -0.00000159    -0.00043881
      204    -0.00000154    -0.00041219
      205    -0.00000078    -0.00039043
      206    -0.00000103    -0.00037114
      207     0.00000002    -0.00035515
      208    -0.00000095    -0.00034123
      209    -0.00000023    -0.00032766
      210    -0.00000026    -0.00031735
      211    -0.00000049    -0.00030674
      212    -0.00000048    -0.00029770
      213    -0.00000038    -0.00028890
      214    -0.00000042    -0.00028172
      215    -0.00000075    -0.00027402
      216    -0.00000059    -0.00026725
      217    -0.00000115    -0.00026017
      218    -0.00000101    -0.00025314
      219    -0.00000156    -0.00024610
      220    -0.00000163    -0.00023838
      221    -0.00000203    -0.00023079
      222    -0.00000239    -0.00022212
      223    -0.00000261    -0.00021338
      224    -0.00000318    -0.00020357
      225    -0.00000331    -0.00019327
      226    -0.00000393    -0.00018217
      227    -0.00000411    -0.00017010
      228    -0.00000461    -0.00015753
      229    -0.00000494    -0.00014372
      230    -0.00000523    -0.00012954
      231    -0.00000570    -0.00011420
      232    -0.00000581    -0.00009838
      233    -0.00000630    -0.00008181
      234    -0.00000635    -0.00006452
      235    -0.00000668    -0.00004696
      236    -0.00000681    -0.00002861
      237    -0.00000688    -0.00001031
      238    -0.00000711     0.00000855
      239    -0.00000697     0.00002731
      240    -0.00000718     0.00004612
      241    -0.00000699     0.00006493
      242    -0.00000703     0.00008323
      243    -0.00000692     0.00010155
      244    -0.00000673     0.00011903
      245    -0.00000673     0.00013626
      246    -0.00000639     0.00015266
      247    -0.00000639     0.00016834
      248    -0.00000608     0.00018335
      249    -0.00000596     0.00019725
      250    -0.00000579     0.00021055
      251    -0.00000555     0.00022264
      252    -0.00000552     0.00023402
      253    -0.00000525     0.00024438
      254    -0.00000529     0.00025384
      255    -0.00000514     0.00026262
      256    -0.00000516     0.00027046
      257    -0.00000521     0.00027788
      258    -0.00000524     0.00028457
      259    -0.00000548     0.00029100
      260    -0.00000560     0.00029712
      261    -0.00000595     0.00030313
      262    -0.00000625     0.00030931
      263    -0.00000722     0.00031625
      264    -0.00000687     0.00032360
      265    -0.00000788     0.00033024
      266    -0.00000849     0.00033919
      267    -0.00000825     0.00034692
      268    -0.00001046     0.00035675
      269    -0.00001021     0.00036870
      270    -0.00001165     0.00038028
      271    -0.00001244     0.00039510
      272    -0.00001312     0.00040965
      273    -0.00001455     0.00042693
      274    -0.00001497     0.00044499
      275    -0.00001644     0.00046472
      276    -0.00001701     0.00048614
      277    -0.00001813     0.00050843
      278    -0.00001892     0.00053262
      279    -0.00001962     0.00055738
      280    -0.00002042     0.00058354
      281    -0.00002075     0.00061017
      282    -0.00002124     0.00063727
      283    -0.00002122     0.00066452
      284    -0.00002108     0.00069113
      285    -0.00002056     0.00071692
      286    -0.00002003     0.00074132
      287    -0.00001790     0.00076312
      288    -0.00001621     0.00078000
      289    -0.00001369     0.00079343
      290    -0.00000997     0.00079942
      291    -0.00000644     0.00079833
      292    -0.00000105     0.00078767
      293     0.00000425     0.00076530
      294     0.00001073     0.00073073
      295     0.00001791     0.00068066
      296     0.00002504     0.00061519
      297     0.00003310     0.00053258
      298     0.00004031     0.00043258
      299     0.00004742     0.00031666
      300     0.00005363     0.00018521
