#     Density Matrix: coherence Re-Im; see the manual for detail orders
        0     0.00000000     0.00000000
        1     0.00068904    -0.00176558
        2     0.00018823    -0.00225001
        3     0.00062333    -0.00317812
        4     0.00048004    -0.00407069
        5     0.00066412    -0.00486625
        6     0.00070669    -0.00577376
        7     0.00076771    -0.00649567
        8     0.00082875    -0.00712873
        9     0.00084941    -0.00755090
       10     0.00089241    -0.00778948
       11     0.00093950    -0.00791073
       12     0.00099563    -0.00796627
       13     0.00106627    -0.00802426
       14     0.00113943    -0.00813080
       15     0.00120247    -0.00829647
       16     0.00123853    -0.00850152
       17     0.00121737    -0.00868370
       18     0.00110277    -0.00873017
       19     0.00086929    -0.00849615
       20     0.00051384    -0.00784991
       21     0.00005934    -0.00672063
       22    -0.00045427    -0.00512403
       23    -0.00097144    -0.00315370
       24    -0.00141922    -0.00096969
       25    -0.00172955     0.00122219
       26    -0.00187072     0.00321169
       27    -0.00186162     0.00483806
       28    -0.00175396     0.00602648
       29    -0.00159995     0.00678576
       30    -0.00143316     0.00717857
       31    -0.00126684     0.00729054
       32    -0.00109996     0.00720612
       33    -0.00092329     0.00698845
       34    -0.00072749     0.00666202
       35    -0.00051438     0.00621236
       36    -0.00030321     0.00561046
       37    -0.00011805     0.00484899
       38     0.00002730     0.00395858
       39     0.00013509     0.00300064
       40     0.00021868     0.00203662
       41     0.00028818     0.00110939
       42     0.00034707     0.00024583
       43     0.00039679    -0.00053708
       44     0.00043666    -0.00122724
       45     0.00046489    -0.00181174
       46     0.00048271    -0.00228021
       47     0.00048832    -0.00262802
       48     0.00048113    -0.00285294
       49     0.00046399    -0.00296378
       50     0.00043821    -0.00297783
       51     0.00040950    -0.00291869
       52     0.00038559    -0.00281931
       53     0.00037152    -0.00271311
       54     0.00037080    -0.00262744
       55     0.00038327    -0.00257945
       56     0.00040363    -0.00257161
       57     0.00042372    -0.00259180
       58     0.00043546    -0.00261923
       59     0.00043193    -0.00263140
       60     0.00040724    -0.00260756
       61     0.00035770    -0.00252905
       62     0.00028462    -0.00238098
       63     0.00019634    -0.00215706
       64     0.00010716    -0.00186563
       65     0.00003283    -0.00153192
       66    -0.00001390    -0.00119380
       67    -0.00002699    -0.00089272
       68    -0.00000407    -0.00066394
       69     0.00005852    -0.00053540
       70     0.00016497    -0.00052919
       71     0.00031752    -0.00066167
       72     0.00051479    -0.00094154
       73     0.00074989    -0.00136689
       74     0.00100631    -0.00192047
       75     0.00125496    -0.00256488
       76     0.00145292    -0.00324075
       77     0.00151558    -0.00385704
       78     0.00131559    -0.00426334
       79     0.00069611    -0.00425122
       80    -0.00054073    -0.00355706
       81    -0.00264394    -0.00187253
       82    -0.00594959     0.00114668
       83    -0.01094903     0.00589101
       84    -0.01836193     0.01282617
       85    -0.02919577     0.02251999
       86    -0.04472926     0.03565134
       87    -0.06627059     0.05296672
       88    -0.09452918     0.07515721
       89    -0.12851201     0.10264953
       90    -0.16437191     0.13532889
       91    -0.31820921     0.28043256
       92    -0.31292950     0.38342495
       93    -0.19940269     0.44864110
       94    -0.02312270     0.45608465
       95     0.15817278     0.38376319
       96     0.28647982     0.23088637
       97     0.31096928     0.03709803
       98     0.22023632    -0.12285410
       99     0.06455197    -0.18042171
      100    -0.06661421    -0.12453339
      101    -0.10567120    -0.01574228
      102    -0.05843644     0.05876719
      103     0.00548969     0.05828196
      104     0.02488157     0.01816268
      105     0.00499662    -0.00356161
      106    -0.01080660     0.00442687
      107    -0.00692241     0.01394697
      108    -0.00062232     0.01152744
      109    -0.00131472     0.00757831
      110    -0.00265813     0.00761347
      111    -0.00197832     0.00771842
      112    -0.00157369     0.00692814
      113    -0.00152093     0.00643511
      114    -0.00128118     0.00601265
      115    -0.00103974     0.00547235
      116    -0.00081399     0.00489123
      117    -0.00058730     0.00424423
      118    -0.00038720     0.00354255
      119    -0.00022360     0.00282233
      120    -0.00009964     0.00212405
      121    -0.00000801     0.00147913
      122     0.00006251     0.00089655
      123     0.00011947     0.00036991
      124     0.00016600    -0.00010951
      125     0.00020221    -0.00054472
      126     0.00022660    -0.00093078
      127     0.00023771    -0.00125687
      128     0.00023366    -0.00150840
      129     0.00021239    -0.00166671
      130     0.00017221    -0.00170980
      131     0.00011316    -0.00161647
      132     0.00003830    -0.00137450
      133    -0.00004618    -0.00098841
      134    -0.00013078    -0.00048328
      135    -0.00020325     0.00009520
      136    -0.00024950     0.00068276
      137    -0.00025918     0.00120440
      138    -0.00023153     0.00159158
      139    -0.00018009     0.00180538
      140    -0.00012736     0.00185381
      141    -0.00008886     0.00178267
      142    -0.00006683     0.00164583
      143    -0.00005565     0.00148251
      144    -0.00004901     0.00131271
      145    -0.00004265     0.00114323
      146    -0.00003447     0.00097479
      147    -0.00002400     0.00080704
      148    -0.00001160     0.00064086
      149     0.00000205     0.00047822
      150     0.00001648     0.00032059
      151     0.00003158     0.00016746
      152     0.00004745     0.00001616
      153     0.00006434    -0.00013742
      154     0.00008246    -0.00029780
      155     0.00010191    -0.00046892
      156     0.00012268    -0.00065368
      157     0.00014455    -0.00085383
      158     0.00016729    -0.00107022
      159     0.00019083    -0.00130343
      160     0.00021537    -0.00155384
      161     0.00024088    -0.00181952
      162     0.00026623    -0.00209112
      163     0.00028865    -0.00234565
      164     0.00030574    -0.00254742
      165     0.00031890    -0.00266419
      166     0.00032917    -0.00268511
      167     0.00033746    -0.00262344
      168     0.00034107    -0.00250403
      169     0.00033938    -0.00234925
      170     0.00033065    -0.00217610
      171     0.00031312    -0.00199204
      172     0.00028443    -0.00179694
      173     0.00024143    -0.00158327
      174     0.00018126    -0.00133840
      175     0.00010311    -0.00104900
      176     0.00000918    -0.00070644
      177    -0.00009364    -0.00031213
      178    -0.00019552     0.00011878
      179    -0.00028595     0.00056005
      180    -0.00035527     0.00097911
      181    -0.00039764     0.00134446
      182    -0.00041087     0.00163308
      183    -0.00039579     0.00183188
      184    -0.00035629     0.00193691
      185    -0.00029814     0.00195051
      186    -0.00022727     0.00187664
      187    -0.00014996     0.00171793
      188    -0.00007239     0.00147693
      189     0.00000187     0.00115686
      190     0.00006994     0.00076430
      191     0.00013006     0.00031489
      192     0.00018189    -0.00016772
      193     0.00022675    -0.00065798
      194     0.00026704    -0.00113501
      195     0.00030518    -0.00158402
      196     0.00034259    -0.00199356
      197     0.00037954    -0.00235249
      198     0.00041531    -0.00264952
      199     0.00044925    -0.00287512
      200     0.00048109    -0.00302504
      201     0.00051078    -0.00310180
      202     0.00053785    -0.00311408
      203     0.00056077    -0.00307365
      204     0.00057686    -0.00299182
      205     0.00058319    -0.00287725
      206     0.00057382    -0.00273314
      207     0.00054508    -0.00255595
      208     0.00049299    -0.00234055
      209     0.00041335    -0.00207635
      210     0.00030527    -0.00175207
      211     0.00017182    -0.00136134
      212     0.00002079    -0.00090844
      213    -0.00013690    -0.00041122
      214    -0.00029081     0.00010321
      215    -0.00043302     0.00060740
      216    -0.00055774     0.00108009
      217    -0.00066033     0.00150710
      218    -0.00073724     0.00187905
      219    -0.00078698     0.00218922
      220    -0.00081095     0.00243271
      221    -0.00081349     0.00260674
      222    -0.00080118     0.00271175
      223    -0.00078114     0.00275297
      224    -0.00075884     0.00274145
      225    -0.00073684     0.00269268
      226    -0.00071581     0.00262378
      227    -0.00069600     0.00255102
      228    -0.00067858     0.00248821
      229    -0.00066575     0.00244708
      230    -0.00065929     0.00243700
      231    -0.00065890     0.00246304
      232    -0.00066117     0.00252328
      233    -0.00065879     0.00260611
      234    -0.00064409     0.00269118
      235    -0.00061009     0.00275444
      236    -0.00055252     0.00276989
      237    -0.00047166     0.00271245
      238    -0.00037508     0.00256388
      239    -0.00027814     0.00232536
      240    -0.00019619     0.00202464
      241    -0.00013536     0.00170392
      242    -0.00009290     0.00139875
      243    -0.00006312     0.00112776
      244    -0.00004152     0.00089557
      245    -0.00002501     0.00069934
      246    -0.00001167     0.00053310
      247    -0.00000043     0.00039049
      248     0.00000931     0.00026604
      249     0.00001764     0.00015586
      250     0.00002448     0.00005781
      251     0.00002954    -0.00002863
      252     0.00003284    -0.00010297
      253     0.00003459    -0.00016479
      254     0.00003512    -0.00021387
      255     0.00003581    -0.00025172
      256     0.00003704    -0.00028156
      257     0.00003976    -0.00030731
      258     0.00004337    -0.00033285
      259     0.00004482    -0.00035634
      260     0.00003589    -0.00036196
      261    -0.00000893    -0.00029554
      262    -0.00011122    -0.00005761
      263    -0.00018152     0.00033788
      264    -0.00003379     0.00052243
      265     0.00012198     0.00023418
      266     0.00016318    -0.00019457
      267     0.00017343    -0.00052212
      268     0.00018022    -0.00075324
      269     0.00018209    -0.00090327
      270     0.00018399    -0.00099510
      271     0.00018452    -0.00104934
      272     0.00017854    -0.00107351
      273     0.00015693    -0.00105802
      274     0.00011001    -0.00097531
      275     0.00003530    -0.00079154
      276    -0.00005568    -0.00049087
      277    -0.00014085    -0.00009854
      278    -0.00020211     0.00032231
      279    -0.00023419     0.00070249
      280    -0.00024118     0.00099676
      281    -0.00022899     0.00119001
      282    -0.00020339     0.00128706
      283    -0.00016908     0.00130203
      284    -0.00012920     0.00124972
      285    -0.00008590     0.00114118
      286    -0.00004137     0.00098329
      287     0.00000112     0.00078199
      288     0.00003713     0.00054733
      289     0.00006213     0.00029699
      290     0.00007284     0.00005585
      291     0.00006821    -0.00014874
      292     0.00004910    -0.00029248
      293     0.00001810    -0.00035664
      294    -0.00002191    -0.00032534
      295    -0.00006779    -0.00017865
      296    -0.00011569     0.00011390
      297    -0.00014927     0.00057656
      298    -0.00009283     0.00109438
      299     0.00014492     0.00123804
      300     0.00030399     0.00080066
      301     0.00020763     0.00018528
      302     0.00005125    -0.00020043
      303    -0.00002326    -0.00033142
      304    -0.00003378    -0.00035856
      305    -0.00003194    -0.00037439
      306    -0.00003215    -0.00039484
      307    -0.00003615    -0.00040838
      308    -0.00004138    -0.00040007
      309    -0.00004361    -0.00036321
      310    -0.00003990    -0.00030505
      311    -0.00003031    -0.00024382
      312    -0.00001851    -0.00019747
      313    -0.00000815    -0.00017399
      314    -0.00000134    -0.00017039
      315     0.00000189    -0.00017790
      316     0.00000243    -0.00018771
      317     0.00000109    -0.00019337
      318    -0.00000142    -0.00019072
      319    -0.00000453    -0.00017730
      320    -0.00000759    -0.00015228
      321    -0.00001000    -0.00011723
      322    -0.00001145    -0.00007630
      323    -0.00001220    -0.00003426
      324    -0.00001290     0.00000623
      325    -0.00001413     0.00004562
      326    -0.00001622     0.00008651
      327    -0.00001903     0.00013191
      328    -0.00002162     0.00018301
      329    -0.00002187     0.00023610
      330    -0.00001722     0.00028003
      331    -0.00000535     0.00029611
      332     0.00000822     0.00027104
      333     0.00001786     0.00021042
      334     0.00001988     0.00013505
      335     0.00001706     0.00006669
      336     0.00001286     0.00001540
      337     0.00000956    -0.00001899
      338     0.00000733    -0.00004100
      339     0.00000609    -0.00005494
      340     0.00000533    -0.00006377
      341     0.00000480    -0.00006876
      342     0.00000420    -0.00007014
      343     0.00000324    -0.00006760
      344     0.00000176    -0.00006086
      345    -0.00000028    -0.00004991
      346    -0.00000308    -0.00003444
      347    -0.00000717    -0.00001291
      348    -0.00001353     0.00001840
      349    -0.00002342     0.00006607
      350    -0.00003776     0.00013900
      351    -0.00005556     0.00024482
      352    -0.00007248     0.00038230
      353    -0.00008183     0.00053418
      354    -0.00007911     0.00066924
      355    -0.00006572     0.00075700
      356    -0.00004750     0.00078334
      357    -0.00003010     0.00075378
      358    -0.00001610     0.00068471
      359    -0.00000535     0.00059264
      360     0.00000408     0.00048761
      361     0.00001353     0.00037276
      362     0.00002394     0.00024809
      363     0.00003601     0.00011351
      364     0.00004849    -0.00002702
      365     0.00006011    -0.00016450
      366     0.00006996    -0.00028966
      367     0.00007773    -0.00039623
      368     0.00008335    -0.00048128
      369     0.00008675    -0.00054384
      370     0.00008777    -0.00058388
      371     0.00008619    -0.00060182
      372     0.00008186    -0.00059851
      373     0.00007478    -0.00057521
      374     0.00006497    -0.00053346
      375     0.00005245    -0.00047483
      376     0.00003711    -0.00040078
      377     0.00001877    -0.00031250
      378    -0.00000267    -0.00021104
      379    -0.00002695    -0.00009746
      380    -0.00005331     0.00002689
      381    -0.00008015     0.00015978
      382    -0.00010548     0.00029751
      383    -0.00012705     0.00043445
      384    -0.00014340     0.00056283
      385    -0.00015478     0.00067470
      386    -0.00016323     0.00076594
      387    -0.00017096     0.00083903
      388    -0.00017858     0.00090102
      389    -0.00018481     0.00095836
      390    -0.00018709     0.00101239
      391    -0.00018403     0.00105959
      392    -0.00017287     0.00109216
      393    -0.00015214     0.00109718
      394    -0.00012201     0.00106139
      395    -0.00008302     0.00097250
      396    -0.00003995     0.00082461
      397     0.00000161     0.00062525
      398     0.00003614     0.00039393
      399     0.00006061     0.00015767
      400     0.00007556    -0.00005945
      401     0.00008402    -0.00024411
      402     0.00008947    -0.00039527
      403     0.00009343    -0.00051858
      404     0.00009494    -0.00061791
      405     0.00009132    -0.00068960
      406     0.00008077    -0.00072284
      407     0.00006391    -0.00070716
      408     0.00004781    -0.00064613
      409     0.00003268    -0.00055599
      410     0.00002252    -0.00045472
      411     0.00001695    -0.00036158
      412     0.00001572    -0.00028729
      413     0.00001818    -0.00023755
      414     0.00002397    -0.00021395
      415     0.00003001    -0.00021313
      416     0.00002683    -0.00021698
      417     0.00000842    -0.00019267
      418    -0.00000935    -0.00012966
      419    -0.00001131    -0.00006251
      420    -0.00000865    -0.00001908
      421    -0.00000638     0.00000526
      422    -0.00000259     0.00001484
      423    -0.00000060     0.00001424
      424    -0.00013855     0.00019261
      425    -0.00105239     0.00175524
      426    -0.00171786     0.00524427
      427     0.00203613     0.00391997
      428    -0.00003956    -0.00018584
      429    -0.00010622     0.00040828
      430    -0.00005098     0.00043041
      431    -0.00003831     0.00047462
      432     0.00000722     0.00039152
      433     0.00005537     0.00021059
      434     0.00011164    -0.00006630
      435     0.00016984    -0.00043111
      436     0.00022585    -0.00087727
      437     0.00027112    -0.00139297
      438     0.00029412    -0.00194862
      439     0.00027303    -0.00247281
      440     0.00017187    -0.00280893
      441    -0.00004709    -0.00268827
      442    -0.00034109    -0.00185134
      443    -0.00049492    -0.00043694
      444    -0.00019488     0.00063239
      445     0.00052764     0.00007453
      446     0.00105168    -0.00236544
      447     0.00144390    -0.00621403
      448    -0.00103307    -0.00700461
      449    -0.00202666    -0.00211996
      450     0.00017610     0.00094575
      451    -0.00025731     0.00082157
      452     0.00003274     0.00121450
      453    -0.00003598     0.00100959
      454    -0.00001054     0.00098565
      455    -0.00002269     0.00086773
      456    -0.00003310     0.00082109
      457    -0.00004367     0.00079477
      458    -0.00005570     0.00081117
      459    -0.00006378     0.00085586
      460    -0.00006269     0.00091146
      461    -0.00003709     0.00092893
      462     0.00005374     0.00078391
      463     0.00031616     0.00014755
      464     0.00071477    -0.00138368
      465     0.00031115    -0.00274450
      466    -0.00003388    -0.00278609
      467    -0.00003856    -0.00225077
      468    -0.00004140    -0.00174907
      469    -0.00004427    -0.00128722
      470    -0.00005778    -0.00087694
      471    -0.00007852    -0.00049733
      472    -0.00010258    -0.00014107
      473    -0.00012257     0.00018736
      474    -0.00013165     0.00046519
      475    -0.00012705     0.00066429
      476    -0.00011174     0.00076855
      477    -0.00009107     0.00078368
      478    -0.00006935     0.00073130
      479    -0.00004793     0.00063624
      480    -0.00002653     0.00051700
      481    -0.00000505     0.00038458
      482     0.00001561     0.00024591
      483     0.00003326     0.00010811
      484     0.00004562    -0.00001933
      485     0.00005122    -0.00012579
      486     0.00005015    -0.00020242
      487     0.00004475    -0.00024616
      488     0.00003559    -0.00025883
      489     0.00002702    -0.00024695
      490     0.00002049    -0.00022298
      491     0.00001725    -0.00019731
      492     0.00001819    -0.00018000
      493     0.00002234    -0.00017758
      494     0.00002345    -0.00018589
      495     0.00001608    -0.00018622
      496    -0.00000500    -0.00015107
      497    -0.00003728    -0.00005618
      498    -0.00006868     0.00009461
      499    -0.00008413     0.00026022
      500    -0.00007686     0.00038233
      501    -0.00005363     0.00042292
      502    -0.00002707     0.00038460
      503    -0.00000565     0.00029790
      504     0.00000729     0.00019758
      505     0.00001008     0.00011172
      506     0.00000112     0.00006195
      507    -0.00002064     0.00006518
      508    -0.00005482     0.00013295
      509    -0.00009886     0.00026853
      510    -0.00014792     0.00046395
      511    -0.00019510     0.00069893
      512    -0.00023226     0.00094254
      513    -0.00025181     0.00115773
      514    -0.00024976     0.00130932
      515    -0.00022975     0.00137647
      516    -0.00019848     0.00135948
      517    -0.00016381     0.00127379
      518    -0.00013001     0.00114054
      519    -0.00010018     0.00097857
      520    -0.00007471     0.00080585
      521    -0.00005394     0.00063807
      522    -0.00003747     0.00048853
      523    -0.00002443     0.00036350
      524    -0.00001493     0.00026409
      525    -0.00000884     0.00018892
      526    -0.00000577     0.00013518
      527    -0.00000548     0.00010028
      528    -0.00000602     0.00008056
      529    -0.00000681     0.00007107
      530    -0.00000660     0.00006729
      531    -0.00000461     0.00006354
      532    -0.00000145     0.00005568
      533     0.00000268     0.00004142
      534     0.00000735     0.00001912
      535     0.00001096    -0.00001048
      536     0.00001346    -0.00004505
      537     0.00001510    -0.00008305
      538     0.00001650    -0.00012393
      539     0.00001814    -0.00016780
      540     0.00002039    -0.00021454
      541     0.00002338    -0.00026339
      542     0.00002797    -0.00031435
      543     0.00003410    -0.00036914
      544     0.00004267    -0.00043125
      545     0.00005350    -0.00050490
      546     0.00006661    -0.00059231
      547     0.00007875    -0.00068905
      548     0.00008829    -0.00078257
      549     0.00009103    -0.00085470
      550     0.00008931    -0.00088965
      551     0.00008785    -0.00088892
      552     0.00008834    -0.00086534
      553     0.00008739    -0.00082802
      554     0.00008156    -0.00077608
      555     0.00006794    -0.00070332
