#    Step        Prob(0)        Prob(1)        
        0     0.00000000     0.00000000
        1     0.00000000     0.00000000
        2     0.00000000     0.00000000
        3     0.00000000     0.00000000
        4     0.00000000     0.00000000
        5     0.00000000     0.00000000
        6     0.00000000     0.00000000
        7     0.00000000     0.00000000
        8     0.00000000     0.00000000
        9     0.00000000     0.00000000
       10     0.00000000     0.00000000
       11     0.00000000     0.00000000
       12     0.00000000     0.00000000
       13     0.00000001     0.00000000
       14     0.00000001     0.00000000
       15     0.00000001     0.00000000
       16     0.00000002     0.00000000
       17     0.00000002     0.00000000
       18     0.00000003     0.00000000
       19     0.00000003     0.00000000
       20     0.00000004     0.00000000
       21     0.00000004     0.00000000
       22     0.00000005     0.00000000
       23     0.00000005     0.00000000
       24     0.00000006     0.00000000
       25     0.00141426     0.00000000
       26     0.00000000     0.00000000
       27     0.00000000     0.00000000
       28     0.00015660     0.00000000
       29     0.00000000     0.00000000
       30     0.00005568     0.00000000
       31     0.00003151     0.00000000
       32     0.00000000     0.00000000
       33     0.00002867     0.00000000
       34     0.00001781     0.00000000
       35     0.00000175     0.00000000
       36     0.00001529     0.00000000
       37     0.00001540     0.00000000
       38     0.00000937     0.00000000
       39     0.00001015     0.00000000
       40     0.00001081     0.00000000
       41     0.00000855     0.00000000
       42     0.00000681     0.00000000
       43     0.00000632     0.00000000
       44     0.00000564     0.00000000
       45     0.00000455     0.00000000
       46     0.00000375     0.00000000
       47     0.00000336     0.00000000
       48     0.00000303     0.00000000
       49     0.00000262     0.00000000
       50     0.00000225     0.00000000
       51     0.00000201     0.00000000
       52     0.00000180     0.00000000
       53     0.00000157     0.00000000
       54     0.00000131     0.00000000
       55     0.00000107     0.00000000
       56     0.00000087     0.00000000
       57     0.00000068     0.00000000
       58     0.00000051     0.00000000
       59     0.00000035     0.00000000
       60     0.00000022     0.00000000
       61     0.00000013     0.00000000
       62     0.00000006     0.00000000
       63     0.00000001     0.00000000
       64     0.00000000     0.00000000
       65     0.00000000     0.00000000
       66     0.00000000     0.00000000
       67     0.00000000     0.00000000
       68     0.00000000     0.00000000
       69     0.00000000     0.00000000
       70     0.00000000     0.00000000
       71     0.00000000     0.00000000
       72     0.00000000     0.00000000
       73     0.00000000     0.00000000
       74     0.00000000     0.00000000
       75     0.00000000     0.00000000
       76     0.00000004     0.00000000
       77     0.00000010     0.00000000
       78     0.00000018     0.00000000
       79     0.00000029     0.00000000
       80     0.00000043     0.00000000
       81     0.00000062     0.00000000
       82     0.00000088     0.00000000
       83     0.00000120     0.00000000
       84     0.00000165     0.00000000
       85     0.00000228     0.00000000
       86     0.00000316     0.00000000
       87     0.00000438     0.00000000
       88     0.00000604     0.00000000
       89     0.00000830     0.00000000
       90     0.00001136     0.00000000
       91     0.00001555     0.00000000
       92     0.00002131     0.00000000
       93     0.00002929     0.00000000
       94     0.00004045     0.00000000
       95     0.00005618     0.00000000
       96     0.00007861     0.00000000
       97     0.00011100     0.00000000
       98     0.00015844     0.00000000
       99     0.00022902     0.00000000
      100     0.00033579     0.00000000
      101     0.00050064     0.00000000
      102     0.00075927     0.00000000
      103     0.00117325     0.00000000
      104     0.00184903     0.00000000
      105     0.00297289     0.00000000
      106     0.00487176     0.00000000
      107     0.00811061     0.00000000
      108     0.01361666     0.00000000
      109     0.02271975     0.00000000
      110     0.03672697     0.00000000
      111     0.05536273     0.00000000
      112     0.07439704     0.00000000
      113     0.08611222     0.00000000
      114     0.08502848     0.00000000
      115     0.00000000     0.00000000
      116     0.00000000     0.00000000
      117     0.00000000     0.00000000
      118     0.00000000     0.00000000
      119     0.00000000     0.00354988
      120     0.00000000     0.00944618
      121     0.00000000     0.01012054
      122     0.00000000     0.00787020
      123     0.00000000     0.00453241
      124     0.00000000     0.00158376
      125     0.00000000     0.00000000
      126     0.00000000     0.00000000
      127     0.00000000     0.00101010
      128     0.00000000     0.00212352
      129     0.00000000     0.00229547
      130     0.00000000     0.00115637
      131     0.00000000     0.00000000
      132     0.00000000     0.00000000
      133     0.00000000     0.00000000
      134     0.00000000     0.00000000
      135     0.00000000     0.00119206
      136     0.00000000     0.00126274
      137     0.00000000     0.00014000
      138     0.00000000     0.00000000
      139     0.00000000     0.00000000
      140     0.00000000     0.00031312
      141     0.00000000     0.00057657
      142     0.00000000     0.00003051
      143     0.00000000     0.00000000
      144     0.00000000     0.00000000
      145     0.00000000     0.00029018
      146     0.00000000     0.00008036
      147     0.00000000     0.00000000
      148     0.00000000     0.00008551
      149     0.00000000     0.00018554
      150     0.00000000     0.00004597
      151     0.00000000     0.00007342
      152     0.00000000     0.00019616
      153     0.00000000     0.00012828
      154     0.00000000     0.00007093
      155     0.00000000     0.00005759
      156     0.00000000     0.00000000
      157     0.00000000     0.00000000
      158     0.00000000     0.00000000
      159     0.00000000     0.00000000
      160     0.00000000     0.00000000
      161     0.00000000     0.00000000
      162     0.00000000     0.00000000
      163     0.00000000     0.00000000
      164     0.00000000     0.00000000
      165     0.00000000     0.00000000
      166     0.00000000     0.00000000
      167     0.00000000     0.00000000
      168     0.00000000     0.00000000
      169     0.00000000     0.00000000
      170     0.00000000     0.00000000
      171     0.00000000     0.00000000
      172     0.00000000     0.00000000
      173     0.00000000     0.00000000
      174     0.00000000     0.00000000
      175     0.00000000     0.00000000
      176     0.00000000     0.00000000
      177     0.00000000     0.00000000
      178     0.00000000     0.00000000
      179     0.00000000     0.00000000
      180     0.00000000     0.00000000
      181     0.00000000     0.00000000
      182     0.00000000     0.00000000
      183     0.00000000     0.00000000
      184     0.00000000     0.00000000
      185     0.00000000     0.00000000
      186     0.00000000     0.00000000
      187     0.00000000     0.00000000
      188     0.00000000     0.00000000
      189     0.00000000     0.00000000
      190     0.00000000     0.00000000
      191     0.00000000     0.00000000
      192     0.00000000     0.00000000
      193     0.00000000     0.00000000
      194     0.00000000     0.00000000
      195     0.00000000     0.00000000
      196     0.00000000     0.00000000
      197     0.00000000     0.00000000
      198     0.00000000     0.00000000
      199     0.00000000     0.00000000
      200     0.00000000     0.00000000
      201     0.00000000     0.00000000
      202     0.00000000     0.00000000
      203     0.00000000     0.00000000
      204     0.00000000     0.00000000
      205     0.00000000     0.00000000
      206     0.00000000     0.00000000
      207     0.00000000     0.00000000
      208     0.00000000     0.00000000
      209     0.00000000     0.00000000
      210     0.00000000     0.00000000
      211     0.00000000     0.00000000
      212     0.00000000     0.00000000
      213     0.00000000     0.00000000
      214     0.00000000     0.00000000
      215     0.00000000     0.00000000
      216     0.00000000     0.00000000
      217     0.00000000     0.00000000
      218     0.00000000     0.00000000
      219     0.00000000     0.00000000
      220     0.00000000     0.00000000
      221     0.00000000     0.00000000
      222     0.00000000     0.00000000
      223     0.00000000     0.00000000
      224     0.00000000     0.00000000
      225     0.00000000     0.00000000
      226     0.00000000     0.00000000
      227     0.00000000     0.00000000
      228     0.00000000     0.00000000
      229     0.00000000     0.00000000
      230     0.00000000     0.00000000
      231     0.00000000     0.00000001
      232     0.00000000     0.00000001
      233     0.00000000     0.00000001
      234     0.00000000     0.00000001
      235     0.00000000     0.00000001
      236     0.00000000     0.00000001
      237     0.00000000     0.00000001
      238     0.00000000     0.00000001
      239     0.00000000     0.00000001
      240     0.00000000     0.00000001
      241     0.00000000     0.00000001
      242     0.00000000     0.00000001
      243     0.00000000     0.00000001
      244     0.00000000     0.00000001
      245     0.00000000     0.00000002
      246     0.00000000     0.00000002
      247     0.00000000     0.00000002
      248     0.00000000     0.00000002
      249     0.00000000     0.00000002
      250     0.00000000     0.00000003
      251     0.00000000     0.00000003
      252     0.00000000     0.00000003
      253     0.00000000     0.00000004
      254     0.00000000     0.00000004
      255     0.00000000     0.00000005
      256     0.00000000     0.00000005
      257     0.00000000     0.00000006
      258     0.00000000     0.00000006
      259     0.00000000     0.00000007
      260     0.00000000     0.00000007
      261     0.00000000     0.00000007
      262     0.00000000     0.00000007
      263     0.00000000     0.00000007
      264     0.00000000     0.00000006
      265     0.00000000     0.00000005
      266     0.00000000     0.00000004
      267     0.00000000     0.00000003
      268     0.00000000     0.00000001
      269     0.00000000     0.00000000
      270     0.00000000     0.00000000
      271     0.00000000     0.00000000
      272     0.00000000     0.00000000
      273     0.00000000     0.00000000
      274     0.00000000     0.00000000
      275     0.00000000     0.00000000
      276     0.00000000     0.00000000
      277     0.00000000     0.00000000
      278     0.00000000     0.00000002
      279     0.00000000     0.00000005
      280     0.00000000     0.00000007
      281     0.00000000     0.00000009
      282     0.00000000     0.00000011
      283     0.00000000     0.00000012
      284     0.00000000     0.00000012
      285     0.00000000     0.00000012
      286     0.00000000     0.00000011
      287     0.00000000     0.00000011
      288     0.00000000     0.00000010
      289     0.00000000     0.00000010
      290     0.00000000     0.00000009
      291     0.00000000     0.00000009
      292     0.00000000     0.00000009
      293     0.00000000     0.00000008
      294     0.00000000     0.00000008
      295     0.00000000     0.00000008
      296     0.00000000     0.00000008
      297     0.00000000     0.00000008
      298     0.00000000     0.00000009
      299     0.00000000     0.00000009
      300     0.00000000     0.00000009
