#    Step        Prob(0)        Prob(1)        Prob(2)        
        0    -0.00000000    -0.00000000     0.00000000
        1     0.00000001     0.00000136     0.00000000
        2     0.00000003     0.00000546     0.00000000
        3     0.00000000     0.00000659     0.00000000
        4     0.00000006     0.00000257     0.00000000
        5     0.00000006     0.00000000     0.00000000
        6     0.00000006     0.00000000     0.00000000
        7     0.00000008     0.00000000     0.00000000
        8     0.00000008     0.00000000     0.00000000
        9     0.00000012     0.00000389     0.00000000
       10     0.00000016     0.00002009     0.00000000
       11     0.00000024     0.00006496     0.00000000
       12     0.00000034     0.00018513     0.00000000
       13     0.00000044     0.00054710     0.00000000
       14     0.00000053     0.00190372     0.00000000
       15     0.00000059     0.00939953     0.00000000
       16     0.00000054     0.10771312     0.00000000
       17     0.00000087     0.99999913     0.00000000
       18     0.00000000     0.00000000     0.60601565
       19     0.00000157     0.00000000     0.00000000
       20     0.00000000     0.00000000     0.00000000
       21     0.00000061     0.00261684     0.00000000
       22     0.00000045     0.00582691     0.00000000
       23     0.00000025     0.00558716     0.00000000
       24     0.00000033     0.00432215     0.00000000
       25     0.00000033     0.00291959     0.00000000
       26     0.00000039     0.00168630     0.00000000
       27     0.00000005     0.00070714     0.00000000
       28     0.00000031     0.00000000     0.00000000
       29     0.00000038     0.00000000     0.00000000
       30     0.00000004     0.00000000     0.00000000
       31     0.00000022     0.00000000     0.00000000
       32     0.00000026     0.00000000     0.00000000
       33     0.00000012     0.00000000     0.00000000
       34     0.00000025     0.00089433     0.00000000
       35     0.00000026     0.00534801     0.00000000
       36     0.00000012     0.02357925     0.00000000
       37     0.00000022     0.14670699     0.00000000
       38     0.00000036     0.77873854     0.00000000
       39     0.00000011     0.00000000     0.00000000
       40     0.00000002     0.00000000     0.00000000
       41     0.00000000     0.00000000     0.00000000
       42     0.00000009     0.00000000     0.00000000
       43     0.00000016     0.00000000     0.00000000
       44     0.00000000     0.00000000     0.00000000
       45     0.00000000     0.00000000     0.00000000
       46     0.00000013     0.00000000     0.00000000
       47     0.00000008     0.00000000     0.00000000
       48     0.00000000     0.00000000     0.00000000
       49     0.00000005     0.00000000     0.00000000
       50     0.00000011     0.00000000     0.00000000
       51     0.00000006     0.00000000     0.00000000
       52     0.00000002     0.00000000     0.00000000
       53     0.00000008     0.00000000     0.00000000
       54     0.00000022     0.00000000     0.00000000
       55     0.00000019     0.00000000     0.00000000
       56     0.00000004     0.00000000     0.00000000
       57     0.00000000     0.00000000     0.00000000
       58     0.00000023     0.00000000     0.00000000
       59     0.00000040     0.00000000     0.00000000
       60     0.00000010     0.00000000     0.00001992
       61     0.00000000     0.00000000     0.00009411
       62     0.00000021     0.00000000     0.00015812
       63     0.00000033     0.00000000     0.00020609
       64     0.00000011     0.00000000     0.00023380
       65     0.00000000     0.00000000     0.00023907
       66     0.00000011     0.00000000     0.00022247
       67     0.00000024     0.00000000     0.00018715
       68     0.00000009     0.00000000     0.00013873
       69     0.00000000     0.00000000     0.00008460
       70     0.00000001     0.00000000     0.00003304
       71     0.00000017     0.00000000     0.00000000
       72     0.00000012     0.00000000     0.00000000
       73     0.00000000     0.00000000     0.00000000
       74     0.00000000     0.00000000     0.00000000
       75     0.00000000     0.00000000     0.00005030
       76     0.00000000     0.00000000     0.00009496
       77     0.00000013     0.00000000     0.00016766
       78     0.00000022     0.00000000     0.00024310
       79     0.00000012     0.00000000     0.00031072
       80     0.00000002     0.00000000     0.00036021
       81     0.00000012     0.00000000     0.00038278
       82     0.00000028     0.00000000     0.00037220
       83     0.00000032     0.00000000     0.00032580
       84     0.00000022     0.00000000     0.00024487
       85     0.00000020     0.00000000     0.00013466
       86     0.00000045     0.00000000     0.00000504
       87     0.00000049     0.00000000     0.00000000
       88     0.00000024     0.00000000     0.00000000
       89     0.00000014     0.00000000     0.00000000
       90     0.00000029     0.00000000     0.00000000
       91     0.00000048     0.00000000     0.00000000
       92     0.00000035     0.00000000     0.00000000
       93     0.00000000     0.00000000     0.00000000
       94     0.00000000     0.00000000     0.00000000
       95     0.00000000     0.00000000     0.00000000
       96     0.00000003     0.00000000     0.00000000
       97     0.00000005     0.00000000     0.00020066
       98     0.00000000     0.00000000     0.00045837
       99     0.00000000     0.00000000     0.00060705
      100     0.00000000     0.00000000     0.00081273
      101     0.00000036     0.00000000     0.00080852
      102     0.00000068     0.00000000     0.00082321
      103     0.00000075     0.00000000     0.00062577
      104     0.00000064     0.00000000     0.00038393
      105     0.00000057     0.00000000     0.00006511
      106     0.00000054     0.00000000     0.00000000
      107     0.00000065     0.00000000     0.00000000
      108     0.00000070     0.00000000     0.00000000
      109     0.00000046     0.00000000     0.00000000
      110     0.00000003     0.00000000     0.00000000
      111     0.00000000     0.00000000     0.00000000
      112     0.00000000     0.00000000     0.00000000
      113     0.00000000     0.00000000     0.00000000
      114     0.00000000     0.00000000     0.00030476
      115     0.00000017     0.00000000     0.00080716
      116     0.00000044     0.00000000     0.00115076
      117     0.00000041     0.00000000     0.00134061
      118     0.00000031     0.00000000     0.00130183
      119     0.00000044     0.00000000     0.00102470
      120     0.00000083     0.00000000     0.00054597
