#    Step        Prob(0)        Prob(1)        
        0    -0.00000000     0.00000000
        1     0.00000732     0.00000000
        2     0.00000000     0.00000000
        3     0.00001560     0.00000000
        4     0.00000628     0.00000000
        5     0.00000249     0.00000000
        6     0.00001984     0.00000000
        7     0.00000000     0.00000000
        8     0.00000213     0.00000000
        9     0.00000639     0.00000000
       10     0.00000000     0.00000000
       11     0.00000000     0.00000000
       12     0.00000366     0.00000000
       13     0.00000000     0.00000000
       14     0.00000000     0.00000000
       15     0.00000000     0.00000000
       16     0.00000000     0.00000000
       17     0.00000000     0.00000000
       18     0.00000000     0.00000000
       19     0.00000030     0.00000000
       20     0.00000397     0.00000000
       21     0.00000923     0.00000000
       22     0.00000171     0.00000000
       23     0.00000000     0.00000000
       24     0.00000767     0.00000000
       25     0.00000365     0.00000000
       26     0.00000000     0.00000000
       27     0.00000000     0.00000000
       28     0.00000225     0.00000000
       29     0.00000000     0.00000000
       30     0.00000000     0.00000000
       31     0.00000047     0.00000000
       32     0.00000000     0.00000000
       33     0.00000015     0.00000000
       34     0.00000000     0.00000000
       35     0.00000430     0.00000000
       36     0.00000000     0.00000000
       37     0.00000000     0.00000000
       38     0.00000599     0.00000000
       39     0.00000000     0.00000000
       40     0.00000000     0.00000000
       41     0.00000598     0.00000000
       42     0.00000000     0.00000000
       43     0.00000000     0.00000000
       44     0.00000672     0.00000000
       45     0.00000000     0.00000000
       46     0.00000000     0.00000000
       47     0.00000550     0.00000000
       48     0.00000234     0.00000000
       49     0.00000000     0.00000000
       50     0.00000000     0.00000000
       51     0.00000158     0.00000000
       52     0.00000000     0.00000000
       53     0.00000000     0.00000000
       54     0.00000000     0.00000000
       55     0.00000069     0.00000000
       56     0.00000426     0.00000000
       57     0.00001127     0.00000000
       58     0.00000640     0.00000000
       59     0.00000000     0.00000000
       60     0.00000497     0.00000000
       61     0.00001067     0.00000000
       62     0.00000000     0.00000000
       63     0.00000000     0.00000000
       64     0.00000526     0.00000000
       65     0.00000000     0.00000000
       66     0.00000000     0.00000000
       67     0.00000000     0.00000000
       68     0.00000000     0.00000000
       69     0.00000000     0.00000000
       70     0.00000000     0.00000000
       71     0.00000127     0.00000000
       72     0.00000573     0.00000000
       73     0.00000000     0.00000000
       74     0.00000608     0.00000000
       75     0.00000752     0.00000000
       76     0.00000000     0.00000000
       77     0.00000672     0.00000000
       78     0.00000457     0.00000000
       79     0.00000000     0.00000000
       80     0.00000366     0.00000000
       81     0.00000571     0.00000000
       82     0.00000000     0.00000000
       83     0.00000000     0.00000000
       84     0.00000840     0.00000000
       85     0.00000059     0.00000000
       86     0.00000000     0.00000000
       87     0.00000000     0.00000000
       88     0.00000334     0.00000000
       89     0.00000000     0.00000000
       90     0.00000000     0.00000000
       91     0.00000000     0.00000000
       92     0.00000000     0.00000000
       93     0.00000331     0.00000000
       94     0.00001134     0.00000000
       95     0.00001503     0.00000000
       96     0.00000489     0.00000000
       97     0.00000000     0.00000000
       98     0.00000506     0.00000000
       99     0.00000926     0.00000000
      100     0.00000000     0.00000000
      101     0.00000000     0.00000000
      102     0.00000235     0.00000000
      103     0.00000353     0.00000000
      104     0.00000000     0.00000000
      105     0.00000000     0.00000000
      106     0.00000470     0.00000000
      107     0.00000000     0.00000000
      108     0.00000000     0.00000000
      109     0.00000211     0.00000000
      110     0.00000000     0.00000000
      111     0.00000000     0.00000000
      112     0.00000013     0.00000000
      113     0.00000192     0.00000000
      114     0.00000222     0.00000000
      115     0.00000000     0.00000000
      116     0.00000903     0.00000000
      117     0.00000354     0.00000000
      118     0.00000000     0.00000000
      119     0.00001022     0.00000000
      120     0.00000534     0.00000000
      121     0.00000000     0.00000000
      122     0.00000402     0.00000000
      123     0.00000952     0.00000000
      124     0.00000000     0.00000000
      125     0.00000000     0.00000000
      126     0.00000250     0.00000000
      127     0.00000140     0.00000000
      128     0.00000000     0.00000000
      129     0.00000000     0.00000000
      130     0.00000000     0.00000000
      131     0.00000000     0.00000000
      132     0.00000209     0.00000000
      133     0.00000836     0.00000000
      134     0.00000791     0.00000000
      135     0.00000059     0.00000000
      136     0.00000217     0.00000000
      137     0.00001042     0.00000000
      138     0.00000406     0.00000000
      139     0.00000000     0.00000000
      140     0.00000000     0.00000000
      141     0.00000528     0.00000000
      142     0.00000000     0.00000000
      143     0.00000000     0.00000000
      144     0.00000002     0.00000000
      145     0.00000000     0.00000000
      146     0.00000000     0.00000000
      147     0.00000000     0.00000000
      148     0.00000000     0.00000000
      149     0.00000253     0.00000000
      150     0.00000349     0.00000000
      151     0.00000000     0.00000000
      152     0.00000921     0.00000000
      153     0.00001231     0.00000000
      154     0.00000000     0.00000000
      155     0.00000249     0.00000000
      156     0.00001653     0.00000000
      157     0.00001203     0.00000000
      158     0.00000000     0.00000000
      159     0.00000133     0.00000000
      160     0.00001628     0.00000000
      161     0.00002051     0.00000000
      162     0.00000834     0.00000000
      163     0.00000000     0.00000000
      164     0.00000000     0.00000000
      165     0.00000000     0.00000000
      166     0.00000000     0.00000000
      167     0.00000000     0.00000000
      168     0.00000000     0.00000000
      169     0.00000000     0.00000000
      170     0.00000000     0.00000000
      171     0.00000000     0.00000000
      172     0.00000000     0.00000000
      173     0.00000000     0.00000000
      174     0.00000058     0.00000000
      175     0.00000047     0.00000000
      176     0.00000000     0.00000000
      177     0.00000000     0.00000000
      178     0.00000000     0.00000000
      179     0.00000000     0.00000000
      180     0.00000010     0.00000000
      181     0.00000029     0.00000000
      182     0.00000013     0.00000000
      183     0.00000000     0.00000000
      184     0.00000044     0.00000000
      185     0.00000356     0.00000000
      186     0.00001421     0.00000000
      187     0.00004734     0.00000000
      188     0.00014219     0.00000000
      189     0.00038852     0.00000000
      190     0.00095693     0.00000000
      191     0.00213050     0.00000000
      192     0.00428048     0.00000000
      193     0.00769884     0.00000000
      194     0.01221278     0.00000000
      195     0.01677744     0.00000000
      196     0.01960436     0.00000000
      197     0.01909124     0.00000000
      198     0.01481187     0.00000000
      199     0.00770456     0.00000000
      200     0.00000000     0.00000000
      201     0.00000000     0.00000000
      202     0.00000000     0.00000000
      203     0.00000000     0.00000000
      204     0.00000000     0.00000000
      205     0.00000000     0.00000000
      206     0.00000000     0.00000000
      207     0.00000000     0.00000000
      208     0.00000000     0.00000000
      209     0.00055167     0.00000000
      210     0.00128608     0.00000000
      211     0.00110500     0.00000000
      212     0.00043955     0.00000000
      213     0.00000000     0.00000000
      214     0.00000000     0.00000000
      215     0.00000000     0.00000000
      216     0.00000000     0.00000000
      217     0.00386610     0.00000000
      218     0.10256721     0.00000000
      219     0.49841550     0.00000000
      220     0.41576275     0.00000000
      221     0.16760118     0.00000000
      222     0.03241299     0.00000000
      223     0.00000000     0.00000000
      224     0.00000000     0.00000000
      225     0.00000000     0.00000000
      226     0.00000000     0.00000000
      227     0.03025574     0.00000000
      228     0.05925497     0.00000000
      229     0.07422078     0.00000000
      230     0.06746631     0.00000000
      231     0.03817279     0.00000000
      232     0.00000000     0.00000000
      233     0.00000000     0.00000000
      234     0.00000000     0.00000000
      235     0.00000000     0.00000000
      236     0.00000000     0.00000000
      237     0.00000000     0.00000000
      238     0.01853478     0.00000000
      239     0.05548176     0.00000000
      240     0.09237741     0.00000000
      241     0.12509202     0.00000000
      242     0.14396717     0.00000000
      243     0.12993353     0.00000000
      244     0.05981192     0.00000000
      245     0.00000000     0.00000000
      246     0.00000000     0.00000000
      247     0.00000000     0.00000000
      248     0.00000000     0.00000000
      249     0.00000000     0.00000000
      250     0.00000000     0.00000000
      251     0.00000000     0.00000000
      252     0.00000000     0.00000000
      253     0.01347057     0.00000000
      254     0.03522515     0.00000000
      255     0.04026167     0.00000000
      256     0.03064256     0.00000000
      257     0.01438927     0.00000000
      258     0.00212121     0.00000000
      259     0.00088192     0.00000000
      260     0.01086382     0.00000000
      261     0.02631284     0.00000000
      262     0.03778978     0.00000000
      263     0.03487702     0.00000000
      264     0.01137452     0.00000000
      265     0.00000000     0.00000000
      266     0.00000000     0.00000000
      267     0.00000000     0.00000000
      268     0.00000000     0.00000000
      269     0.00000000     0.00000000
      270     0.00000000     0.00000000
      271     0.00690372     0.00000000
      272     0.03389601     0.00000000
      273     0.05498596     0.00000000
      274     0.06959407     0.00000000
      275     0.07739528     0.00000000
      276     0.07743203     0.00000000
      277     0.06813777     0.00000000
      278     0.04847549     0.00000000
      279     0.01965430     0.00000000
      280     0.00000000     0.00000000
      281     0.00000000     0.00000000
      282     0.00000000     0.00000000
      283     0.00000000     0.00000000
      284     0.00000000     0.00000000
      285     0.00000000     0.00000000
      286     0.00000000     0.00000000
      287     0.13947903     0.00000000
      288     0.22039150     0.00000000
      289     0.14236962     0.00000000
      290     0.11196690     0.00000000
      291     0.09060361     0.00000000
      292     0.06495715     0.00000000
      293     0.03028875     0.00000000
      294     0.00000000     0.00000000
      295     0.00000000     0.00000000
      296     0.00000000     0.00000000
      297     0.00000000     0.00000000
      298     0.00000000     0.00000000
      299     0.00000000     0.00000000
      300     0.00000000     0.00000000
      301     0.00000000     0.00000000
      302     0.00503358     0.00000000
      303     0.02244502     0.00000000
      304     0.02925046     0.00000000
      305     0.02557142     0.00000000
      306     0.00000000     0.00000000
      307     0.00000000     0.00000000
      308     0.00000000     0.01193469
      309     0.00000000     0.03115111
      310     0.00000000     0.02773722
      311     0.00000000     0.01323189
      312     0.00000000     0.00178996
      313     0.00000000     0.00000000
      314     0.00000000     0.00359873
      315     0.00000000     0.00556847
      316     0.00000000     0.00198231
      317     0.00000000     0.00000000
      318     0.00000000     0.00000000
      319     0.00000000     0.00000000
      320     0.00000000     0.00090510
      321     0.00000000     0.00000000
      322     0.00000000     0.00000000
      323     0.00000000     0.00710522
      324     0.00000000     0.00945515
      325     0.00000000     0.00000000
      326     0.00000000     0.00000000
      327     0.00000000     0.02268078
      328     0.00000000     0.01073168
      329     0.00000000     0.00000000
      330     0.00000000     0.01877993
      331     0.00000000     0.00984810
      332     0.00000000     0.00000000
      333     0.00000000     0.02065165
      334     0.00000000     0.00000000
      335     0.00000000     0.00449246
      336     0.00000000     0.00059345
      337     0.00000000     0.00000000
      338     0.00000000     0.00629150
      339     0.00000000     0.00000000
      340     0.00000000     0.00873834
      341     0.00000000     0.00000000
      342     0.00000000     0.00774866
      343     0.00000000     0.00000000
      344     0.00000000     0.00192783
      345     0.00000000     0.00190124
      346     0.00000000     0.00000000
      347     0.00000000     0.00547007
      348     0.00000000     0.00000000
      349     0.00000000     0.00000000
      350     0.00000000     0.00613121
      351     0.00000000     0.00000000
      352     0.00000000     0.00550952
      353     0.00000000     0.00000000
      354     0.00000000     0.00000000
      355     0.00000000     0.00000000
      356     0.00000000     0.01309196
      357     0.00000000     0.00000000
      358     0.00000000     0.01451148
      359     0.00000000     0.00000000
      360     0.00000000     0.00000000
      361     0.00000000     0.01729592
      362     0.00000000     0.00000000
      363     0.00000000     0.00198894
      364     0.00000000     0.00000000
      365     0.00000000     0.00512098
      366     0.00000000     0.00000000
      367     0.00000000     0.00925012
      368     0.00000000     0.00000000
      369     0.00000000     0.00000000
      370     0.00000000     0.00949617
      371     0.00000000     0.00000000
      372     0.00000000     0.00361404
      373     0.00000000     0.00017367
      374     0.00000000     0.00000000
      375     0.00000000     0.00000000
      376     0.00000000     0.00506435
      377     0.00000000     0.00000000
      378     0.00000000     0.01321673
      379     0.00000000     0.00000000
      380     0.00000000     0.01334387
      381     0.00000000     0.00000000
      382     0.00000000     0.00714297
      383     0.00000000     0.00000000
      384     0.00000000     0.00213335
      385     0.00000000     0.00000000
      386     0.00000000     0.00027529
      387     0.00000000     0.00016508
      388     0.00000000     0.00000000
      389     0.00000000     0.00097324
      390     0.00000000     0.00000000
      391     0.00000000     0.00152524
      392     0.00000000     0.00000000
      393     0.00000000     0.00145527
      394     0.00000000     0.00000000
      395     0.00000000     0.00088621
      396     0.00000000     0.00000000
      397     0.00000000     0.00034729
      398     0.00000000     0.00000000
      399     0.00000000     0.00006130
      400     0.00000000     0.00021470
      401     0.00000000     0.00000000
      402     0.00000000     0.00198865
      403     0.00000000     0.00000000
      404     0.00000000     0.00601860
      405     0.00000000     0.00000000
      406     0.00000000     0.00950121
      407     0.00000000     0.00000000
      408     0.00000000     0.00579608
      409     0.00000000     0.00000000
      410     0.00000000     0.00000000
      411     0.00000000     0.00230292
      412     0.00000000     0.00567842
      413     0.00000000     0.00000000
      414     0.00000000     0.02393120
      415     0.00000000     0.00000000
      416     0.00000000     0.00000000
      417     0.00000000     0.01692529
      418     0.00000000     0.00000000
      419     0.00000000     0.00341700
      420     0.00000000     0.00487631
      421     0.00000000     0.00000000
      422     0.00000000     0.00000000
      423     0.00000000     0.00000000
      424     0.00000000     0.00963443
      425     0.00000000     0.00000000
      426     0.00000000     0.00000000
      427     0.00000000     0.01475698
      428     0.00000000     0.00000000
      429     0.00000000     0.00138191
      430     0.00000000     0.00639944
      431     0.00000000     0.00000000
      432     0.00000000     0.00361483
      433     0.00000000     0.00000000
      434     0.00000000     0.00000000
      435     0.00000000     0.00125129
      436     0.00000000     0.00000000
      437     0.00000000     0.00694251
      438     0.00000000     0.00000000
      439     0.00000000     0.01206860
      440     0.00000000     0.00000000
      441     0.00000000     0.01338462
      442     0.00000000     0.00000000
      443     0.00000000     0.01373012
      444     0.00000000     0.00000000
      445     0.00000000     0.01713153
      446     0.00000000     0.00000000
      447     0.00000000     0.02257301
      448     0.00000000     0.00000000
      449     0.00000000     0.01922077
      450     0.00000000     0.00000000
      451     0.00000000     0.00879421
      452     0.00000000     0.00000000
      453     0.00000000     0.00073712
      454     0.00000000     0.00060476
      455     0.00000000     0.00000000
      456     0.00000000     0.00173354
      457     0.00000000     0.00000000
      458     0.00000000     0.00380643
      459     0.00000000     0.00000000
      460     0.00000000     0.00000000
      461     0.00000000     0.00977101
      462     0.00000000     0.00000000
      463     0.00000000     0.00515187
      464     0.00000000     0.00309788
      465     0.00000000     0.00000000
      466     0.00000000     0.00344007
      467     0.00000000     0.00023176
      468     0.00000000     0.00214430
      469     0.00000000     0.00000000
      470     0.00000000     0.01269362
      471     0.00000000     0.00000000
      472     0.00000000     0.00000000
      473     0.00000000     0.02248187
      474     0.00000000     0.00000000
      475     0.00000000     0.01408547
      476     0.00000000     0.00133016
      477     0.00000000     0.00000000
      478     0.00000000     0.01906705
      479     0.00000000     0.00000000
      480     0.00000000     0.01352283
      481     0.00000000     0.00000000
      482     0.00000000     0.00591012
      483     0.00000000     0.00000000
      484     0.00000000     0.00240049
      485     0.00000000     0.00000000
      486     0.00000000     0.00082316
      487     0.00000000     0.00000000
      488     0.00000000     0.00000000
      489     0.00000000     0.00015629
      490     0.00000000     0.00070796
      491     0.00000000     0.00000000
      492     0.00000000     0.00648836
      493     0.00000000     0.00000000
      494     0.00000000     0.01962849
      495     0.00000000     0.00000000
      496     0.00000000     0.02651683
      497     0.00000000     0.00000000
      498     0.00000000     0.00275459
      499     0.00000000     0.01186791
      500     0.00000000     0.00000000
      501     0.00000000     0.01234175
      502     0.00000000     0.00000000
      503     0.00000000     0.00000000
      504     0.00000000     0.00076048
      505     0.00000000     0.00134198
      506     0.00000000     0.00069705
      507     0.00000000     0.00000000
      508     0.00000000     0.00269488
      509     0.00000000     0.00051913
      510     0.00000000     0.00000000
      511     0.00000000     0.00000000
      512     0.00000000     0.00000000
      513     0.00000000     0.00835770
      514     0.00000000     0.00000000
      515     0.00000000     0.00000000
      516     0.00000000     0.01253057
      517     0.00000000     0.00187169
      518     0.00000000     0.00000000
      519     0.00000000     0.00713063
      520     0.00000000     0.00738854
      521     0.00000000     0.00000000
      522     0.00000000     0.00000000
      523     0.00000000     0.00406585
      524     0.00000000     0.00000000
      525     0.00000000     0.00000000
      526     0.00000000     0.00000000
      527     0.00000000     0.00084080
      528     0.00000000     0.00169850
      529     0.00000000     0.00000000
      530     0.00000000     0.00137070
      531     0.00000000     0.00322931
      532     0.00000000     0.00000000
      533     0.00000000     0.00630584
      534     0.00000000     0.00498393
      535     0.00000000     0.00000000
      536     0.00000000     0.03212891
      537     0.00000000     0.00000000
      538     0.00000000     0.00000000
      539     0.00000000     0.03729762
      540     0.00000000     0.00000000
      541     0.00000000     0.05246809
      542     0.00000000     0.00000000
      543     0.00000000     0.02596637
      544     0.00000000     0.00000000
      545     0.00000000     0.00619794
      546     0.00000000     0.00000000
      547     0.00000000     0.00000000
      548     0.00000000     0.00297061
      549     0.00000000     0.00000000
      550     0.00000000     0.00049647
      551     0.00000000     0.00216374
      552     0.00000000     0.00000000
      553     0.00000000     0.00671930
      554     0.00000000     0.00000000
      555     0.00000000     0.00747506
      556     0.00000000     0.00000000
      557     0.00000000     0.00443598
      558     0.00000000     0.00000000
      559     0.00000000     0.00000000
      560     0.00000000     0.00319299
      561     0.00000000     0.00000000
      562     0.00000000     0.00929833
      563     0.00000000     0.00000000
      564     0.00000000     0.01444193
      565     0.00000000     0.00000000
      566     0.00000000     0.00636828
      567     0.00000000     0.00434734
      568     0.00000000     0.00000000
      569     0.00000000     0.02242827
      570     0.00000000     0.00000000
      571     0.00000000     0.01462588
      572     0.00000000     0.00000000
      573     0.00000000     0.00000000
      574     0.00000000     0.00000000
      575     0.00000000     0.00762172
      576     0.00000000     0.00000000
      577     0.00000000     0.02901317
      578     0.00000000     0.00000000
      579     0.00000000     0.03559676
      580     0.00000000     0.00000000
      581     0.00000000     0.02175653
      582     0.00000000     0.00000000
      583     0.00000000     0.00409930
      584     0.00000000     0.00149322
      585     0.00000000     0.00000000
      586     0.00000000     0.00256243
      587     0.00000000     0.00129244
      588     0.00000000     0.00000000
      589     0.00000000     0.01390511
      590     0.00000000     0.00000000
      591     0.00000000     0.02997588
      592     0.00000000     0.00000000
      593     0.00000000     0.04599772
      594     0.00000000     0.00000000
      595     0.00000000     0.05019474
      596     0.00000000     0.00000000
      597     0.00000000     0.03402557
      598     0.00000000     0.00000000
      599     0.00000000     0.00875454
      600     0.00000000     0.00000000
