#     Density Matrix: population Re; see the manual for detail orders
        0     0.00000000     1.00000000
        1     0.00000000     1.00000000
        2     0.00000000     1.00000000
        3     0.00000000     1.00000000
        4     0.00000001     0.99999999
        5     0.00000000     1.00000000
        6     0.00000001     0.99999999
        7     0.00000001     0.99999999
        8     0.00000001     0.99999999
        9     0.00000001     0.99999999
       10     0.00000001     0.99999999
       11     0.00000002     0.99999998
       12     0.00000001     0.99999999
       13     0.00000001     0.99999999
       14     0.00000001     0.99999999
       15     0.00000001     0.99999999
       16     0.00000424     0.99999576
       17     0.00000564     0.99999436
       18     0.00000240     0.99999760
       19     0.00001295     0.99998705
       20     0.00000022     0.99999978
       21     0.00001843     0.99998157
       22     0.00000574     0.99999426
       23     0.00001262     0.99998738
       24     0.00002198     0.99997802
       25     0.00000293     0.99999707
       26     0.00002692     0.99997308
       27     0.00001626     0.99998374
       28     0.00000774     0.99999226
       29     0.00003254     0.99996746
       30     0.00001458     0.99998542
       31     0.00000989     0.99999011
       32     0.00003468     0.99996532
       33     0.00001916     0.99998084
       34     0.00000734     0.99999266
       35     0.00003179     0.99996821
       36     0.00002930     0.99997070
       37     0.00000663     0.99999337
       38     0.00001833     0.99998167
       39     0.00003519     0.99996481
       40     0.00001844     0.99998156
       41     0.00000478     0.99999522
       42     0.00002087     0.99997913
       43     0.00003080     0.99996920
       44     0.00001429     0.99998571
       45     0.00000312     0.99999688
       46     0.00001583     0.99998417
       47     0.00002644     0.99997356
       48     0.00001552     0.99998448
       49     0.00000221     0.99999779
       50     0.00000753     0.99999247
       51     0.00002028     0.99997972
       52     0.00001889     0.99998111
       53     0.00000590     0.99999410
       54     0.00000100     0.99999900
       55     0.00000983     0.99999017
       56     0.00001768     0.99998232
       57     0.00001297     0.99998703
       58     0.00000279     0.99999721
       59     0.00000077     0.99999923
       60     0.00000801     0.99999199
       61     0.00001348     0.99998652
       62     0.00000998     0.99999002
       63     0.00000256     0.99999744
       64     0.00000024     0.99999976
       65     0.00000439     0.99999561
       66     0.00000855     0.99999145
       67     0.00000768     0.99999232
       68     0.00000363     0.99999637
       69     0.00000127     0.99999873
       70     0.00000210     0.99999790
       71     0.00000372     0.99999628
       72     0.00000409     0.99999591
       73     0.00000392     0.99999608
       74     0.00000441     0.99999559
       75     0.00000470     0.99999530
       76     0.00000326     0.99999674
       77     0.00000109     0.99999891
       78     0.00000147     0.99999853
       79     0.00000576     0.99999424
       80     0.00001051     0.99998949
       81     0.00001058     0.99998942
       82     0.00000530     0.99999470
       83     0.00000039     0.99999961
       84     0.00000231     0.99999769
       85     0.00001092     0.99998908
       86     0.00001861     0.99998139
       87     0.00001784     0.99998216
       88     0.00000931     0.99999069
       89     0.00000194     0.99999806
       90     0.00000414     0.99999586
       91     0.00001504     0.99998496
       92     0.00002490     0.99997510
       93     0.00002452     0.99997548
       94     0.00001440     0.99998560
       95     0.00000439     0.99999561
       96     0.00000434     0.99999566
       97     0.00001471     0.99998529
       98     0.00002615     0.99997385
       99     0.00002833     0.99997167
      100     0.00001941     0.99998059
      101     0.00000750     0.99999250
      102     0.00000318     0.99999682
      103     0.00001006     0.99998994
      104     0.00002193     0.99997807
      105     0.00002851     0.99997149
      106     0.00002432     0.99997568
      107     0.00001304     0.99998696
      108     0.00000399     0.99999601
      109     0.00000433     0.99999567
      110     0.00001349     0.99998651
      111     0.00002410     0.99997590
      112     0.00002799     0.99997201
      113     0.00002244     0.99997756
      114     0.00001179     0.99998821
      115     0.00000392     0.99999608
      116     0.00000447     0.99999553
      117     0.00001307     0.99998693
      118     0.00002404     0.99997596
      119     0.00003039     0.99996961
      120     0.00002837     0.99997163
      121     0.00001963     0.99998037
      122     0.00000981     0.99999019
      123     0.00000505     0.99999495
      124     0.00000850     0.99999150
      125     0.00001881     0.99998119
      126     0.00003121     0.99996879
      127     0.00004012     0.99995988
      128     0.00004194     0.99995806
      129     0.00003661     0.99996339
      130     0.00002737     0.99997263
      131     0.00001933     0.99998067
      132     0.00001746     0.99998254
      133     0.00002508     0.99997492
      134     0.00004305     0.99995695
      135     0.00007000     0.99993000
      136     0.00010327     0.99989673
      137     0.00014024     0.99985976
      138     0.00017998     0.99982002
      139     0.00022486     0.99977514
      140     0.00028253     0.99971747
      141     0.00036827     0.99963173
      142     0.00050876     0.99949124
      143     0.00074818     0.99925182
      144     0.00115881     0.99884119
      145     0.00185940     0.99814060
      146     0.00304750     0.99695250
      147     0.00505422     0.99494578
      148     0.00843317     0.99156683
      149     0.01409107     0.98590893
      150     0.02343816     0.97656184
      151     0.03844347     0.96155653
      152     0.06130386     0.93869614
      153     0.09335817     0.90664183
      154     0.13345232     0.86654768
      155     0.17719603     0.82280397
      156     0.21851744     0.78148256
      157     0.25245521     0.74754479
      158     0.27672737     0.72327263
      159     0.29144671     0.70855329
      160     0.29808142     0.70191858
      161     0.29859330     0.70140670
      162     0.29496357     0.70503643
      163     0.28898845     0.71101155
      164     0.28220651     0.71779349
      165     0.27587762     0.72412238
      166     0.27097905     0.72902095
      167     0.26820684     0.73179316
      168     0.26798017     0.73201983
      169     0.27044823     0.72955177
      170     0.27549828     0.72450172
      171     0.28276155     0.71723845
      172     0.29161114     0.70838886
      173     0.30114552     0.69885448
      174     0.31015691     0.68984309
      175     0.31711314     0.68288686
      176     0.32027353     0.67972647
      177     0.31822793     0.68177207
      178     0.31103688     0.68896312
      179     0.30085038     0.69914962
      180     0.29014811     0.70985189
      181     0.27967090     0.72032910
      182     0.26908203     0.73091797
      183     0.25832440     0.74167560
      184     0.24784861     0.75215139
      185     0.23834241     0.76165759
      186     0.23054281     0.76945719
      187     0.22518753     0.77481247
      188     0.22304503     0.77695497
      189     0.22499116     0.77500884
      190     0.23213382     0.76786618
      191     0.24601093     0.75398907
      192     0.26890275     0.73109725
      193     0.30427248     0.69572752
      194     0.35709060     0.64290940
      195     0.43285217     0.56714783
      196     0.53204653     0.46795347
      197     0.64034448     0.35965552
      198     0.73151319     0.26848681
      199     0.80468035     0.19531965
      200     0.84176936     0.15823064
      201     0.84657009     0.15342991
      202     0.84052098     0.15947902
      203     0.83187806     0.16812194
      204     0.82412720     0.17587280
      205     0.81888005     0.18111995
      206     0.81661948     0.18338052
      207     0.81679405     0.18320595
      208     0.81789957     0.18210043
      209     0.81792726     0.18207274
      210     0.81533172     0.18466828
      211     0.81023855     0.18976145
      212     0.80505107     0.19494893
      213     0.80341305     0.19658695
      214     0.80735227     0.19264773
      215     0.81445473     0.18554527
      216     0.81847113     0.18152887
      217     0.81489186     0.18510814
      218     0.80707961     0.19292039
      219     0.80443684     0.19556316
      220     0.81093869     0.18906131
      221     0.81761615     0.18238385
      222     0.81386308     0.18613692
      223     0.80546743     0.19453257
      224     0.80753339     0.19246661
      225     0.81669927     0.18330073
      226     0.81434807     0.18565193
      227     0.80474165     0.19525835
      228     0.80980691     0.19019309
      229     0.81861266     0.18138734
      230     0.80826823     0.19173177
      231     0.80436187     0.19563813
      232     0.82044087     0.17955913
      233     0.81040917     0.18959083
      234     0.79755734     0.20244266
      235     0.82898584     0.17101416
      236     0.81164627     0.18835373
      237     0.80080537     0.19919463
      238     0.81852190     0.18147810
      239     0.80732102     0.19267898
      240     0.81063802     0.18936198
      241     0.81266560     0.18733440
      242     0.80848987     0.19151013
      243     0.81251223     0.18748777
      244     0.80983760     0.19016240
      245     0.81089544     0.18910456
      246     0.81118482     0.18881518
      247     0.81005110     0.18994890
      248     0.81152444     0.18847556
      249     0.81011369     0.18988631
      250     0.81120458     0.18879542
      251     0.81055521     0.18944479
      252     0.81075043     0.18924957
      253     0.81094835     0.18905165
      254     0.81046096     0.18953904
      255     0.81111801     0.18888199
      256     0.81040866     0.18959134
      257     0.81106862     0.18893138
      258     0.81053667     0.18946333
      259     0.81088958     0.18911042
      260     0.81074076     0.18925924
      261     0.81068707     0.18931293
      262     0.81091929     0.18908071
      263     0.81055053     0.18944947
      264     0.81100145     0.18899855
      265     0.81052756     0.18947244
      266     0.81096532     0.18903468
      267     0.81061586     0.18938414
      268     0.81083755     0.18916245
      269     0.81076591     0.18923409
      270     0.81068523     0.18931477
      271     0.81090008     0.18909992
      272     0.81058743     0.18941257
      273     0.81094825     0.18905175
      274     0.81059490     0.18940510
      275     0.81088786     0.18911214
      276     0.81069678     0.18930322
      277     0.81076318     0.18923682
      278     0.81082152     0.18917848
      279     0.81066094     0.18933906
      280     0.81088368     0.18911632
      281     0.81064760     0.18935240
      282     0.81085047     0.18914953
      283     0.81071457     0.18928543
      284     0.81076988     0.18923012
      285     0.81078684     0.18921316
      286     0.81072359     0.18927641
      287     0.81079898     0.18920102
      288     0.81074190     0.18925810
      289     0.81076446     0.18923554
      290     0.81077285     0.18922715
      291     0.81075519     0.18924481
      292     0.81075102     0.18924898
      293     0.81080446     0.18919554
      294     0.81069094     0.18930906
      295     0.81085069     0.18914931
      296     0.81068279     0.18931721
      297     0.81080603     0.18919397
      298     0.81077874     0.18922126
      299     0.81067811     0.18932189
      300     0.81090574     0.18909426
