#    Step        Prob(0)        Prob(1)        
        0    -0.00000000     0.00000000
        1     0.00000000     0.00000000
        2     0.00000000     0.00000000
        3     0.00000001     0.00000000
        4     0.00000000     0.00000000
        5     0.00000000     0.00000000
        6     0.00000000     0.00000000
        7     0.00000000     0.00000000
        8     0.00000001     0.00000000
        9     0.00000000     0.00000000
       10     0.00000001     0.00000000
       11     0.00000000     0.00000000
       12     0.00000000     0.00000000
       13     0.00000001     0.00000000
       14     0.00000000     0.00000000
       15     0.00000001     0.00000000
       16     0.00001262     0.00000000
       17     0.00000000     0.00000000
       18     0.00001277     0.00000000
       19     0.00000000     0.00000000
       20     0.00000187     0.00000000
       21     0.00001275     0.00000000
       22     0.00000000     0.00000000
       23     0.00002957     0.00000000
       24     0.00000000     0.00000000
       25     0.00000481     0.00000000
       26     0.00001970     0.00000000
       27     0.00000000     0.00000000
       28     0.00002115     0.00000000
       29     0.00000768     0.00000000
       30     0.00000000     0.00000000
       31     0.00002265     0.00000000
       32     0.00000926     0.00000000
       33     0.00000000     0.00000000
       34     0.00001290     0.00000000
       35     0.00002075     0.00000000
       36     0.00000000     0.00000000
       37     0.00000000     0.00000000
       38     0.00002547     0.00000000
       39     0.00000000     0.00000000
       40     0.00000000     0.00000000
       41     0.00000315     0.00000000
       42     0.00002108     0.00000000
       43     0.00000000     0.00000000
       44     0.00000000     0.00000000
       45     0.00000216     0.00000000
       46     0.00001772     0.00000000
       47     0.00000000     0.00000000
       48     0.00000000     0.00000000
       49     0.00000000     0.00000000
       50     0.00001327     0.00000000
       51     0.00000789     0.00000000
       52     0.00000000     0.00000000
       53     0.00000000     0.00000000
       54     0.00000321     0.00000000
       55     0.00001148     0.00000000
       56     0.00000197     0.00000000
       57     0.00000000     0.00000000
       58     0.00000000     0.00000000
       59     0.00000386     0.00000000
       60     0.00000844     0.00000000
       61     0.00000114     0.00000000
       62     0.00000000     0.00000000
       63     0.00000000     0.00000000
       64     0.00000157     0.00000000
       65     0.00000545     0.00000000
       66     0.00000193     0.00000000
       67     0.00000000     0.00000000
       68     0.00000000     0.00000000
       69     0.00000000     0.00000000
       70     0.00000176     0.00000000
       71     0.00000110     0.00000000
       72     0.00000000     0.00000000
       73     0.00000010     0.00000000
       74     0.00000070     0.00000000
       75     0.00000000     0.00000000
       76     0.00000000     0.00000000
       77     0.00000000     0.00000000
       78     0.00000251     0.00000000
       79     0.00000544     0.00000000
       80     0.00000308     0.00000000
       81     0.00000000     0.00000000
       82     0.00000000     0.00000000
       83     0.00000000     0.00000000
       84     0.00000605     0.00000000
       85     0.00000975     0.00000000
       86     0.00000422     0.00000000
       87     0.00000000     0.00000000
       88     0.00000000     0.00000000
       89     0.00000000     0.00000000
       90     0.00000764     0.00000000
       91     0.00001235     0.00000000
       92     0.00000566     0.00000000
       93     0.00000000     0.00000000
       94     0.00000000     0.00000000
       95     0.00000000     0.00000000
       96     0.00000608     0.00000000
       97     0.00001293     0.00000000
       98     0.00000805     0.00000000
       99     0.00000000     0.00000000
      100     0.00000000     0.00000000
      101     0.00000000     0.00000000
      102     0.00000156     0.00000000
      103     0.00001105     0.00000000
      104     0.00001081     0.00000000
      105     0.00000136     0.00000000
      106     0.00000000     0.00000000
      107     0.00000000     0.00000000
      108     0.00000000     0.00000000
      109     0.00000556     0.00000000
      110     0.00001143     0.00000000
      111     0.00000831     0.00000000
      112     0.00000000     0.00000000
      113     0.00000000     0.00000000
      114     0.00000000     0.00000000
      115     0.00000000     0.00000000
      116     0.00000517     0.00000000
      117     0.00001101     0.00000000
      118     0.00000968     0.00000000
      119     0.00000235     0.00000000
      120     0.00000000     0.00000000
      121     0.00000000     0.00000000
      122     0.00000000     0.00000000
      123     0.00000000     0.00000000
      124     0.00000746     0.00000000
      125     0.00001231     0.00000000
      126     0.00001150     0.00000000
      127     0.00000569     0.00000000
      128     0.00000000     0.00000000
      129     0.00000000     0.00000000
      130     0.00000000     0.00000000
      131     0.00000000     0.00000000
      132     0.00000252     0.00000000
      133     0.00001284     0.00000000
      134     0.00002281     0.00000000
      135     0.00003055     0.00000000
      136     0.00003541     0.00000000
      137     0.00003822     0.00000000
      138     0.00004146     0.00000000
      139     0.00004935     0.00000000
      140     0.00006819     0.00000000
      141     0.00010720     0.00000000
      142     0.00018021     0.00000000
      143     0.00030909     0.00000000
      144     0.00052932     0.00000000
      145     0.00090082     0.00000000
      146     0.00152592     0.00000000
      147     0.00257893     0.00000000
      148     0.00435050     0.00000000
      149     0.00729963     0.00000000
      150     0.01206990     0.00000000
      151     0.01933924     0.00000000
      152     0.02927336     0.00000000
      153     0.04054432     0.00000000
      154     0.04981615     0.00000000
      155     0.05318872     0.00000000
      156     0.04905732     0.00000000
      157     0.03911312     0.00000000
      158     0.02665571     0.00000000
      159     0.01458003     0.00000000
      160     0.00458874     0.00000000
      161     0.00000000     0.00000000
      162     0.00000000     0.00000000
      163     0.00000000     0.00000000
      164     0.00000000     0.00000000
      165     0.00000000     0.00000000
      166     0.00000000     0.00000000
      167     0.00000000     0.00000000
      168     0.00150005     0.00000000
      169     0.00515777     0.00000000
      170     0.00853821     0.00000000
      171     0.01131233     0.00000000
      172     0.01310721     0.00000000
      173     0.01347378     0.00000000
      174     0.01187436     0.00000000
      175     0.00777506     0.00000000
      176     0.00105304     0.00000000
      177     0.00000000     0.00000000
      178     0.00000000     0.00000000
      179     0.00000000     0.00000000
      180     0.00000000     0.00000000
      181     0.00000000     0.00000000
      182     0.00000000     0.00000000
      183     0.00000000     0.00000000
      184     0.00000000     0.00000000
      185     0.00000000     0.00000000
      186     0.00000000     0.00000000
      187     0.00000000     0.00000000
      188     0.00000000     0.00000000
      189     0.00552803     0.00000000
      190     0.01314833     0.00000000
      191     0.02351080     0.00000000
      192     0.03845218     0.00000000
      193     0.06134960     0.00000000
      194     0.09795446     0.00000000
      195     0.15566188     0.00000000
      196     0.23284071     0.00000000
      197     0.29447455     0.00000000
      198     0.28402009     0.00000000
      199     0.00000000     0.00000000
      200     0.00000000     0.00000000
      201     0.00000000     0.00308476
      202     0.00000000     0.00950137
      203     0.00000000     0.01009981
      204     0.00000000     0.00791718
      205     0.00000000     0.00445263
      206     0.00000000     0.00097821
      207     0.00000000     0.00000000
      208     0.00000000     0.00000000
      209     0.00000000     0.00138666
      210     0.00000000     0.00499120
      211     0.00000000     0.00706721
      212     0.00000000     0.00497793
      213     0.00000000     0.00000000
      214     0.00000000     0.00000000
      215     0.00000000     0.00000000
      216     0.00000000     0.00000000
      217     0.00000000     0.00861870
      218     0.00000000     0.00843369
      219     0.00000000     0.00000000
      220     0.00000000     0.00000000
      221     0.00000000     0.00000000
      222     0.00000000     0.01065690
      223     0.00000000     0.00615318
      224     0.00000000     0.00000000
      225     0.00000000     0.00000000
      226     0.00000000     0.01196761
      227     0.00000000     0.00559367
      228     0.00000000     0.00000000
      229     0.00000000     0.00040492
      230     0.00000000     0.01806276
      231     0.00000000     0.00000000
      232     0.00000000     0.00000000
      233     0.00000000     0.03192838
      234     0.00000000     0.00000000
      235     0.00000000     0.00000000
      236     0.00000000     0.04902596
      237     0.00000000     0.00000000
      238     0.00000000     0.00000000
      239     0.00000000     0.01138153
      240     0.00000000     0.00000000
      241     0.00000000     0.00771504
      242     0.00000000     0.00000000
      243     0.00000000     0.00000000
      244     0.00000000     0.00358196
      245     0.00000000     0.00000000
      246     0.00000000     0.00318793
      247     0.00000000     0.00000000
      248     0.00000000     0.00056187
      249     0.00000000     0.00054659
      250     0.00000000     0.00000000
      251     0.00000000     0.00163053
      252     0.00000000     0.00000000
      253     0.00000000     0.00137792
      254     0.00000000     0.00000000
      255     0.00000000     0.00047484
      256     0.00000000     0.00000592
      257     0.00000000     0.00000000
      258     0.00000000     0.00073436
      259     0.00000000     0.00000000
      260     0.00000000     0.00097600
      261     0.00000000     0.00000000
      262     0.00000000     0.00073408
      263     0.00000000     0.00000000
      264     0.00000000     0.00019544
      265     0.00000000     0.00009991
      266     0.00000000     0.00000000
      267     0.00000000     0.00057214
      268     0.00000000     0.00000000
      269     0.00000000     0.00072089
      270     0.00000000     0.00000000
      271     0.00000000     0.00049369
      272     0.00000000     0.00000000
      273     0.00000000     0.00003211
      274     0.00000000     0.00020229
      275     0.00000000     0.00000000
      276     0.00000000     0.00050213
      277     0.00000000     0.00000000
      278     0.00000000     0.00045557
      279     0.00000000     0.00000000
      280     0.00000000     0.00014007
      281     0.00000000     0.00003643
      282     0.00000000     0.00000000
      283     0.00000000     0.00025292
      284     0.00000000     0.00000000
      285     0.00000000     0.00020771
      286     0.00000000     0.00000000
      287     0.00000000     0.00004244
      288     0.00000000     0.00000745
      289     0.00000000     0.00000000
      290     0.00000000     0.00000000
      291     0.00000000     0.00008547
      292     0.00000000     0.00000000
      293     0.00000000     0.00011942
      294     0.00000000     0.00000000
      295     0.00000000     0.00000000
      296     0.00000000     0.00023995
      297     0.00000000     0.00000000
      298     0.00000000     0.00043616
      299     0.00000000     0.00000000
      300     0.00000000     0.00023043
