#     Density Matrix: coherence Re-Im; see the manual for detail orders
        0     0.00000000     0.00000000
        1     0.00006759    -0.00021928
        2    -0.00006949    -0.00011880
        3     0.00008274    -0.00016082
        4    -0.00004247    -0.00022015
        5     0.00002760    -0.00013951
        6     0.00001598    -0.00023966
        7    -0.00001676    -0.00017122
        8     0.00003501    -0.00020471
        9    -0.00001295    -0.00020150
       10     0.00001706    -0.00017765
       11     0.00000596    -0.00019603
       12     0.00000176    -0.00017034
       13     0.00001105    -0.00017281
       14     0.00000019    -0.00016399
       15     0.00000617    -0.00015342
       16     0.00000329    -0.00015249
       17     0.00000202    -0.00014330
       18     0.00000500    -0.00014252
       19     0.00000254    -0.00014190
       20     0.00000537    -0.00014224
       21     0.00000631    -0.00014935
       22     0.00000705    -0.00015588
       23     0.00001052    -0.00016778
       24     0.00001140    -0.00018260
       25     0.00001456    -0.00019891
       26     0.00001761    -0.00022036
       27     0.00001999    -0.00024334
       28     0.00002405    -0.00026998
       29     0.00002726    -0.00030070
       30     0.00003102    -0.00033444
       31     0.00003528    -0.00037339
       32     0.00003920    -0.00041738
       33     0.00004379    -0.00046744
       34     0.00004850    -0.00052525
       35     0.00005348    -0.00059162
       36     0.00005925    -0.00066864
       37     0.00006569    -0.00075838
       38     0.00007354    -0.00086311
       39     0.00008363    -0.00098623
       40     0.00009703    -0.00113180
       41     0.00011578    -0.00130556
       42     0.00014270    -0.00151619
       43     0.00018196    -0.00177676
       44     0.00024066    -0.00210824
       45     0.00033062    -0.00254596
       46     0.00047463    -0.00315190
       47     0.00072192    -0.00404581
       48     0.00119728    -0.00548830
       49     0.00230681    -0.00817446
       50     0.00610083    -0.01480567
       51     0.02356265    -0.03854179
       52    -0.01105151    -0.05165305
       53    -0.01982743     0.00177091
       54     0.01292459     0.00099204
       55     0.00390748    -0.01713362
       56    -0.00694007    -0.00657668
       57     0.00116451    -0.00028532
       58     0.00399187    -0.00593885
       59    -0.00038618    -0.00695868
       60    -0.00107309    -0.00359427
       61     0.00108403    -0.00294817
       62     0.00139775    -0.00424644
       63     0.00034956    -0.00435733
       64     0.00003962    -0.00347463
       65     0.00048428    -0.00300692
       66     0.00074435    -0.00311052
       67     0.00057838    -0.00318468
       68     0.00033023    -0.00296354
       69     0.00023340    -0.00260883
       70     0.00023167    -0.00230128
       71     0.00018711    -0.00205022
       72     0.00003996    -0.00176682
       73    -0.00018951    -0.00137701
       74    -0.00046337    -0.00085717
       75    -0.00077193    -0.00021055
       76    -0.00113479     0.00056716
       77    -0.00158235     0.00149853
       78    -0.00214811     0.00262252
       79    -0.00286678     0.00398927
       80    -0.00377831     0.00565698
       81    -0.00493445     0.00769246
       82    -0.00640579     0.01017461
       83    -0.00828886     0.01319932
       84    -0.01071398     0.01688492
       85    -0.01385447     0.02137774
       86    -0.01794315     0.02685835
       87    -0.02326945     0.03354751
       88    -0.03018641     0.04170351
       89    -0.03911717     0.05162478
       90    -0.05051082     0.06364435
       91    -0.06474835     0.07811239
       92    -0.08195921     0.09536278
       93    -0.10173043     0.11565856
       94    -0.12275843     0.13911287
       95    -0.14261513     0.16558664
       96    -0.15792132     0.19457260
       97    -0.16500202     0.22508645
       98    -0.21337680     0.33913948
       99    -0.19380719     0.42131796
      100    -0.11895837     0.47788723
      101     0.00428883     0.49989929
      102     0.15348906     0.47311657
      103     0.30177980     0.38562452
      104     0.41580872     0.23553491
      105     0.45986087     0.03908676
      106     0.40748323    -0.16514144
      107     0.25737344    -0.32169231
      108     0.04511779    -0.37652208
      109    -0.15994503    -0.30390965
      110    -0.27892536    -0.12884576
      111    -0.26282814     0.07232999
      112    -0.12698493     0.20331301
      113     0.04642754     0.20214317
      114     0.15218515     0.08598451
      115     0.13288229    -0.05331001
      116     0.02410089    -0.11387994
      117    -0.07325089    -0.06505978
      118    -0.08111630     0.02858948
      119    -0.01423567     0.07246141
      120     0.04314523     0.03748200
      121     0.03427859    -0.01765973
      122    -0.01101591    -0.02567618
      123    -0.02761751     0.00798620
      124    -0.00427807     0.02724243
      125     0.01400181     0.01165799
      126     0.00337650    -0.00402094
      127    -0.00956195     0.00367348
      128    -0.00386397     0.01401480
      129     0.00365094     0.00957340
      130    -0.00063766     0.00460810
      131    -0.00429292     0.00896183
      132    -0.00107006     0.01171019
      133    -0.00043686     0.00981921
      134    -0.00278548     0.01106302
      135    -0.00218356     0.01376898
      136    -0.00110922     0.01376305
      137    -0.00110524     0.01326819
      138    -0.00006166     0.01192712
      139     0.00041246     0.00903487
      140     0.00005058     0.00696991
      141     0.00018012     0.00552264
      142     0.00012504     0.00417735
      143     0.00001782     0.00340193
      144     0.00007550     0.00275248
      145     0.00001581     0.00224254
      146     0.00002057     0.00190969
      147     0.00002184     0.00159747
      148     0.00000372     0.00138344
      149     0.00001432     0.00120055
      150     0.00000359     0.00104996
      151     0.00000687     0.00093475
      152     0.00000450     0.00082945
      153     0.00000266     0.00075028
      154     0.00000420     0.00067749
      155     0.00000146     0.00061858
      156     0.00000295     0.00056741
      157     0.00000134     0.00052252
      158     0.00000174     0.00048511
      159     0.00000128     0.00045093
      160     0.00000093     0.00042251
      161     0.00000104     0.00039652
      162     0.00000046     0.00037436
      163     0.00000068     0.00035455
      164     0.00000024     0.00033705
      165    -0.00000004     0.00032223
      166     0.00000041     0.00030861
      167    -0.00000000     0.00029598
      168     0.00000014     0.00028528
      169     0.00000018     0.00027485
      170     0.00000046     0.00026539
      171     0.00000013     0.00025626
      172     0.00000043     0.00024863
      173     0.00000063     0.00024026
      174     0.00000061     0.00023296
      175     0.00000116     0.00022501
      176     0.00000103     0.00021734
      177     0.00000166     0.00020942
      178     0.00000168     0.00020097
      179     0.00000215     0.00019260
      180     0.00000243     0.00018324
      181     0.00000267     0.00017395
      182     0.00000316     0.00016369
      183     0.00000325     0.00015318
      184     0.00000379     0.00014205
      185     0.00000387     0.00013026
      186     0.00000427     0.00011824
      187     0.00000448     0.00010535
      188     0.00000464     0.00009243
      189     0.00000497     0.00007876
      190     0.00000495     0.00006499
      191     0.00000527     0.00005088
      192     0.00000521     0.00003647
      193     0.00000538     0.00002217
      194     0.00000540     0.00000748
      195     0.00000536    -0.00000684
      196     0.00000547    -0.00002138
      197     0.00000528    -0.00003557
      198     0.00000538    -0.00004959
      199     0.00000517    -0.00006344
      200     0.00000517    -0.00007673
      201     0.00000505    -0.00008994
      202     0.00000489    -0.00010244
      203     0.00000488    -0.00011473
      204     0.00000464    -0.00012641
      205     0.00000466    -0.00013764
      206     0.00000444    -0.00014848
      207     0.00000441    -0.00015865
      208     0.00000431    -0.00016859
      209     0.00000420    -0.00017783
      210     0.00000423    -0.00018685
      211     0.00000408    -0.00019535
      212     0.00000418    -0.00020353
      213     0.00000409    -0.00021145
      214     0.00000417    -0.00021896
      215     0.00000421    -0.00022641
      216     0.00000426    -0.00023349
      217     0.00000442    -0.00024060
      218     0.00000447    -0.00024751
      219     0.00000471    -0.00025441
      220     0.00000482    -0.00026136
      221     0.00000546    -0.00026873
      222     0.00000507    -0.00027622
      223     0.00000560    -0.00028280
      224     0.00000615    -0.00029097
      225     0.00000601    -0.00029852
      226     0.00000647    -0.00030619
      227     0.00000721    -0.00031458
      228     0.00000752    -0.00032400
      229     0.00000810    -0.00033343
      230     0.00000878    -0.00034414
      231     0.00000927    -0.00035523
      232     0.00001018    -0.00036749
      233     0.00001076    -0.00038069
      234     0.00001173    -0.00039494
      235     0.00001252    -0.00041058
      236     0.00001345    -0.00042726
      237     0.00001442    -0.00044548
      238     0.00001529    -0.00046484
      239     0.00001626    -0.00048556
      240     0.00001746    -0.00050791
      241     0.00001754    -0.00053108
      242     0.00001839    -0.00055385
      243     0.00001866    -0.00057789
      244     0.00001836    -0.00060041
      245     0.00001825    -0.00062231
      246     0.00001686    -0.00064169
      247     0.00001554    -0.00065747
      248     0.00001304    -0.00066883
      249     0.00000996    -0.00067328
      250     0.00000619    -0.00067024
      251     0.00000129    -0.00065721
      252    -0.00000394    -0.00063302
      253    -0.00001017    -0.00059625
      254    -0.00001657    -0.00054549
      255    -0.00002315    -0.00048084
      256    -0.00002971    -0.00040187
      257    -0.00003546    -0.00031000
      258    -0.00004062    -0.00020702
      259    -0.00004437    -0.00009540
      260    -0.00004680     0.00002099
      261    -0.00004784     0.00013879
      262    -0.00004724     0.00025360
      263    -0.00004560     0.00036173
      264    -0.00004280     0.00045993
      265    -0.00003939     0.00054530
      266    -0.00003567     0.00061638
      267    -0.00003177     0.00067207
      268    -0.00002822     0.00071247
      269    -0.00002491     0.00073840
      270    -0.00002213     0.00075099
      271    -0.00001985     0.00075225
      272    -0.00001803     0.00074392
      273    -0.00001672     0.00072825
      274    -0.00001577     0.00070721
      275    -0.00001451     0.00068195
      276    -0.00001520     0.00065511
      277    -0.00001475     0.00062965
      278    -0.00001489     0.00060377
      279    -0.00001547     0.00058117
      280    -0.00001563     0.00056081
      281    -0.00001651     0.00054419
      282    -0.00001702     0.00053146
      283    -0.00001790     0.00052264
      284    -0.00001866     0.00051811
      285    -0.00001946     0.00051739
      286    -0.00002028     0.00052056
      287    -0.00002123     0.00052747
      288    -0.00002172     0.00053768
      289    -0.00002113     0.00054879
      290    -0.00002238     0.00056155
      291    -0.00002230     0.00057757
      292    -0.00002144     0.00059249
      293    -0.00002132     0.00060742
      294    -0.00002014     0.00062157
      295    -0.00001921     0.00063381
      296    -0.00001778     0.00064439
      297    -0.00001613     0.00065193
      298    -0.00001439     0.00065665
      299    -0.00001222     0.00065765
      300    -0.00001007     0.00065474
