#    Non-Adiabatic Coupling Matrix Elements: off-diagonal
         0     0.00034258
         1     0.00055210
         2     0.00079273
         3     0.00105205
         4     0.00130297
         5     0.00151160
         6     0.00165271
         7     0.00172793
         8     0.00176060
         9     0.00177487
        10     0.00177927
        11     0.00176643
        12     0.00171764
        13     0.00160998
        14     0.00142480
        15     0.00115550
        16     0.00081115
        17     0.00041573
        18     0.00000338
        19    -0.00038870
        20    -0.00072681
        21    -0.00098659
        22    -0.00115708
        23    -0.00124165
        24    -0.00125518
        25    -0.00121872
        26    -0.00115364
        27    -0.00107721
        28    -0.00100063
        29    -0.00092862
        30    -0.00086191
        31    -0.00079774
        32    -0.00073288
        33    -0.00066481
        34    -0.00059252
        35    -0.00051611
        36    -0.00043647
        37    -0.00035458
        38    -0.00027112
        39    -0.00018635
        40    -0.00010059
        41    -0.00001437
        42     0.00007139
        43     0.00015557
        44     0.00023706
        45     0.00031492
        46     0.00038829
        47     0.00045674
        48     0.00051963
        49     0.00057672
        50     0.00062825
        51     0.00067488
        52     0.00071751
        53     0.00075608
        54     0.00078922
        55     0.00081368
        56     0.00082449
        57     0.00081589
        58     0.00078163
        59     0.00071682
        60     0.00061912
        61     0.00048997
        62     0.00033506
        63     0.00016390
        64    -0.00001159
        65    -0.00017894
        66    -0.00032708
        67    -0.00044772
        68    -0.00053617
        69    -0.00059137
        70    -0.00061506
        71    -0.00061079
        72    -0.00058286
        73    -0.00053569
        74    -0.00047327
        75    -0.00039933
        76    -0.00031757
        77    -0.00023172
        78    -0.00014562
        79    -0.00006308
        80     0.00001221
        81     0.00007742
        82     0.00013024
        83     0.00016950
        84     0.00019530
        85     0.00020918
        86     0.00021406
        87     0.00021396
        88     0.00021345
        89     0.00021704
        90     0.00022862
        91     0.00025107
        92     0.00028598
        93     0.00033308
        94     0.00039040
        95     0.00045331
        96     0.00051476
        97     0.00056568
        98     0.00059617
        99     0.00059747
       100     0.00056418
       101     0.00049564
       102     0.00039774
       103     0.00028001
       104     0.00015254
       105     0.00002631
       106    -0.00009102
       107    -0.00019535
       108    -0.00028579
       109    -0.00036426
       110    -0.00043543
       111    -0.00050803
       112    -0.00059510
       113    -0.00071579
       114    -0.00089718
       115    -0.00117782
       116    -0.00161292
       117    -0.00227933
       118    -0.00326515
       119    -0.00459195
       120    -0.00597780
       121    -0.00664154
       122    -0.00600646
       123    -0.00658965
       124    -0.00360785
       125    -0.00175465
       126    -0.00069312
       127    -0.00007929
       128     0.00027945
       129     0.00048758
       130     0.00060131
       131     0.00065551
       132     0.00067554
       133     0.00067892
       134     0.00067944
       135     0.00068750
       136     0.00071041
       137     0.00075378
       138     0.00082058
       139     0.00091267
       140     0.00103139
       141     0.00117866
       142     0.00135821
       143     0.00157665
       144     0.00183753
       145     0.00211762
       146     0.00230073
       147     0.00215305
       148     0.00164537
       149     0.00109954
       150     0.00069128
       151     0.00041009
       152     0.00021058
       153     0.00005531
       154    -0.00008051
       155    -0.00020665
       156    -0.00031903
       157    -0.00041467
       158    -0.00049704
       159    -0.00057451
       160    -0.00065213
       161    -0.00072775
       162    -0.00079253
       163    -0.00083351
       164    -0.00083773
       165    -0.00079697
       166    -0.00071246
       167    -0.00059231
       168    -0.00044739
       169    -0.00028709
       170    -0.00011765
       171     0.00005690
       172     0.00023332
       173     0.00040713
       174     0.00057276
       175     0.00071981
       176     0.00083192
       177     0.00089236
       178     0.00089039
       179     0.00082974
       180     0.00072770
       181     0.00060472
       182     0.00047631
       183     0.00035047
       184     0.00022952
       185     0.00011233
       186    -0.00000408
       187    -0.00012339
       188    -0.00024993
       189    -0.00038807
       190    -0.00054117
       191    -0.00070904
       192    -0.00088328
       193    -0.00104249
       194    -0.00115564
       195    -0.00119962
       196    -0.00117546
       197    -0.00110357
       198    -0.00100689
       199    -0.00090125
       200    -0.00079450
       201    -0.00068952
       202    -0.00058572
       203    -0.00048237
       204    -0.00037757
       205    -0.00026974
       206    -0.00015902
       207    -0.00004714
       208     0.00006248
       209     0.00016505
       210     0.00025499
       211     0.00032707
       212     0.00037687
       213     0.00040178
       214     0.00040019
       215     0.00037194
       216     0.00031802
       217     0.00024071
       218     0.00014374
       219     0.00003234
       220    -0.00008702
       221    -0.00020732
       222    -0.00032182
       223    -0.00042476
       224    -0.00051180
       225    -0.00058016
       226    -0.00062845
       227    -0.00065650
       228    -0.00066487
       229    -0.00065464
       230    -0.00062725
       231    -0.00058441
       232    -0.00052804
       233    -0.00046011
       234    -0.00038223
       235    -0.00029539
       236    -0.00020020
       237    -0.00009790
       238     0.00000856
       239     0.00011391
       240     0.00021196
       241     0.00029742
       242     0.00036863
       243     0.00042850
       244     0.00048352
       245     0.00054174
       246     0.00061029
       247     0.00069407
       248     0.00079455
       249     0.00090996
       250     0.00103541
       251     0.00116345
       252     0.00128371
       253     0.00138115
       254     0.00143435
       255     0.00141945
       256     0.00132567
       257     0.00117045
       258     0.00098978
       259     0.00081556
       260     0.00066437
       261     0.00054110
       262     0.00044285
       263     0.00036391
       264     0.00029858
       265     0.00024374
       266     0.00019830
       267     0.00016128
       268     0.00013129
       269     0.00010690
       270     0.00008699
       271     0.00007079
       272     0.00005758
       273     0.00004628
       274     0.00003643
       275     0.00002659
       276     0.00001585
       277     0.00000382
       278    -0.00000931
       279    -0.00002061
       280    -0.00003177
       281    -0.00003944
       282    -0.00004388
       283    -0.00004515
       284    -0.00004324
       285    -0.00003791
       286    -0.00002889
       287    -0.00001632
       288    -0.00000107
       289     0.00001522
       290     0.00003047
       291     0.00004277
       292     0.00005078
       293     0.00005402
       294     0.00005276
       295     0.00004770
       296     0.00004042
       297     0.00003170
       298     0.00002239
       299     0.00001308
       300     0.00000404
       301    -0.00000506
       302    -0.00001393
       303    -0.00002316
       304    -0.00003328
       305    -0.00004482
       306    -0.00005805
       307    -0.00007283
       308    -0.00008841
       309    -0.00010375
       310    -0.00011811
       311    -0.00013149
       312    -0.00014460
       313    -0.00015759
       314    -0.00017082
       315    -0.00018384
       316    -0.00019539
       317    -0.00019777
       318     0.00003175
       319    -0.00031443
       320    -0.00017450
       321    -0.00013099
       322    -0.00010896
       323    -0.00009424
       324    -0.00007424
       325     0.00012393
       326     0.00059023
       327     0.00024518
       328     0.00015058
       329     0.00010484
       330     0.00007657
       331     0.00005607
       332     0.00003921
       333     0.00002333
       334     0.00000692
       335    -0.00001105
       336    -0.00003103
       337    -0.00005285
       338    -0.00007574
       339    -0.00009850
       340    -0.00011964
       341    -0.00013767
       342    -0.00015135
       343    -0.00015988
       344    -0.00016302
       345    -0.00016101
       346    -0.00015446
       347    -0.00014421
       348    -0.00013107
       349    -0.00011579
       350    -0.00009890
       351    -0.00008076
       352    -0.00006146
       353    -0.00004091
       354    -0.00001898
       355     0.00000441
       356     0.00002888
       357     0.00005348
       358     0.00007685
       359     0.00009731
       360     0.00011327
       361     0.00012369
       362     0.00012936
       363     0.00013126
       364     0.00013099
       365     0.00012971
       366     0.00012769
       367     0.00012376
       368     0.00011535
       369     0.00009680
       370     0.00006276
       371     0.00001044
       372    -0.00005186
       373    -0.00010195
       374    -0.00012149
       375    -0.00011459
       376    -0.00009541
       377    -0.00007671
       378    -0.00006244
       379    -0.00005194
       380    -0.00004447
       381    -0.00003813
       382    -0.00003207
       383    -0.00002604
       384    -0.00002019
       385    -0.00001485
       386    -0.00001031
       387    -0.00000678
       388    -0.00000327
       389     0.00000109
       390     0.00000799
       391     0.00001944
       392     0.00003761
       393     0.00006332
       394     0.00009767
       395     0.00013650
       396     0.00016940
       397     0.00018217
       398     0.00016422
       399     0.00011667
       400     0.00005010
       401    -0.00002442
       402    -0.00010175
       403    -0.00018274
       404    -0.00026895
       405    -0.00035322
       406    -0.00041161
       407    -0.00041513
       408    -0.00036467
       409    -0.00029239
       410    -0.00022444
       411    -0.00016916
       412    -0.00012465
       413    -0.00008981
       414    -0.00006347
       415    -0.00004488
       416    -0.00003301
       417    -0.00002631
       418    -0.00002242
       419    -0.00001853
       420    -0.00001197
       421    -0.00000083
       422     0.00001578
       423     0.00003782
       424     0.00006453
       425     0.00009458
       426     0.00012627
       427     0.00015761
       428     0.00018649
       429     0.00021096
       430     0.00022947
       431     0.00024101
       432     0.00024511
       433     0.00024188
       434     0.00023191
       435     0.00021626
       436     0.00019634
       437     0.00017382
       438     0.00015035
       439     0.00012729
       440     0.00010554
       441     0.00008552
       442     0.00006711
       443     0.00005005
       444     0.00003400
       445     0.00001870
       446     0.00000411
       447    -0.00000949
       448    -0.00002161
       449    -0.00003160
       450    -0.00003868
       451    -0.00004208
       452    -0.00004107
       453    -0.00003540
       454    -0.00002480
       455    -0.00000952
       456     0.00000969
       457     0.00003144
       458     0.00005366
       459     0.00007391
       460     0.00009053
       461     0.00010393
       462     0.00011934
       463     0.00014620
       464     0.00019510
       465     0.00027376
       466     0.00038356
       467     0.00051740
       468     0.00065811
       469     0.00077818
       470     0.00084886
       471     0.00085590
       472     0.00080728
       473     0.00072403
       474     0.00062551
       475     0.00052377
       476     0.00042509
       477     0.00033304
       478     0.00025018
       479     0.00017878
       480     0.00012087
       481     0.00007807
       482     0.00005130
       483     0.00004021
       484     0.00004328
       485     0.00005790
       486     0.00008071
       487     0.00010801
       488     0.00013612
       489     0.00016157
       490     0.00018132
       491     0.00019286
       492     0.00019448
       493     0.00021737
       494     0.00035422
       495     0.00047956
       496     0.00059062
       497     0.00068469
       498     0.00075946
       499     0.00081368
       500     0.00084763
       501     0.00086328
       502     0.00086441
       503     0.00085511
       504     0.00084070
       505     0.00082577
       506     0.00081355
       507     0.00080483
       508     0.00079702
       509     0.00078342
       510     0.00075402
       511     0.00069653
       512     0.00060315
       513     0.00047368
       514     0.00031816
       515     0.00015476
       516     0.00000409
       517    -0.00011703
       518    -0.00019938
       519    -0.00024208
       520    -0.00025078
       521    -0.00023488
       522    -0.00020495
       523    -0.00017123
       524    -0.00014041
       525    -0.00011926
       526    -0.00011020
       527    -0.00011370
       528    -0.00012802
       529    -0.00015036
       530    -0.00017712
       531    -0.00020470
       532    -0.00022984
       533    -0.00024980
       534    -0.00026237
       535    -0.00026634
       536    -0.00026085
       537    -0.00024575
       538    -0.00022139
       539    -0.00018820
       540    -0.00014637
       541    -0.00009535
       542    -0.00003380
       543     0.00004113
       544     0.00013400
       545     0.00025145
       546     0.00040212
       547     0.00059566
       548     0.00084004
       549     0.00113665
       550     0.00147289
       551     0.00181197
       552     0.00208526
       553     0.00219949
       554     0.00207151
       555     0.00167732
       556     0.00107169
       557     0.00036039
       558    -0.00034242
       559    -0.00093951
       560    -0.00136226
       561    -0.00158127
       562    -0.00161171
       563    -0.00150281
       564    -0.00131505
       565    -0.00109967
       566    -0.00089066
       567    -0.00070524
       568    -0.00054859
       569    -0.00041885
       570    -0.00031090
       571    -0.00021874
       572    -0.00013685
       573    -0.00006076
       574     0.00001281
       575     0.00008611
       576     0.00016034
       577     0.00023612
       578     0.00031329
       579     0.00039093
       580     0.00046773
       581     0.00054212
       582     0.00061263
       583     0.00067795
       584     0.00073699
       585     0.00078883
       586     0.00083261
       587     0.00086762
       588     0.00089316
       589     0.00090872
       590     0.00091164
       591     0.00089570
       592     0.00084916
       593     0.00075481
       594     0.00059257
       595     0.00034460
       596    -0.00000133
       597    -0.00044347
       598    -0.00097043
       599    -0.00155156
       600    -0.00213164
