#    Step        Prob(0)        Prob(1)        Prob(2)        
        0    -0.00000000    -0.00000000     0.00000000
        1     0.00000001     0.00000016     0.00000000
        2     0.00000002     0.00000057     0.00000000
        3     0.00000004     0.00000111     0.00000000
        4     0.00000009     0.00000201     0.00000000
        5     0.00000013     0.00000458     0.00000000
        6     0.00000020     0.00001082     0.00000000
        7     0.00000018     0.00002244     0.00000000
        8     0.00000023     0.00004304     0.00000000
        9     0.00000015     0.00008590     0.00000000
       10     0.00000018     0.00019346     0.00000000
       11     0.00000008     0.00050014     0.00000000
       12     0.00000009     0.00150301     0.00000000
       13     0.00000000     0.00562597     0.00000000
       14     0.00000000     0.03136709     0.00000000
       15     0.00000000     0.38348673     0.00000000
       16     0.00000000     0.00000000     0.00000000
       17     0.00000000     0.00000000     0.50644479
       18     0.00000000     0.00000000     0.00000000
       19     0.00000603     0.00000000     0.00000000
       20     0.00000000     0.00000000     0.00000000
       21     0.00000000     0.00000614     0.00000000
       22     0.00000357     0.00584538     0.00000000
       23     0.00000000     0.00779957     0.00000000
       24     0.00000330     0.00737548     0.00000000
       25     0.00000105     0.00559827     0.00000000
       26     0.00000000     0.00319006     0.00000000
       27     0.00000507     0.00059235     0.00000000
       28     0.00000000     0.00000000     0.00000000
       29     0.00000000     0.00000000     0.00000000
       30     0.00000467     0.00000000     0.00000000
       31     0.00000012     0.00000000     0.00000000
       32     0.00000000     0.00000000     0.00000000
       33     0.00000412     0.00000000     0.00000000
       34     0.00000155     0.00000000     0.00000000
       35     0.00000000     0.00000000     0.00000000
       36     0.00000187     0.00000000     0.00000000
       37     0.00000391     0.00000000     0.00000000
       38     0.00000000     0.00000000     0.00000000
       39     0.00000000     0.00000000     0.00000000
       40     0.00000335     0.00000000     0.00000000
       41     0.00000243     0.00000000     0.00000000
       42     0.00000000     0.00000000     0.00000000
       43     0.00000000     0.00000000     0.00000000
       44     0.00000317     0.00000000     0.00000000
       45     0.00000000     0.00722644     0.00000000
       46     0.00000000     0.06295348     0.00000000
       47     0.00000027     0.54931238     0.00000000
       48     0.00000000     0.35723590     0.00000000
       49     0.00000028     0.09327622     0.00000000
       50     0.00000063     0.03487822     0.00000000
       51     0.00000000     0.01648871     0.00000000
       52     0.00000000     0.00895869     0.00000000
       53     0.00000094     0.00529665     0.00000000
       54     0.00000000     0.00303782     0.00000000
       55     0.00000000     0.00193251     0.00000000
       56     0.00000077     0.00135600     0.00000000
       57     0.00000042     0.00088024     0.00000000
       58     0.00000000     0.00057820     0.00000000
       59     0.00000018     0.00039796     0.00000000
       60     0.00000088     0.00029435     0.00000000
       61     0.00000000     0.00032119     0.00000000
       62     0.00000000     0.00032196     0.00000000
       63     0.00000105     0.00044541     0.00000000
       64     0.00000000     0.00060853     0.00000000
       65     0.00000000     0.00084226     0.00000000
       66     0.00000072     0.00111433     0.00000000
       67     0.00000059     0.00151538     0.00000000
       68     0.00000000     0.00200467     0.00000000
       69     0.00000004     0.00263648     0.00000000
       70     0.00000115     0.00346363     0.00000000
       71     0.00000000     0.00455865     0.00000000
       72     0.00000000     0.00601424     0.00000000
       73     0.00000123     0.00792313     0.00000000
       74     0.00000011     0.01032935     0.00000000
       75     0.00000000     0.01312744     0.00000000
       76     0.00000065     0.01594519     0.00000000
       77     0.00000108     0.01811307     0.00000000
       78     0.00000000     0.01807293     0.00000000
       79     0.00000000     0.01687120     0.00000000
       80     0.00000160     0.01399233     0.00000000
       81     0.00000000     0.01010892     0.00000000
       82     0.00000000     0.00624474     0.00000000
       83     0.00000132     0.00253123     0.00000000
       84     0.00000105     0.00000000     0.00000000
       85     0.00000000     0.00000000     0.00000000
       86     0.00000000     0.00000000     0.00000000
       87     0.00000216     0.00000000     0.00000000
       88     0.00000000     0.00000000     0.00000000
       89     0.00000000     0.00000000     0.00000000
       90     0.00000174     0.00000000     0.00000000
       91     0.00000125     0.00000000     0.00000000
       92     0.00000000     0.00096794     0.00000000
       93     0.00000000     0.00240889     0.00000000
       94     0.00000217     0.00381981     0.00000000
       95     0.00000000     0.00545368     0.00000000
       96     0.00000000     0.00697267     0.00000000
       97     0.00000109     0.00839799     0.00000000
       98     0.00000179     0.00940340     0.00000000
       99     0.00000000     0.01069270     0.00000000
      100     0.00000000     0.01156955     0.00000000
      101     0.00000191     0.01224208     0.00000000
      102     0.00000069     0.01272752     0.00000000
      103     0.00000000     0.01304666     0.00000000
      104     0.00000000     0.01321524     0.00000000
      105     0.00000182     0.01323699     0.00000000
      106     0.00000000     0.01309756     0.00000000
      107     0.00000000     0.01235427     0.00000000
      108     0.00000032     0.01170773     0.00000000
      109     0.00000113     0.01071540     0.00000000
      110     0.00000000     0.00956554     0.00000000
      111     0.00000000     0.00725040     0.00000000
      112     0.00000051     0.00363774     0.00000000
      113     0.00000134     0.00000000     0.00000000
      114     0.00000000     0.00000000     0.00000000
      115     0.00000000     0.00000000     0.00000000
      116     0.00000000     0.47364820     0.00000000
      117     0.00000000     0.62819911     0.00000000
      118     0.00000000     0.00000000     0.00000000
      119     0.00000000     0.00000000     0.00814788
      120     0.00000014     0.00000000     0.02727696
