#    Step     Kinetic(H)     Potential(H)   Total(H)       E(0)(H)        E(1)(H)        
        0     0.00240148    -6.15580449    -6.15340301    -6.41393918    -6.15580449
        1     0.00293140    -6.15633352    -6.15340212    -6.41366450    -6.15633352
        2     0.00372623    -6.15712306    -6.15339683    -6.41352875    -6.15712306
        3     0.00473388    -6.15812002    -6.15338614    -6.41349105    -6.15812002
        4     0.00588109    -6.15925193    -6.15337084    -6.41349230    -6.15925193
        5     0.00708173    -6.16043623    -6.15335450    -6.41346420    -6.16043623
        6     0.00824617    -6.16158993    -6.15334376    -6.41333872    -6.16158993
        7     0.00929036    -6.16263781    -6.15334745    -6.41305603    -6.16263781
        8     0.01014370    -6.16351882    -6.15337512    -6.41257065    -6.16351882
        9     0.01075476    -6.16418993    -6.15343517    -6.41185500    -6.16418993
       10     0.01109421    -6.16462728    -6.15353307    -6.41090019    -6.16462728
       11     0.01115537    -6.16482563    -6.15367026    -6.40971524    -6.16482563
       12     0.01095281    -6.16479662    -6.15384381    -6.40832499    -6.16479662
       13     0.01051947    -6.16456642    -6.15404695    -6.40676756    -6.16456642
       14     0.00990272    -6.16417309    -6.15427037    -6.40509143    -6.16417309
       15     0.00915977    -6.16366358    -6.15450381    -6.40335240    -6.16366358
       16     0.00835288    -6.16309063    -6.15473775    -6.40161031    -6.16309063
       17     0.00831818    -6.14614111    -6.13782293    -6.39352584    -6.14614111
       18     0.00944892    -6.14760630    -6.13815738    -6.39205108    -6.14760630
       19     0.01106042    -6.14963451    -6.13857409    -6.39056115    -6.14963451
       20     0.01301325    -6.15214069    -6.13912744    -6.38909379    -6.15214069
       21     0.01517218    -6.15503869    -6.13986651    -6.38764914    -6.15503869
       22     0.01738305    -6.15822853    -6.14084548    -6.38620604    -6.15822853
       23     0.01948112    -6.16159492    -6.14211380    -6.38472885    -6.16159492
       24     0.02130875    -6.16501279    -6.14370404    -6.38317049    -6.16501279
       25     0.02273784    -6.16835556    -6.14561772    -6.38147839    -6.16835556
       26     0.02369018    -6.17150453    -6.14781435    -6.37960049    -6.17150453
       27     0.02414915    -6.17435931    -6.15021016    -6.37749282    -6.17435931
       28     0.02415682    -6.17684779    -6.15269097    -6.37512706    -6.17684779
       29     0.02379579    -6.17893143    -6.15513564    -6.37249470    -6.17893143
       30     0.02316485    -6.18060714    -6.15744229    -6.36960973    -6.18060714
       31     0.02235791    -6.18190430    -6.15954639    -6.36650800    -6.18190430
       32     0.02145363    -6.18287817    -6.16142454    -6.36324388    -6.18287817
       33     0.02051592    -6.18360279    -6.16308687    -6.35988667    -6.18360279
       34     0.01959781    -6.18416176    -6.16456395    -6.35651392    -6.18416176
       35     0.01874441    -6.18463865    -6.16589424    -6.35320333    -6.18463865
       36     0.01799242    -6.18510860    -6.16711618    -6.35002510    -6.18510860
       37     0.01736655    -6.18563088    -6.16826433    -6.34703427    -6.18563088
       38     0.01687567    -6.18624330    -6.16936763    -6.34426496    -6.18624330
       39     0.01651141    -6.18696094    -6.17044953    -6.34172875    -6.18696094
       40     0.01624975    -6.18777774    -6.17152799    -6.33941603    -6.18777774
       41     0.01605483    -6.18867032    -6.17261549    -6.33729965    -6.18867032
       42     0.01588492    -6.18960400    -6.17371908    -6.33534080    -6.18960400
       43     0.01569900    -6.19053936    -6.17484036    -6.33349565    -6.19053936
       44     0.01546223    -6.19143810    -6.17597587    -6.33172122    -6.19143810
       45     0.01514990    -6.19226762    -6.17711772    -6.32997978    -6.19226762
       46     0.01474963    -6.19300431    -6.17825468    -6.32824246    -6.19300431
       47     0.01426170    -6.19363553    -6.17937383    -6.32649105    -6.19363553
       48     0.01369745    -6.19415955    -6.18046210    -6.32471816    -6.19415955
       49     0.01307670    -6.19458456    -6.18150786    -6.32292609    -6.19458456
       50     0.01242472    -6.19492687    -6.18250215    -6.32112519    -6.19492687
       51     0.01176932    -6.19520869    -6.18343937    -6.31933182    -6.19520869
       52     0.01113814    -6.19545581    -6.18431767    -6.31756580    -6.19545581
       53     0.01055640    -6.19569496    -6.18513856    -6.31584809    -6.19569496
       54     0.01004536    -6.19595182    -6.18590646    -6.31419867    -6.19595182
       55     0.00962134    -6.19624928    -6.18662794    -6.31263496    -6.19624928
       56     0.00929512    -6.19660612    -6.18731100    -6.31117037    -6.19660612
       57     0.00907172    -6.19703602    -6.18796430    -6.30981347    -6.19703602
       58     0.00895053    -6.19754715    -6.18859662    -6.30856740    -6.19754715
       59     0.00892587    -6.19814220    -6.18921633    -6.30743016    -6.19814220
       60     0.00898781    -6.19881899    -6.18983118    -6.30639493    -6.19881899
       61     0.00912335    -6.19957134    -6.19044799    -6.30545112    -6.19957134
       62     0.00931767    -6.20039044    -6.19107277    -6.30458560    -6.20039044
       63     0.00955569    -6.20126627    -6.19171058    -6.30378430    -6.20126627
       64     0.00982364    -6.20218934    -6.19236570    -6.30303377    -6.20218934
       65     0.01011029    -6.20315206    -6.19304177    -6.30232256    -6.20315206
       66     0.01040784    -6.20414973    -6.19374189    -6.30164236    -6.20414973
       67     0.01071230    -6.20518129    -6.19446899    -6.30098858    -6.20518129
       68     0.01102320    -6.20624913    -6.19522593    -6.30036024    -6.20624913
       69     0.01134271    -6.20735844    -6.19601573    -6.29975934    -6.20735844
       70     0.01167433    -6.20851600    -6.19684167    -6.29918960    -6.20851600
       71     0.01202142    -6.20972868    -6.19770726    -6.29865499    -6.20972868
       72     0.01238582    -6.21100201    -6.19861619    -6.29815834    -6.21100201
       73     0.01276695    -6.21233908    -6.19957213    -6.29770015    -6.21233908
       74     0.01316150    -6.21373996    -6.20057846    -6.29727811    -6.21373996
       75     0.01356379    -6.21520186    -6.20163807    -6.29688720    -6.21520186
       76     0.01396669    -6.21671978    -6.20275309    -6.29652033    -6.21671978
       77     0.01436279    -6.21828760    -6.20392481    -6.29616944    -6.21828760
       78     0.01474566    -6.21989924    -6.20515358    -6.29582671    -6.21989924
       79     0.01511086    -6.22154983    -6.20643897    -6.29548557    -6.22154983
       80     0.01545656    -6.22323644    -6.20777988    -6.29514153    -6.22323644
       81     0.01578356    -6.22495846    -6.20917490    -6.29479245    -6.22495846
       82     0.01609500    -6.22671747    -6.21062247    -6.29443854    -6.22671747
       83     0.01639562    -6.22851690    -6.21212128    -6.29408183    -6.22851690
       84     0.01669086    -6.23036127    -6.21367041    -6.29372544    -6.23036127
       85     0.01698602    -6.23225545    -6.21526943    -6.29337294    -6.23225545
       86     0.01728557    -6.23420410    -6.21691853    -6.29302757    -6.23420410
       87     0.01759260    -6.23621110    -6.21861850    -6.29269173    -6.23621110
       88     0.01790868    -6.23827915    -6.22037047    -6.29236676    -6.23827915
       89     0.01823373    -6.24040971    -6.22217598    -6.29205257    -6.24040971
       90     0.01856628    -6.24260298    -6.22403670    -6.29174779    -6.24260298
       91     0.01890368    -6.24485793    -6.22595425    -6.29144976    -6.24485793
       92     0.01924248    -6.24717255    -6.22793007    -6.29115479    -6.24717255
       93     0.01957880    -6.24954405    -6.22996525    -6.29085836    -6.24954405
       94     0.01990871    -6.25196917    -6.23206046    -6.29055541    -6.25196917
       95     0.02022851    -6.25444435    -6.23421584    -6.29024053    -6.25444435
       96     0.02053493    -6.25696595    -6.23643102    -6.28990818    -6.25696595
       97     0.02082528    -6.25953034    -6.23870506    -6.28955280    -6.25953034
       98     0.02109766    -6.26213419    -6.24103653    -6.28916914    -6.26213419
       99     0.02135100    -6.26477465    -6.24342365    -6.28875242    -6.26477465
      100     0.02158504    -6.26744940    -6.24586436    -6.28829847    -6.26744940
      101     0.02180008    -6.27015642    -6.24835634    -6.28780384    -6.27015642
      102     0.02199667    -6.27289393    -6.25089726    -6.28726581    -6.27289393
      103     0.02217501    -6.27565981    -6.25348480    -6.28668304    -6.27565981
      104     0.02233259    -6.27844930    -6.25611671    -6.28605745    -6.27844930
      105     0.02244819    -6.28124239    -6.25879420    -6.28540610    -6.28124239
      106     0.02311106    -6.28502026    -6.26190920    -6.28502026    -6.28374231
      107     0.02209772    -6.28717593    -6.26507821    -6.28717593    -6.28368667
      108     0.02221371    -6.29000538    -6.26779167    -6.29000538    -6.28294330
      109     0.02237610    -6.29290213    -6.27052603    -6.29290213    -6.28210882
      110     0.02254113    -6.29583604    -6.27329491    -6.29583604    -6.28120527
      111     0.02269823    -6.29879871    -6.27610048    -6.29879871    -6.28023226
      112     0.02284133    -6.30178439    -6.27894306    -6.30178439    -6.27918568
      113     0.02296573    -6.30478750    -6.28182177    -6.30478750    -6.27806029
      114     0.02306745    -6.30780194    -6.28473449    -6.30780194    -6.27685020
      115     0.02314324    -6.31082133    -6.28767809    -6.31082133    -6.27554930
      116     0.02319078    -6.31383915    -6.29064837    -6.31383915    -6.27415193
      117     0.02320861    -6.31684919    -6.29364058    -6.31684919    -6.27265278
      118     0.02319601    -6.31984531    -6.29664930    -6.31984531    -6.27104702
      119     0.02315299    -6.32282183    -6.29966884    -6.32282183    -6.26933053
      120     0.02308032    -6.32577364    -6.30269332    -6.32577364    -6.26750028
      121     0.02297932    -6.32869628    -6.30571696    -6.32869628    -6.26555412
      122     0.02285158    -6.33158568    -6.30873410    -6.33158568    -6.26349058
      123     0.02269890    -6.33443822    -6.31173932    -6.33443822    -6.26130911
      124     0.02252296    -6.33725080    -6.31472784    -6.33725080    -6.25901007
      125     0.02232567    -6.34002065    -6.31769498    -6.34002065    -6.25659461
      126     0.02210901    -6.34274507    -6.32063606    -6.34274507    -6.25406442
      127     0.02187453    -6.34542155    -6.32354702    -6.34542155    -6.25142182
      128     0.02162370    -6.34804778    -6.32642408    -6.34804778    -6.24866992
      129     0.02135786    -6.35062162    -6.32926376    -6.35062162    -6.24581248
      130     0.02107813    -6.35314096    -6.33206283    -6.35314096    -6.24285379
      131     0.02078551    -6.35560380    -6.33481829    -6.35560380    -6.23979889
      132     0.02048094    -6.35800849    -6.33752755    -6.35800849    -6.23665359
      133     0.02016561    -6.36035383    -6.34018822    -6.36035383    -6.23342463
      134     0.01984102    -6.36263900    -6.34279798    -6.36263900    -6.23011953
      135     0.01950881    -6.36486370    -6.34535489    -6.36486370    -6.22674659
      136     0.01917119    -6.36702858    -6.34785739    -6.36702858    -6.22331488
      137     0.01883095    -6.36913516    -6.35030421    -6.36913516    -6.21983440
      138     0.01849128    -6.37118637    -6.35269509    -6.37118637    -6.21631562
      139     0.01815625    -6.37318662    -6.35503037    -6.37318662    -6.21276936
      140     0.01783129    -6.37514238    -6.35731109    -6.37514238    -6.20920621
      141     0.01752361    -6.37706299    -6.35953938    -6.37706299    -6.20563597
      142     0.01724310    -6.37896192    -6.36171882    -6.37896192    -6.20206650
      143     0.01700339    -6.38085837    -6.36385498    -6.38085837    -6.19850229
      144     0.01682297    -6.38277915    -6.36595618    -6.38277915    -6.19494286
      145     0.01672426    -6.38475898    -6.36803472    -6.38475898    -6.19138259
      146     0.01672540    -6.38683286    -6.37010746    -6.38683286    -6.18781779
      147     0.01681940    -6.38901170    -6.37219230    -6.38901170    -6.18426822
      148     0.01695414    -6.39125076    -6.37429662    -6.39125076    -6.18080226
      149     0.01704876    -6.39346246    -6.37641370    -6.39346246    -6.17751719
      150     0.01704021    -6.39556889    -6.37852868    -6.39556889    -6.17448608
      151     0.01690766    -6.39753421    -6.38062655    -6.39753421    -6.17173151
      152     0.01666161    -6.39935428    -6.38269267    -6.39935428    -6.16924275
      153     0.01632509    -6.40103874    -6.38471365    -6.40103874    -6.16699712
      154     0.01592253    -6.40260081    -6.38667828    -6.40260081    -6.16497113
      155     0.01547487    -6.40405305    -6.38857818    -6.40405305    -6.16314434
      156     0.01499874    -6.40540605    -6.39040731    -6.40540605    -6.16149994
      157     0.01450679    -6.40666840    -6.39216161    -6.40666840    -6.16002414
      158     0.01400800    -6.40784688    -6.39383888    -6.40784688    -6.15870539
      159     0.01350849    -6.40894683    -6.39543834    -6.40894683    -6.15753369
      160     0.01301232    -6.40997241    -6.39696009    -6.40997241    -6.15650005
      161     0.01252196    -6.41092691    -6.39840495    -6.41092691    -6.15559607
      162     0.01203864    -6.41181300    -6.39977436    -6.41181300    -6.15481372
      163     0.01156301    -6.41263290    -6.40106989    -6.41263290    -6.15414526
      164     0.01109540    -6.41338858    -6.40229318    -6.41338858    -6.15358301
      165     0.01063571    -6.41408188    -6.40344617    -6.41408188    -6.15311949
      166     0.01018377    -6.41471465    -6.40453088    -6.41471465    -6.15274734
      167     0.00973943    -6.41528878    -6.40554935    -6.41528878    -6.15245938
      168     0.00930265    -6.41580632    -6.40650367    -6.41580632    -6.15224867
      169     0.00887347    -6.41626949    -6.40739602    -6.41626949    -6.15210852
      170     0.00845215    -6.41668067    -6.40822852    -6.41668067    -6.15203250
      171     0.00803914    -6.41704244    -6.40900330    -6.41704244    -6.15201450
      172     0.00763485    -6.41735751    -6.40972266    -6.41735751    -6.15204869
      173     0.00723979    -6.41762873    -6.41038894    -6.41762873    -6.15212957
      174     0.00685451    -6.41785903    -6.41100452    -6.41785903    -6.15225189
      175     0.00647958    -6.41805141    -6.41157183    -6.41805141    -6.15241073
      176     0.00611557    -6.41820884    -6.41209327    -6.41820884    -6.15260136
      177     0.00576298    -6.41833425    -6.41257127    -6.41833425    -6.15281934
      178     0.00542230    -6.41843064    -6.41300834    -6.41843064    -6.15306031
      179     0.00509392    -6.41850070    -6.41340678    -6.41850070    -6.15332033
      180     0.00477816    -6.41854717    -6.41376901    -6.41854717    -6.15359549
      181     0.00447525    -6.41857262    -6.41409737    -6.41857262    -6.15388212
      182     0.00418537    -6.41857949    -6.41439412    -6.41857949    -6.15417675
      183     0.00390860    -6.41857008    -6.41466148    -6.41857008    -6.15447609
      184     0.00364498    -6.41854659    -6.41490161    -6.41854659    -6.15477708
      185     0.00339449    -6.41851107    -6.41511658    -6.41851107    -6.15507682
      186     0.00315707    -6.41846545    -6.41530838    -6.41846545    -6.15537268
      187     0.00293266    -6.41841158    -6.41547892    -6.41841158    -6.15566221
      188     0.00272116    -6.41835116    -6.41563000    -6.41835116    -6.15594321
      189     0.00252245    -6.41828584    -6.41576339    -6.41828584    -6.15621368
      190     0.00233643    -6.41821713    -6.41588070    -6.41821713    -6.15647185
      191     0.00216298    -6.41814646    -6.41598348    -6.41814646    -6.15671617
      192     0.00200194    -6.41807516    -6.41607322    -6.41807516    -6.15694527
      193     0.00185317    -6.41800444    -6.41615127    -6.41800444    -6.15715800
      194     0.00171655    -6.41793542    -6.41621887    -6.41793542    -6.15735335
      195     0.00159191    -6.41786908    -6.41627717    -6.41786908    -6.15753049
      196     0.00147906    -6.41780630    -6.41632724    -6.41780630    -6.15768873
      197     0.00137777    -6.41774781    -6.41637004    -6.41774781    -6.15782751
      198     0.00128778    -6.41769421    -6.41640643    -6.41769421    -6.15794640
      199     0.00120880    -6.41764598    -6.41643718    -6.41764598    -6.15804505
      200     0.00114050    -6.41760345    -6.41646295    -6.41760345    -6.15812324
      201     0.00108250    -6.41756683    -6.41648433    -6.41756683    -6.15818084
      202     0.00103441    -6.41753622    -6.41650181    -6.41753622    -6.15821782
      203     0.00099583    -6.41751161    -6.41651578    -6.41751161    -6.15823424
      204     0.00096632    -6.41749287    -6.41652655    -6.41749287    -6.15823031
      205     0.00094547    -6.41747983    -6.41653436    -6.41747983    -6.15820630
      206     0.00093287    -6.41747223    -6.41653936    -6.41747223    -6.15816266
      207     0.00092815    -6.41746980    -6.41654165    -6.41746980    -6.15809995
      208     0.00093097    -6.41747222    -6.41654125    -6.41747222    -6.15801890
      209     0.00094106    -6.41747918    -6.41653812    -6.41747918    -6.15792039
      210     0.00095822    -6.41749038    -6.41653216    -6.41749038    -6.15780547
      211     0.00098232    -6.41750553    -6.41652321    -6.41750553    -6.15767538
      212     0.00101331    -6.41752440    -6.41651109    -6.41752440    -6.15753152
      213     0.00105124    -6.41754675    -6.41649551    -6.41754675    -6.15737546
      214     0.00109623    -6.41757242    -6.41647619    -6.41757242    -6.15720893
      215     0.00114849    -6.41760125    -6.41645276    -6.41760125    -6.15703381
      216     0.00120828    -6.41763310    -6.41642482    -6.41763310    -6.15685212
      217     0.00127596    -6.41766784    -6.41639188    -6.41766784    -6.15666596
      218     0.00135187    -6.41770533    -6.41635346    -6.41770533    -6.15647754
      219     0.00143641    -6.41774540    -6.41630899    -6.41774540    -6.15628910
      220     0.00152996    -6.41778782    -6.41625786    -6.41778782    -6.15610293
      221     0.00163290    -6.41783231    -6.41619941    -6.41783231    -6.15592128
      222     0.00174557    -6.41787851    -6.41613294    -6.41787851    -6.15574641
      223     0.00186820    -6.41792597    -6.41605777    -6.41792597    -6.15558054
      224     0.00200096    -6.41797411    -6.41597315    -6.41797411    -6.15542578
      225     0.00214389    -6.41802228    -6.41587839    -6.41802228    -6.15528418
      226     0.00229689    -6.41806969    -6.41577280    -6.41806969    -6.15515767
      227     0.00245974    -6.41811545    -6.41565571    -6.41811545    -6.15504808
      228     0.00263202    -6.41815858    -6.41552656    -6.41815858    -6.15495707
      229     0.00281319    -6.41819798    -6.41538479    -6.41819798    -6.15488619
      230     0.00300247    -6.41823251    -6.41523004    -6.41823251    -6.15483682
      231     0.00319893    -6.41826088    -6.41506195    -6.41826088    -6.15481019
      232     0.00340144    -6.41828183    -6.41488039    -6.41828183    -6.15480729
      233     0.00360867    -6.41829402    -6.41468535    -6.41829402    -6.15482893
      234     0.00381908    -6.41829603    -6.41447695    -6.41829603    -6.15487571
      235     0.00403094    -6.41828643    -6.41425549    -6.41828643    -6.15494799
      236     0.00424231    -6.41826378    -6.41402147    -6.41826378    -6.15504579
      237     0.00445106    -6.41822656    -6.41377550    -6.41822656    -6.15516895
      238     0.00465487    -6.41817328    -6.41351841    -6.41817328    -6.15531693
      239     0.00485126    -6.41810243    -6.41325117    -6.41810243    -6.15548888
      240     0.00503760    -6.41801253    -6.41297493    -6.41801253    -6.15568361
      241     0.00521117    -6.41790211    -6.41269094    -6.41790211    -6.15589962
      242     0.00536915    -6.41776976    -6.41240061    -6.41776976    -6.15613512
      243     0.00550877    -6.41761418    -6.41210541    -6.41761418    -6.15638801
      244     0.00562727    -6.41743419    -6.41180692    -6.41743419    -6.15665598
      245     0.00572198    -6.41722876    -6.41150678    -6.41722876    -6.15693651
      246     0.00579045    -6.41699715    -6.41120670    -6.41699715    -6.15722697
      247     0.00583069    -6.41673885    -6.41090816    -6.41673885    -6.15752464
      248     0.00584103    -6.41645373    -6.41061270    -6.41645373    -6.15782680
      249     0.00582032    -6.41614206    -6.41032174    -6.41614206    -6.15813080
      250     0.00576799    -6.41580455    -6.41003656    -6.41580455    -6.15843411
      251     0.00568409    -6.41544239    -6.40975830    -6.41544239    -6.15873438
      252     0.00556937    -6.41505731    -6.40948794    -6.41505731    -6.15902946
      253     0.00542524    -6.41465158    -6.40922634    -6.41465158    -6.15931742
      254     0.00525384    -6.41422801    -6.40897417    -6.41422801    -6.15959657
      255     0.00505799    -6.41378994    -6.40873195    -6.41378994    -6.15986541
      256     0.00484118    -6.41334121    -6.40850003    -6.41334121    -6.16012259
      257     0.00460749    -6.41288614    -6.40827865    -6.41288614    -6.16036690
      258     0.00436159    -6.41242946    -6.40806787    -6.41242946    -6.16059714
      259     0.00410859    -6.41197623    -6.40786764    -6.41197623    -6.16081210
      260     0.00385387    -6.41153178    -6.40767791    -6.41153178    -6.16101045
      261     0.00360336    -6.41110164    -6.40749828    -6.41110164    -6.16119071
      262     0.00336339    -6.41069141    -6.40732802    -6.41069141    -6.16135117
      263     0.00314033    -6.41030663    -6.40716630    -6.41030663    -6.16148994
      264     0.00294065    -6.40995271    -6.40701206    -6.40995271    -6.16160488
      265     0.00277087    -6.40963478    -6.40686391    -6.40963478    -6.16169366
      266     0.00263746    -6.40935758    -6.40672012    -6.40935758    -6.16175383
      267     0.00254678    -6.40912537    -6.40657859    -6.40912537    -6.16178287
      268     0.00250496    -6.40894173    -6.40643677    -6.40894173    -6.16177836
      269     0.00251779    -6.40880955    -6.40629176    -6.40880955    -6.16173800
      270     0.00259064    -6.40873085    -6.40614021    -6.40873085    -6.16165981
      271     0.00272832    -6.40870679    -6.40597847    -6.40870679    -6.16154217
      272     0.00293495    -6.40873753    -6.40580258    -6.40873753    -6.16138392
      273     0.00321381    -6.40882231    -6.40560850    -6.40882231    -6.16118439
      274     0.00356716    -6.40895938    -6.40539222    -6.40895938    -6.16094339
      275     0.00399611    -6.40914602    -6.40514991    -6.40914602    -6.16066127
      276     0.00450038    -6.40937859    -6.40487821    -6.40937859    -6.16033885
      277     0.00507809    -6.40965259    -6.40457450    -6.40965259    -6.15997744
      278     0.00572556    -6.40996271    -6.40423715    -6.40996271    -6.15957874
      279     0.00643709    -6.41030288    -6.40386579    -6.41030288    -6.15914495
      280     0.00720479    -6.41066636    -6.40346157    -6.41066636    -6.15867871
      281     0.00801845    -6.41104586    -6.40302741    -6.41104586    -6.15818319
      282     0.00886545    -6.41143362    -6.40256817    -6.41143362    -6.15766215
      283     0.00973089    -6.41182159    -6.40209070    -6.41182159    -6.15712004
      284     0.01059775    -6.41220156    -6.40160381    -6.41220156    -6.15656209
      285     0.01144729    -6.41256538    -6.40111809    -6.41256538    -6.15599441
      286     0.01225948    -6.41290521    -6.40064573    -6.41290521    -6.15542402
      287     0.01301383    -6.41321367    -6.40019984    -6.41321367    -6.15485895
      288     0.01369019    -6.41348419    -6.39979400    -6.41348419    -6.15430812
      289     0.01426970    -6.41371119    -6.39944149    -6.41371119    -6.15378126
      290     0.01473566    -6.41389028    -6.39915462    -6.41389028    -6.15328873
      291     0.01507472    -6.41401847    -6.39894375    -6.41401847    -6.15284128
      292     0.01527769    -6.41409427    -6.39881658    -6.41409427    -6.15244958
      293     0.01533984    -6.41411771    -6.39877787    -6.41411771    -6.15212392
      294     0.01526150    -6.41409031    -6.39882881    -6.41409031    -6.15187367
      295     0.01504800    -6.41401495    -6.39896695    -6.41401495    -6.15170696
      296     0.01470916    -6.41389571    -6.39918655    -6.41389571    -6.15163019
      297     0.01425868    -6.41373760    -6.39947892    -6.41373760    -6.15164777
      298     0.01371322    -6.41354623    -6.39983301    -6.41354623    -6.15176187
      299     0.01309136    -6.41332761    -6.40023625    -6.41332761    -6.15197237
      300     0.01241251    -6.41308777    -6.40067526    -6.41308777    -6.15227682
