#    Step     Kinetic(H)     Potential(H)   Total(H)       E(0)(H)        E(1)(H)        E(2)(H)        
        0     0.00360236    -4.96209314    -4.95849077    -5.27486650    -5.05584062    -4.96209314
        1     0.00424104    -4.96274622    -4.95850518    -5.27551958    -5.05630996    -4.96274622
        2     0.00554944    -4.96404350    -4.95849406    -5.27608188    -5.05694575    -4.96404350
        3     0.00743454    -4.96593375    -4.95849921    -5.27646541    -5.05766003    -4.96593375
        4     0.00976283    -4.96827863    -4.95851581    -5.27656859    -5.05831444    -4.96827863
        5     0.01236459    -4.97093823    -4.95857364    -5.27628823    -5.05876907    -4.97093823
        6     0.01504742    -4.97378545    -4.95873803    -5.27553402    -5.05893360    -4.97378545
        7     0.01761605    -4.97664633    -4.95903029    -5.27424224    -5.05874429    -4.97664633
        8     0.01989688    -4.97942485    -4.95952798    -5.27239034    -5.05814187    -4.97942485
        9     0.02176225    -4.98203962    -4.96027736    -5.27000720    -5.05708171    -4.98203962
       10     0.02314762    -4.98450081    -4.96135320    -5.26717650    -5.05568422    -4.98450081
       11     0.02405519    -4.98682745    -4.96277226    -5.26402749    -5.05400519    -4.98682745
       12     0.02454231    -4.98902557    -4.96448326    -5.26071321    -5.05223438    -4.98902557
       13     0.07803883    -5.05041219    -4.97237336    -5.25738430    -5.05041219    -4.99120905
       14     0.01982597    -4.99469306    -4.97486709    -5.25160747    -5.04728132    -4.99469306
       15     0.01918874    -4.99646484    -4.97727610    -5.24871209    -5.04574566    -4.99646484
       16     0.01883465    -4.99833888    -4.97950424    -5.24613947    -5.04456951    -4.99833888
       17     0.01875506    -5.00030832    -4.98155326    -5.24384599    -5.04363575    -5.00030832
       18     0.01888209    -5.00229143    -4.98340934    -5.24174992    -5.04293616    -5.00229143
       19     0.01911252    -5.00422588    -4.98511336    -5.23975220    -5.04229816    -5.00422588
       20     0.01933217    -5.00601314    -4.98668096    -5.23775428    -5.04169672    -5.00601314
       21     0.01943755    -5.00756982    -4.98813227    -5.23567278    -5.04101169    -5.00756982
       22     0.01935126    -5.00883677    -4.98948551    -5.23344854    -5.04014718    -5.00883677
       23     0.01903001    -5.00982011    -4.99079010    -5.23105095    -5.03914606    -5.00982011
       24     0.01846532    -5.01051663    -4.99205131    -5.22847678    -5.03793161    -5.01051663
       25     0.01767902    -5.01094677    -4.99326775    -5.22574648    -5.03656104    -5.01094677
       26     0.01671558    -5.01114871    -4.99443312    -5.22289822    -5.03499901    -5.01114871
       27     0.01563299    -5.01117177    -4.99553878    -5.21998135    -5.03336836    -5.01117177
       28     0.01449412    -5.01103359    -4.99653947    -5.21705021    -5.03168670    -5.01103359
       29     0.01335914    -5.01086128    -4.99750214    -5.21415846    -5.02993417    -5.01086128
       30     0.01227966    -5.01066608    -4.99838642    -5.21135405    -5.02826900    -5.01066608
       31     0.01129553    -5.01045049    -4.99915496    -5.20867626    -5.02665693    -5.01045049
       32     0.01043355    -5.01035372    -4.99992016    -5.20615404    -5.02509019    -5.01035372
       33     0.00970709    -5.01028267    -5.00057558    -5.20380453    -5.02365942    -5.01028267
       34     0.00911714    -5.01031660    -5.00119946    -5.20163350    -5.02237037    -5.01031660
       35     0.00865451    -5.01045119    -5.00179668    -5.19963663    -5.02114524    -5.01045119
       36     0.00830276    -5.01063742    -5.00233466    -5.19780165    -5.02000849    -5.01063742
       37     0.00804041    -5.01093077    -5.00289036    -5.19611054    -5.01897887    -5.01093077
       38     0.00784167    -5.01123373    -5.00339206    -5.19453928    -5.01795885    -5.01123373
       39     0.00767762    -5.01155480    -5.00387717    -5.19305963    -5.01699369    -5.01155480
       40     0.00751697    -5.01182618    -5.00430921    -5.19164055    -5.01605235    -5.01182618
       41     0.00732628    -5.01209122    -5.00476495    -5.19025187    -5.01506792    -5.01209122
       42     0.00706013    -5.01225286    -5.00519274    -5.18887004    -5.01405358    -5.01225286
       43     0.00656194    -5.01219237    -5.00563043    -5.18748657    -5.01314785    -5.01219237
       44     0.00676441    -5.01273015    -5.00596574    -5.18615014    -5.01273015    -5.01155417
       45     0.00623455    -5.01258467    -5.00635012    -5.18475518    -5.01258467    -5.01052671
       46     0.00574234    -5.01240988    -5.00666753    -5.18333091    -5.01240988    -5.00935968
       47     0.00524684    -5.01218911    -5.00694227    -5.18189742    -5.01218911    -5.00810994
       48     0.00476535    -5.01195219    -5.00718684    -5.18048452    -5.01195219    -5.00688079
       49     0.00432568    -5.01169619    -5.00737051    -5.17912604    -5.01169619    -5.00563255
       50     0.00395513    -5.01152720    -5.00757207    -5.17785457    -5.01152720    -5.00443458
       51     0.00367473    -5.01139802    -5.00772329    -5.17669641    -5.01139802    -5.00334992
       52     0.00349539    -5.01136121    -5.00786582    -5.17566737    -5.01136121    -5.00235763
       53     0.00341581    -5.01141946    -5.00800364    -5.17477014    -5.01141946    -5.00146040
       54     0.00342247    -5.01156187    -5.00813941    -5.17399382    -5.01156187    -5.00072083
       55     0.00349146    -5.01176566    -5.00827420    -5.17331562    -5.01176566    -5.00004263
       56     0.00359205    -5.01199961    -5.00840756    -5.17270434    -5.01199961    -4.99943135
       57     0.00369114    -5.01222887    -5.00853772    -5.17212511    -5.01222887    -4.99885212
       58     0.00375797    -5.01241987    -5.00866191    -5.17154438    -5.01241987    -4.99830814
       59     0.00376816    -5.01254483    -5.00877667    -5.17093435    -5.01254483    -4.99769811
       60     0.00370659    -5.01258493    -5.00887834    -5.17027622    -5.01258493    -4.99711347
       61     0.00356859    -5.01253191    -5.00896332    -5.16956170    -5.01253191    -4.99647246
       62     0.00335981    -5.01242495    -5.00906515    -5.16879326    -5.01242495    -4.99577752
       63     0.00309461    -5.01220241    -5.00910780    -5.16798273    -5.01220241    -4.99507724
       64     0.00279357    -5.01199329    -5.00919972    -5.16714887    -5.01199329    -4.99439037
       65     0.00248069    -5.01171028    -5.00922959    -5.16631462    -5.01171028    -4.99370312
       66     0.00218057    -5.01145104    -5.00927047    -5.16550415    -5.01145104    -4.99311314
       67     0.00191588    -5.01120144    -5.00928556    -5.16474005    -5.01120144    -4.99253279
       68     0.00170528    -5.01101691    -5.00931163    -5.16404103    -5.01101691    -4.99209102
       69     0.00156202    -5.01091052    -5.00934849    -5.16342015    -5.01091052    -4.99172738
       70     0.00149323    -5.01085201    -5.00935878    -5.16288390    -5.01085201    -4.99144837
       71     0.00149979    -5.01084110    -5.00934130    -5.16243200    -5.01084110    -4.99129046
       72     0.00157669    -5.01094452    -5.00936783    -5.16205768    -5.01094452    -4.99121015
       73     0.00171374    -5.01107639    -5.00936265    -5.16174855    -5.01107639    -4.99119501
       74     0.00189656    -5.01125651    -5.00935995    -5.16148769    -5.01125651    -4.99126489
       75     0.00210775    -5.01146487    -5.00935712    -5.16125505    -5.01146487    -4.99132625
       76     0.00232823    -5.01167987    -5.00935164    -5.16102906    -5.01167987    -4.99139425
       77     0.00253869    -5.01188002    -5.00934133    -5.16078822    -5.01188002    -4.99144740
       78     0.00272124    -5.01200892    -5.00928769    -5.16051288    -5.01200892    -4.99142931
       79     0.00286099    -5.01212400    -5.00926301    -5.16018697    -5.01212400    -4.99136064
       80     0.00294769    -5.01217757    -5.00922988    -5.15979954    -5.01217757    -4.99123046
       81     0.00297706    -5.01216520    -5.00918814    -5.15934618    -5.01216520    -4.99099760
       82     0.00295188    -5.01208984    -5.00913796    -5.15882983    -5.01208984    -4.99066499
       83     0.00288251    -5.01196227    -5.00907977    -5.15826127    -5.01196227    -4.99024343
       84     0.00278684    -5.01180083    -5.00901398    -5.15765883    -5.01180083    -4.98978799
       85     0.00268924    -5.01163003    -5.00894079    -5.15704704    -5.01163003    -4.98924970
       86     0.00261851    -5.01151505    -5.00889654    -5.15645432    -5.01151505    -4.98869373
       87     0.00260521    -5.01141169    -5.00880649    -5.15590998    -5.01141169    -4.98818613
       88     0.00267814    -5.01141999    -5.00874184    -5.15544053    -5.01141999    -4.98767993
       89     0.00286072    -5.01152314    -5.00866242    -5.15506594    -5.01152314    -4.98723185
       90     0.00316761    -5.01173145    -5.00856384    -5.15479650    -5.01173145    -4.98685216
       91     0.00360226    -5.01204346    -5.00844119    -5.15463077    -5.01204346    -4.98650269
       92     0.00415595    -5.01244572    -5.00828977    -5.15455530    -5.01244572    -4.98624346
       93     0.00480841    -5.01295096    -5.00814255    -5.15454605    -5.01295096    -4.98597697
       94     0.00553027    -5.01345423    -5.00792396    -5.15457158    -5.01345423    -4.98574526
       95     0.00628691    -5.01399448    -5.00770757    -5.15459733    -5.01399448    -4.98544026
       96     0.00704315    -5.01453882    -5.00749568    -5.15459044    -5.01453882    -4.98506588
       97     0.00776796    -5.01498695    -5.00721898    -5.15452407    -5.01498695    -4.98463202
       98     0.00843849    -5.01539498    -5.00695649    -5.15438086    -5.01539498    -4.98408457
       99     0.00904272    -5.01575697    -5.00671424    -5.15415486    -5.01575697    -4.98341757
      100     0.00958031    -5.01604166    -5.00646136    -5.15385157    -5.01604166    -4.98263654
      101     0.01006170    -5.01626474    -5.00620303    -5.15348666    -5.01626474    -4.98179389
      102     0.01050603    -5.01648642    -5.00598039    -5.15308360    -5.01648642    -4.98091309
      103     0.01093772    -5.01669806    -5.00576033    -5.15267050    -5.01669806    -4.97998550
      104     0.01138259    -5.01696555    -5.00558296    -5.15227650    -5.01696555    -4.97911376
      105     0.01186398    -5.01731584    -5.00545187    -5.15192856    -5.01731584    -4.97828808
      106     0.01239969    -5.01773454    -5.00533485    -5.15164902    -5.01773454    -4.97749404
      107     0.01299973    -5.01827456    -5.00527482    -5.15145405    -5.01827456    -4.97685808
      108     0.01366512    -5.01898208    -5.00531696    -5.15135309    -5.01898208    -4.97627938
      109     0.01438736    -5.01978617    -5.00539880    -5.15134869    -5.01978617    -4.97587074
      110     0.01514891    -5.02071973    -5.00557082    -5.15143702    -5.02071973    -4.97555483
      111     0.01592425    -5.02177334    -5.00584909    -5.15160865    -5.02177334    -4.97535896
      112     0.01668195    -5.02293306    -5.00625111    -5.15184964    -5.02293306    -4.97523246
      113     0.01738735    -5.02421848    -5.00683113    -5.15214283    -5.02421848    -4.97523166
      114     0.01800602    -5.02553711    -5.00753109    -5.15246922    -5.02553711    -4.97526406
      115     0.01850764    -5.02694316    -5.00843553    -5.15280955    -5.02694316    -4.97534713
      116     0.01886985    -5.02838187    -5.00951202    -5.15314578    -5.02838187    -4.97546287
      117     0.01908176    -5.02983814    -5.01075638    -5.15346281    -5.02983814    -4.97555941
      118     0.01914601    -5.03126444    -5.01211843    -5.15374988    -5.03126444    -4.97566273
      119     0.01907900    -5.03272880    -5.01364980    -5.15400152    -5.03272880    -4.97573062
      120     0.01890899    -5.03419468    -5.01528569    -5.15421792    -5.03419468    -4.97580003
