#     Density Matrix: coherence Re-Im; see the manual for detail orders
        0     0.00000000     0.00000000     0.00000000     0.00000000     0.00000000     0.00000000
        1     0.00000001    -0.00000001    -0.00004958     0.00009643    -0.00014918     0.00005683
        2     0.00000004    -0.00000003    -0.00000022     0.00015173    -0.00017317     0.00027823
        3     0.00000002     0.00000016    -0.00005206     0.00029008     0.00051256     0.00016858
        4    -0.00000044     0.00000067    -0.00002659     0.00036257     0.00193972    -0.00107480
        5    -0.00000235     0.00000182    -0.00004701     0.00054924     0.00366118    -0.00396347
        6    -0.00000530     0.00000287    -0.00003200     0.00061185     0.00512987    -0.00840085
        7    -0.00001097     0.00000446    -0.00003093     0.00077315     0.00631990    -0.01393319
        8    -0.00001654     0.00000593    -0.00002570     0.00079589     0.00811475    -0.02051267
        9    -0.00002714     0.00001052    -0.00002322     0.00091849     0.01218272    -0.02921583
       10    -0.00003883     0.00001845    -0.00001230     0.00090309     0.02096905    -0.04261282
       11    -0.00006546     0.00003680    -0.00002421     0.00098153     0.03888654    -0.06534913
       12    -0.00009934     0.00007269     0.00000780     0.00092442     0.07636869    -0.10622923
       13    -0.00018203     0.00014955    -0.00002045     0.00091051     0.15807739    -0.18383052
       14    -0.00026799     0.00029100     0.00007925     0.00068729     0.28144990    -0.32630065
       15    -0.00032039     0.00015900     0.00005435     0.00031488     0.14195268    -0.47612866
       16    -0.00027855    -0.00026261    -0.00011315     0.00034175    -0.21085842    -0.45232327
       17    -0.00028087    -0.00044399    -0.00007106     0.00070279    -0.37687799    -0.29541832
       18    -0.00010713    -0.00038480     0.00001395     0.00070573    -0.41510908    -0.10677607
       19     0.00009403    -0.00037605    -0.00006002     0.00082294    -0.37915243     0.06594959
       20     0.00015704    -0.00031458     0.00010955     0.00082970    -0.29586370     0.19994177
       21     0.00032369    -0.00013370    -0.00016446     0.00086325    -0.18845237     0.28767316
       22     0.00048538    -0.00013492     0.00005870     0.00127979    -0.07608301     0.33196059
       23     0.00031832    -0.00008813     0.00028755     0.00078275     0.02803097     0.34122137
       24     0.00027073     0.00017956    -0.00019383     0.00078524     0.11652540     0.32564301
       25     0.00037647     0.00009771     0.00029244     0.00091054     0.18675397     0.29480002
       26     0.00008775    -0.00000317     0.00015186     0.00015190     0.23852615     0.25646311
       27     0.00002662     0.00034021    -0.00046959     0.00069770     0.27297386     0.21649909
       28     0.00030997     0.00029051     0.00028473     0.00103248     0.29240686     0.17877233
       29     0.00012030     0.00002507     0.00025628     0.00019931     0.29727921     0.14565890
       30    -0.00007623     0.00023471    -0.00046148     0.00054072     0.28626088     0.11850634
       31     0.00015451     0.00027150     0.00015867     0.00103170     0.25659026     0.09799957
       32     0.00010279     0.00001919     0.00038119     0.00025101     0.20065561     0.08432980
       33    -0.00002015     0.00006877    -0.00043413     0.00032825     0.10396664     0.07713326
       34     0.00000000     0.00000000     0.00000000     0.00000000     0.00000000     0.00000000
       35     0.00010649    -0.00014311    -0.00053467     0.00074069    -0.18808087     0.00272500
       36    -0.00010788    -0.00038961     0.00030299     0.00097610    -0.34187352     0.01054846
       37    -0.00016269    -0.00008340     0.00029441     0.00013210    -0.42831068     0.02227033
       38     0.00035792    -0.00024061    -0.00047278     0.00037419    -0.47176122     0.03670784
       39     0.00009661    -0.00084927    -0.00000510     0.00100051    -0.49097666     0.05331899
       40    -0.00043108    -0.00040928     0.00049955     0.00035283    -0.49458669     0.07198056
       41     0.00017926     0.00001476    -0.00016757     0.00001763    -0.49023822     0.09275383
       42     0.00047622    -0.00069598    -0.00026329     0.00068871    -0.48191129     0.11534430
       43    -0.00028709    -0.00082545     0.00042314     0.00058907    -0.47116506     0.13967720
       44    -0.00024179    -0.00003216     0.00018972    -0.00004139    -0.45823466     0.16571822
       45     0.00055353    -0.00022779    -0.00031979     0.00033041    -0.44280811     0.19315310
       46     0.00023204    -0.00097558     0.00018235     0.00072115    -0.42416460     0.22144918
       47    -0.00043655    -0.00052169     0.00046085     0.00015137    -0.40136004     0.24974500
       48     0.00012148     0.00009439    -0.00010374    -0.00000233    -0.37239227     0.27603083
       49     0.00069051    -0.00054250    -0.00009972     0.00054925    -0.33882155     0.30028008
       50     0.00000465    -0.00104457     0.00045398     0.00042839    -0.30081900     0.32156451
       51    -0.00043049    -0.00024876     0.00025741    -0.00010722    -0.25903307     0.33908801
       52     0.00040671     0.00016203    -0.00018403     0.00013876    -0.21400674     0.35222682
       53     0.00072121    -0.00069010     0.00016010     0.00046583    -0.16635528     0.36027650
       54    -0.00016633    -0.00088548     0.00041335     0.00005242    -0.11700304     0.36261488
       55    -0.00028134     0.00005111     0.00000045    -0.00012386    -0.06688724     0.35872301
       56     0.00065404     0.00011279    -0.00005868     0.00026318    -0.01713189     0.34821892
       57     0.00061685    -0.00080004     0.00032519     0.00020497     0.03117531     0.33092483
       58    -0.00032012    -0.00066986     0.00020377    -0.00016877     0.07681911     0.30684892
       59    -0.00015406     0.00027247    -0.00010398    -0.00001123     0.11846674     0.27626896
       60     0.00074823     0.00005364     0.00011334     0.00020608     0.15485520     0.23972863
       61     0.00044754    -0.00084382     0.00027136    -0.00007327     0.18472766     0.19807074
       62    -0.00047231    -0.00052230    -0.00001980    -0.00019378     0.20705583     0.15236850
       63    -0.00015218     0.00035311    -0.00007493     0.00006659     0.22095189     0.10392059
       64     0.00068198    -0.00003797     0.00016560     0.00003000     0.22574789     0.05434151
       65     0.00037736    -0.00099895     0.00009331    -0.00023047     0.22081241     0.00541305
       66    -0.00052631    -0.00088053    -0.00015174    -0.00016783     0.20645581    -0.04090153
       67    -0.00041897    -0.00004858    -0.00008419     0.00002681     0.18344743    -0.08266970
       68     0.00040384    -0.00023066     0.00003564    -0.00008638     0.15244778    -0.11796089
       69     0.00017673    -0.00110240    -0.00014492    -0.00015735     0.11456029    -0.14498209
       70    -0.00068336    -0.00092654    -0.00020608     0.00004580     0.07202842    -0.16225534
       71    -0.00044658    -0.00017903    -0.00004371     0.00007242     0.02752224    -0.16884701
       72     0.00040075    -0.00050130    -0.00009191    -0.00005927    -0.01665761    -0.16437553
       73     0.00021807    -0.00145112    -0.00023522     0.00005304    -0.05782383    -0.14913705
       74    -0.00061514    -0.00138614    -0.00011736     0.00021085    -0.09329075    -0.12416520
       75    -0.00049138    -0.00059778     0.00000500     0.00011975    -0.12108867    -0.09120784
       76     0.00043217    -0.00070040    -0.00009945     0.00007681    -0.13934400    -0.05246309
       77     0.00053274    -0.00166748    -0.00009786     0.00024302    -0.14592424    -0.01090174
       78    -0.00030235    -0.00184267     0.00010007     0.00025505    -0.14055372     0.03001662
       79    -0.00044068    -0.00101341     0.00012504     0.00009840    -0.12438589     0.06704412
       80     0.00045295    -0.00078407     0.00003193     0.00012443    -0.09907078     0.09721562
       81     0.00082684    -0.00162655     0.00013973     0.00021077    -0.06707025     0.11820434
       82     0.00006194    -0.00206150     0.00026766     0.00007387    -0.03147866     0.12850545
       83    -0.00042450    -0.00134536     0.00017249    -0.00006086     0.00429737     0.12763828
       84     0.00024318    -0.00080587     0.00010435    -0.00000129     0.03691313     0.11617100
       85     0.00086307    -0.00143543     0.00019477    -0.00000870     0.06332805     0.09565824
       86     0.00032687    -0.00219721     0.00017874    -0.00015786     0.08113538     0.06846642
       87     0.00000000     0.00000000     0.00000000     0.00000000     0.00000000     0.00000000
       88     0.00173304    -0.00147434    -0.00001311     0.00001575    -0.00887324     0.00153640
       89     0.00062377    -0.00342713     0.00001077     0.00006331    -0.01732217     0.00629529
       90    -0.00132565    -0.00276948     0.00007076     0.00004828    -0.02411240     0.01398638
       91    -0.00091711    -0.00084218     0.00004596     0.00000162    -0.02802971     0.02397974
       92     0.00113033    -0.00089387    -0.00000026     0.00006462    -0.02790155     0.03498709
       93     0.00158027    -0.00291945     0.00009561     0.00014114    -0.02361577     0.04544656
       94    -0.00021606    -0.00380752     0.00020816     0.00004737    -0.01544448     0.05362270
       95    -0.00143317    -0.00228996     0.00013941    -0.00007316    -0.00440669     0.05791634
       96    -0.00024112    -0.00076007     0.00004175    -0.00001970     0.00769091     0.05718302
       97     0.00155961    -0.00154748     0.00010839     0.00005130     0.01851921     0.05117056
       98     0.00130488    -0.00353366     0.00017799    -0.00003887     0.02598679     0.04065543
       99    -0.00064164    -0.00388708     0.00008867    -0.00012743     0.02820232     0.02743072
      100    -0.00150333    -0.00220369    -0.00000483    -0.00007462     0.02410759     0.01425806
      101    -0.00011260    -0.00096960     0.00000259    -0.00001420     0.01413772     0.00431200
      102     0.00154460    -0.00198449     0.00000152    -0.00000026     0.00045412     0.00041403
      103     0.00120410    -0.00392440    -0.00000032     0.00005737    -0.01338223     0.00402344
      104    -0.00062002    -0.00428403     0.00007682     0.00009079    -0.02328264     0.01454860
      105    -0.00147425    -0.00272276     0.00011714     0.00002722    -0.02570609     0.02903824
      106    -0.00024315    -0.00138070     0.00006381     0.00001616    -0.01920242     0.04273255
      107     0.00150057    -0.00202079     0.00009420     0.00008674    -0.00534265     0.05046138
      108     0.00160468    -0.00386746     0.00020646     0.00003458     0.01123992     0.04858646
      109    -0.00001550    -0.00471663     0.00017366    -0.00011499     0.02420996     0.03682633
      110    -0.00138966    -0.00367011     0.00003122    -0.00012863     0.02780422     0.01902362
      111    -0.00093557    -0.00212412    -0.00001354    -0.00004398     0.01968415     0.00229742
      112     0.00077036    -0.00200819    -0.00000959    -0.00000988     0.00269297    -0.00580644
      113     0.00179763    -0.00359258    -0.00003147     0.00005450    -0.01563249    -0.00093426
      114     0.00103861    -0.00527293     0.00005276     0.00015267    -0.02595138     0.01510831
      115    -0.00060578    -0.00540106     0.00019845     0.00009922    -0.02217398     0.03419432
      116    -0.00130136    -0.00407445     0.00019296    -0.00003687    -0.00550299     0.04550065
      117    -0.00034014    -0.00291086     0.00011594    -0.00005826     0.01512428     0.04151962
      118     0.00126873    -0.00326804     0.00011100    -0.00005949     0.02724276     0.02334422
      119     0.00198248    -0.00499226     0.00005165    -0.00010921     0.02243278     0.00143204
      120     0.00119605    -0.00671181    -0.00006363    -0.00003083     0.00281472    -0.00998093
