#    Step        Prob(0)        Prob(1)        
        0    -0.00000000     0.00000000
        1     0.00000000     0.00000000
        2     0.00000000     0.00000000
        3     0.00000001     0.00000000
        4     0.00000000     0.00000000
        5     0.00000001     0.00000000
        6     0.00000000     0.00000000
        7     0.00000000     0.00000000
        8     0.00000000     0.00000000
        9     0.00000000     0.00000000
       10     0.00000001     0.00000000
       11     0.00000000     0.00000000
       12     0.00000001     0.00000000
       13     0.00000000     0.00000000
       14     0.00000000     0.00000000
       15     0.00008917     0.00000000
       16     0.00000000     0.00000000
       17     0.00002388     0.00000000
       18     0.00001840     0.00000000
       19     0.00000000     0.00000000
       20     0.00007011     0.00000000
       21     0.00000000     0.00000000
       22     0.00000000     0.00000000
       23     0.00005556     0.00000000
       24     0.00000000     0.00000000
       25     0.00002231     0.00000000
       26     0.00004419     0.00000000
       27     0.00000000     0.00000000
       28     0.00001754     0.00000000
       29     0.00005174     0.00000000
       30     0.00000000     0.00000000
       31     0.00000000     0.00000000
       32     0.00006072     0.00000000
       33     0.00000000     0.00000000
       34     0.00000000     0.00000000
       35     0.00003615     0.00000000
       36     0.00003301     0.00000000
       37     0.00000000     0.00000000
       38     0.00000000     0.00000000
       39     0.00004231     0.00000000
       40     0.00001490     0.00000000
       41     0.00000000     0.00000000
       42     0.00000000     0.00000000
       43     0.00003603     0.00000000
       44     0.00001377     0.00000000
       45     0.00000000     0.00000000
       46     0.00000000     0.00000000
       47     0.00002578     0.00000000
       48     0.00002039     0.00000000
       49     0.00000000     0.00000000
       50     0.00000000     0.00000000
       51     0.00001015     0.00000000
       52     0.00002471     0.00000000
       53     0.00000000     0.00000000
       54     0.00000000     0.00000000
       55     0.00000000     0.00000000
       56     0.00001749     0.00000000
       57     0.00001523     0.00000000
       58     0.00000000     0.00000000
       59     0.00000000     0.00000000
       60     0.00000000     0.00000000
       61     0.00001611     0.00000000
       62     0.00001017     0.00000000
       63     0.00000000     0.00000000
       64     0.00000000     0.00000000
       65     0.00000000     0.00000000
       66     0.00001237     0.00000000
       67     0.00000907     0.00000000
       68     0.00000000     0.00000000
       69     0.00000000     0.00000000
       70     0.00000000     0.00000000
       71     0.00000676     0.00000000
       72     0.00000819     0.00000000
       73     0.00000044     0.00000000
       74     0.00000000     0.00000000
       75     0.00000000     0.00000000
       76     0.00000052     0.00000000
       77     0.00000404     0.00000000
       78     0.00000263     0.00000000
       79     0.00000000     0.00000000
       80     0.00000000     0.00000000
       81     0.00000000     0.00000000
       82     0.00000003     0.00000000
       83     0.00000000     0.00000000
       84     0.00000000     0.00000000
       85     0.00000000     0.00000000
       86     0.00000186     0.00000000
       87     0.00000279     0.00000000
       88     0.00000124     0.00000000
       89     0.00000000     0.00000000
       90     0.00000000     0.00000000
       91     0.00000000     0.00000000
       92     0.00000009     0.00000000
       93     0.00000376     0.00000000
       94     0.00000526     0.00000000
       95     0.00000350     0.00000000
       96     0.00000000     0.00000000
       97     0.00000000     0.00000000
       98     0.00000000     0.00000000
       99     0.00000000     0.00000000
      100     0.00000000     0.00000000
      101     0.00000522     0.00000000
      102     0.00000933     0.00000000
      103     0.00001031     0.00000000
      104     0.00000744     0.00000000
      105     0.00000142     0.00000000
      106     0.00000000     0.00000000
      107     0.00000000     0.00000000
      108     0.00000000     0.00000000
      109     0.00000000     0.00000000
      110     0.00000288     0.00000000
      111     0.00002354     0.00000000
      112     0.00005304     0.00000000
      113     0.00009235     0.00000000
      114     0.00014446     0.00000000
      115     0.00021676     0.00000000
      116     0.00032510     0.00000000
      117     0.00050149     0.00000000
      118     0.00080966     0.00000000
      119     0.00137827     0.00000000
      120     0.00247423     0.00000000
      121     0.00467045     0.00000000
      122     0.00923458     0.00000000
      123     0.01899391     0.00000000
      124     0.03987250     0.00000000
      125     0.08113993     0.00000000
      126     0.14404376     0.00000000
      127     0.00000000     0.00000000
      128     0.00000000     0.00000000
      129     0.00000000     0.00000000
      130     0.00000000     0.00000000
      131     0.00000000     0.00000000
      132     0.00000000     0.00000000
      133     0.00000000     0.00000000
      134     0.00000000     0.00386362
      135     0.00000000     0.00514110
      136     0.00000000     0.00449886
      137     0.00000000     0.00301978
      138     0.00000000     0.00147909
      139     0.00000000     0.00037391
      140     0.00000000     0.00000000
      141     0.00000000     0.00009838
      142     0.00000000     0.00062376
      143     0.00000000     0.00109283
      144     0.00000000     0.00111344
      145     0.00000000     0.00052618
      146     0.00000000     0.00000000
      147     0.00000000     0.00000000
      148     0.00000000     0.00000000
      149     0.00000000     0.00000000
      150     0.00000000     0.00083603
      151     0.00000000     0.00139006
      152     0.00000000     0.00067762
      153     0.00000000     0.00000000
      154     0.00000000     0.00000000
      155     0.00000000     0.00008871
      156     0.00000000     0.00007253
      157     0.00000000     0.00000000
      158     0.00000000     0.00000000
      159     0.00000000     0.00000000
      160     0.00000000     0.00011968
      161     0.00000000     0.00004549
      162     0.00000000     0.00000000
      163     0.00000000     0.00000000
      164     0.00000000     0.00013551
      165     0.00000000     0.00006648
      166     0.00000000     0.00000000
      167     0.00000000     0.00000000
      168     0.00000000     0.00020083
      169     0.00000000     0.00000000
      170     0.00000000     0.00000000
      171     0.00000000     0.00021224
      172     0.00000000     0.00009897
      173     0.00000000     0.00000000
      174     0.00000000     0.00019109
      175     0.00000000     0.00013399
      176     0.00000000     0.00000000
      177     0.00000000     0.00015940
      178     0.00000000     0.00001576
      179     0.00000000     0.00000000
      180     0.00000000     0.00015290
      181     0.00000000     0.00000000
      182     0.00000000     0.00000000
      183     0.00000000     0.00008182
      184     0.00000000     0.00000000
      185     0.00000000     0.00005304
      186     0.00000000     0.00000000
      187     0.00000000     0.00000000
      188     0.00000000     0.00004319
      189     0.00000000     0.00000000
      190     0.00000000     0.00003281
      191     0.00000000     0.00000000
      192     0.00000000     0.00000000
      193     0.00000000     0.00001685
      194     0.00000000     0.00000000
      195     0.00000000     0.00002466
      196     0.00000000     0.00000000
      197     0.00000000     0.00001177
      198     0.00000000     0.00000000
      199     0.00000000     0.00000000
      200     0.00000000     0.00001153
      201     0.00000000     0.00000000
      202     0.00000000     0.00001470
      203     0.00000000     0.00000000
      204     0.00000000     0.00000796
      205     0.00000000     0.00000000
      206     0.00000000     0.00000000
      207     0.00000000     0.00000633
      208     0.00000000     0.00000000
      209     0.00000000     0.00001010
      210     0.00000000     0.00000000
      211     0.00000000     0.00000723
      212     0.00000000     0.00000000
      213     0.00000000     0.00000048
      214     0.00000000     0.00000294
      215     0.00000000     0.00000000
      216     0.00000000     0.00000727
      217     0.00000000     0.00000000
      218     0.00000000     0.00000663
      219     0.00000000     0.00000000
      220     0.00000000     0.00000194
      221     0.00000000     0.00000091
      222     0.00000000     0.00000000
      223     0.00000000     0.00000520
      224     0.00000000     0.00000000
      225     0.00000000     0.00000561
      226     0.00000000     0.00000000
      227     0.00000000     0.00000230
      228     0.00000000     0.00000000
      229     0.00000000     0.00000000
      230     0.00000000     0.00000351
      231     0.00000000     0.00000000
      232     0.00000000     0.00000407
      233     0.00000000     0.00000000
      234     0.00000000     0.00000179
      235     0.00000000     0.00000000
      236     0.00000000     0.00000000
      237     0.00000000     0.00000189
      238     0.00000000     0.00000000
      239     0.00000000     0.00000191
      240     0.00000000     0.00000000
      241     0.00000000     0.00000061
      242     0.00000000     0.00000000
      243     0.00000000     0.00000000
      244     0.00000000     0.00000000
      245     0.00000000     0.00000056
      246     0.00000000     0.00000000
      247     0.00000000     0.00000133
      248     0.00000000     0.00000000
      249     0.00000000     0.00000023
      250     0.00000000     0.00000116
      251     0.00000000     0.00000000
      252     0.00000000     0.00000420
      253     0.00000000     0.00000000
      254     0.00000000     0.00000455
      255     0.00000000     0.00000000
      256     0.00000000     0.00000025
      257     0.00000000     0.00000306
      258     0.00000000     0.00000000
      259     0.00000000     0.00000846
      260     0.00000000     0.00000000
      261     0.00000000     0.00000751
      262     0.00000000     0.00000000
      263     0.00000000     0.00000000
      264     0.00000000     0.00000636
      265     0.00000000     0.00000000
      266     0.00000000     0.00001320
      267     0.00000000     0.00000000
      268     0.00000000     0.00000863
      269     0.00000000     0.00000000
      270     0.00000000     0.00000000
      271     0.00000000     0.00001323
      272     0.00000000     0.00000000
      273     0.00000000     0.00001772
      274     0.00000000     0.00000000
      275     0.00000000     0.00000310
      276     0.00000000     0.00000860
      277     0.00000000     0.00000000
      278     0.00000000     0.00002448
      279     0.00000000     0.00000000
      280     0.00000000     0.00001267
      281     0.00000000     0.00000294
      282     0.00000000     0.00000000
      283     0.00000000     0.00002991
      284     0.00000000     0.00000000
      285     0.00000000     0.00001935
      286     0.00000000     0.00000023
      287     0.00000000     0.00000000
      288     0.00000000     0.00003321
      289     0.00000000     0.00000000
      290     0.00000000     0.00001805
      291     0.00000000     0.00000268
      292     0.00000000     0.00000000
      293     0.00000000     0.00002683
      294     0.00000000     0.00000000
      295     0.00000000     0.00000740
      296     0.00000000     0.00000394
      297     0.00000000     0.00000000
      298     0.00000000     0.00000436
      299     0.00000000     0.00000090
      300     0.00000000     0.00000000
