#    Step        Prob(0)        Prob(1)        Prob(2)        
        0    -0.00000000    -0.00000000     0.00000000
        1     0.00000005     0.00001709     0.00000000
        2     0.00000000     0.00005207     0.00000000
        3     0.00000000     0.00006854     0.00000000
        4     0.00000012     0.00004900     0.00000000
        5     0.00000000     0.00000636     0.00000000
        6     0.00000025     0.00000000     0.00000000
        7     0.00000000     0.00006654     0.00000000
        8     0.00000037     0.00029320     0.00000000
        9     0.00000000     0.00072489     0.00000000
       10     0.00000045     0.00150528     0.00000000
       11     0.00000000     0.00319344     0.00000000
       12     0.00000042     0.00802086     0.00000000
       13     0.00000000     0.02582099     0.00000000
       14     0.00000011     0.10631676     0.00000000
       15     0.00000000     0.41747226     0.00000000
       16     0.00000000     0.30635487     0.00000000
       17     0.00000106     0.00000000     0.00000000
       18     0.00000012     0.00000000     0.00000000
       19     0.00000057     0.00000000     0.00000000
       20     0.00000000     0.00000000     0.00000000
       21     0.00000000     0.00000000     0.00000000
       22     0.00000000     0.00000000     0.00000000
       23     0.00000000     0.00000000     0.00000000
       24     0.00000000     0.00327283     0.00000000
       25     0.00000000     0.00441152     0.00000000
       26     0.00000000     0.00380626     0.00000000
       27     0.00000043     0.00238933     0.00000000
       28     0.00000000     0.00000000     0.00000000
       29     0.00000000     0.00000000     0.00000000
       30     0.00000051     0.00000000     0.00000000
       31     0.00000017     0.00000000     0.00000000
       32     0.00000000     0.00000000     0.00000000
       33     0.00000041     0.00000000     0.00000000
       34     0.00000019     0.00000000     0.00000000
       35     0.00000000     0.00000000     0.00000000
       36     0.00000025     0.00000000     0.00000000
       37     0.00000049     0.00337042     0.00000000
       38     0.00000000     0.04914195     0.00000000
       39     0.00000000     0.14398781     0.00000000
       40     0.00000077     0.23612329     0.00000000
       41     0.00000038     0.25699467     0.00000000
       42     0.00000000     0.23903093     0.00000000
       43     0.00000061     0.23052257     0.00000000
       44     0.00000142     0.25561775     0.00000000
       45     0.00000003     0.34431831     0.00000000
       46     0.00000000     0.00000000     0.00000000
       47     0.00000040     0.00000000     0.00000000
       48     0.00000000     0.00000000     0.00000000
       49     0.00000000     0.00000000     0.00775024
       50     0.00000016     0.00000000     0.01604087
       51     0.00000034     0.00000000     0.01461088
       52     0.00000000     0.00000000     0.01171657
       53     0.00000000     0.00000000     0.00926766
       54     0.00000036     0.00000000     0.00589165
       55     0.00000000     0.00000000     0.00289778
       56     0.00000000     0.00000000     0.00046846
       57     0.00000000     0.00000000     0.00000000
       58     0.00000026     0.00000000     0.00000000
       59     0.00000000     0.00000000     0.00000000
       60     0.00000000     0.00000000     0.00000000
       61     0.00000000     0.00000000     0.00229739
       62     0.00000017     0.00000000     0.00676902
       63     0.00000000     0.00000000     0.01296443
       64     0.00000000     0.00000000     0.02080360
       65     0.00000009     0.00000000     0.02996898
       66     0.00000078     0.00000000     0.03957623
       67     0.00000002     0.00000000     0.04804723
       68     0.00000022     0.00000000     0.05291141
       69     0.00000209     0.00000000     0.05079627
       70     0.00000244     0.00000000     0.03798880
       71     0.00000190     0.00000000     0.01443060
       72     0.00000213     0.00000000     0.00000000
       73     0.00000257     0.00000000     0.00000000
       74     0.00000161     0.00000000     0.00000000
       75     0.00000023     0.00000000     0.00000000
       76     0.00000000     0.00000000     0.00000000
       77     0.00000000     0.00000000     0.00000000
       78     0.00000000     0.00000000     0.00111631
       79     0.00000000     0.00000000     0.02938164
       80     0.00000000     0.00000000     0.04673513
       81     0.00000060     0.00000000     0.04598209
       82     0.00000104     0.00000000     0.02576131
       83     0.00000096     0.00000000     0.00000000
       84     0.00000067     0.00000000     0.00000000
       85     0.00000022     0.00000000     0.00000000
       86     0.00000000     0.00000000     0.00000000
       87     0.00000000     0.00000000     0.00000000
       88     0.00000000     0.00000000     0.01741936
       89     0.00000023     0.00000000     0.02398836
       90     0.00000050     0.00000000     0.01318195
       91     0.00000034     0.00000000     0.00000000
       92     0.00000022     0.00000000     0.00000000
       93     0.00000001     0.00000000     0.00000000
       94     0.00000000     0.00000000     0.00000000
       95     0.00000000     0.00000000     0.00881156
       96     0.00000018     0.00000000     0.00965289
       97     0.00000087     0.00000000     0.00207528
       98     0.00000057     0.00000000     0.00000000
       99     0.00000000     0.00000000     0.00000000
      100     0.00000000     0.00000000     0.00000000
      101     0.00000000     0.00000000     0.00312096
      102     0.00000065     0.00000000     0.00267828
      103     0.00000092     0.00000000     0.00000000
      104     0.00000052     0.00000000     0.00000000
      105     0.00000000     0.00000000     0.00000000
      106     0.00000000     0.00000000     0.00000000
      107     0.00000025     0.00000000     0.00000000
      108     0.00000146     0.00000000     0.00000000
      109     0.00000172     0.00000000     0.00170905
      110     0.00000031     0.00000000     0.00268947
      111     0.00000000     0.00000000     0.00000000
      112     0.00000010     0.00000000     0.00000000
      113     0.00000263     0.00000000     0.00000000
      114     0.00000318     0.00000000     0.00297186
      115     0.00000056     0.00000000     0.00465188
      116     0.00000000     0.00000000     0.00000000
      117     0.00000041     0.00000000     0.00000000
      118     0.00000449     0.00000000     0.00000000
      119     0.00000508     0.00000000     0.00359047
      120     0.00000093     0.00000000     0.00531162
