#     Density Matrix: population Re; see the manual for detail orders
        0     0.00000000     1.00000000
        1     0.00000000     1.00000000
        2     0.00000001     0.99999999
        3     0.00000001     0.99999999
        4     0.00000000     1.00000000
        5     0.00000000     1.00000000
        6     0.00000003     0.99999997
        7     0.00000008     0.99999992
        8     0.00000010     0.99999990
        9     0.00006047     0.99993953
       10     0.00001991     0.99998009
       11     0.00001855     0.99998145
       12     0.00004909     0.99995091
       13     0.00004657     0.99995343
       14     0.00004555     0.99995445
       15     0.00009347     0.99990653
       16     0.00006890     0.99993110
       17     0.00013674     0.99986326
       18     0.00011980     0.99988020
       19     0.00015879     0.99984121
       20     0.00021082     0.99978918
       21     0.00016540     0.99983460
       22     0.00021523     0.99978477
       23     0.00024964     0.99975036
       24     0.00018624     0.99981376
       25     0.00014882     0.99985118
       26     0.00015828     0.99984172
       27     0.00013694     0.99986306
       28     0.00007741     0.99992259
       29     0.00002879     0.99997121
       30     0.00001717     0.99998283
       31     0.00005133     0.99994867
       32     0.00017511     0.99982489
       33     0.00050000     0.99950000
       34     0.00122207     0.99877793
       35     0.00265327     0.99734673
       36     0.00526734     0.99473266
       37     0.00972327     0.99027673
       38     0.01682702     0.98317298
       39     0.02744779     0.97255221
       40     0.04257866     0.95742134
       41     0.06385253     0.93614747
       42     0.09484451     0.90515549
       43     0.14406217     0.85593783
       44     0.23195521     0.76804479
       45     0.39696441     0.60303559
       46     0.58185410     0.41814590
       47     0.69417906     0.30582094
       48     0.72984192     0.27015808
       49     0.73679365     0.26320635
       50     0.73288464     0.26711536
       51     0.72483574     0.27516426
       52     0.71756762     0.28243238
       53     0.71689692     0.28310308
       54     0.72846443     0.27153557
       55     0.75368375     0.24631625
       56     0.78638875     0.21361125
       57     0.81738618     0.18261382
       58     0.84652343     0.15347657
       59     0.88099246     0.11900754
       60     0.91044264     0.08955736
       61     0.91888811     0.08111189
       62     0.93524177     0.06475823
       63     0.95612025     0.04387975
       64     0.95673195     0.04326805
       65     0.97301423     0.02698577
       66     0.97406027     0.02593973
       67     0.97945900     0.02054100
       68     0.98470811     0.01529189
       69     0.98777788     0.01222212
       70     1.00000000     0.00000000
       71     0.99999848     0.00000152
       72     0.99999197     0.00000803
       73     0.99997991     0.00002009
       74     0.99996959     0.00003041
       75     0.99996931     0.00003069
       76     0.99997493     0.00002507
       77     0.99997717     0.00002283
       78     0.99996134     0.00003866
       79     0.99987579     0.00012421
       80     0.99977662     0.00022338
       81     0.99976543     0.00023457
       82     0.99980268     0.00019732
       83     0.99986830     0.00013170
       84     0.99990518     0.00009482
       85     0.99988084     0.00011916
       86     0.99988900     0.00011100
       87     0.99985065     0.00014935
       88     0.99976366     0.00023634
       89     0.99971972     0.00028028
       90     0.99971927     0.00028073
       91     0.99970880     0.00029120
       92     0.99969856     0.00030144
       93     0.99972782     0.00027218
       94     0.99978692     0.00021308
       95     0.99982738     0.00017262
       96     0.99981384     0.00018616
       97     0.99974884     0.00025116
       98     0.99966493     0.00033507
       99     0.99959748     0.00040252
      100     0.99955450     0.00044550
      101     0.99950728     0.00049272
      102     0.99941293     0.00058707
      103     0.99925655     0.00074345
      104     0.99908290     0.00091710
      105     0.99898084     0.00101916
      106     0.99901703     0.00098297
      107     0.99917325     0.00082675
      108     0.99935513     0.00064487
      109     0.99947664     0.00052336
      110     0.99954043     0.00045957
      111     0.99962023     0.00037977
      112     0.99975517     0.00024483
      113     0.99989021     0.00010979
      114     0.99995656     0.00004344
      115     0.99997068     0.00002932
      116     0.99998340     0.00001660
      117     0.99999142     0.00000858
      118     0.99998611     0.00001389
      119     0.99998925     0.00001075
      120     0.99998194     0.00001806
      121     0.99993874     0.00006126
      122     0.99991309     0.00008691
      123     0.99992788     0.00007212
      124     0.99989338     0.00010662
      125     0.99978778     0.00021222
      126     0.99972190     0.00027810
      127     0.99969353     0.00030647
      128     0.99954379     0.00045621
      129     0.99927619     0.00072381
      130     0.99909874     0.00090126
      131     0.99904970     0.00095030
      132     0.99893404     0.00106596
      133     0.99873701     0.00126299
      134     0.99873362     0.00126638
      135     0.99899951     0.00100049
      136     0.99920708     0.00079292
      137     0.99924353     0.00075647
      138     0.99942740     0.00057260
      139     0.99961538     0.00038462
      140     0.99958537     0.00041463
      141     0.99977854     0.00022146
      142     0.99980134     0.00019866
      143     0.99994985     0.00005015
      144     0.99995385     0.00004615
      145     0.99997794     0.00002206
      146     0.99999287     0.00000713
      147     0.99996832     0.00003168
      148     0.99995678     0.00004322
      149     0.99998123     0.00001877
      150     0.99998552     0.00001448
      151     0.99997136     0.00002864
      152     0.99997818     0.00002182
      153     0.99999540     0.00000460
      154     0.99999309     0.00000691
      155     0.99970310     0.00029690
      156     0.99999047     0.00000953
      157     0.99974913     0.00025087
      158     0.99995780     0.00004220
      159     0.99967936     0.00032064
      160     0.99995132     0.00004868
      161     0.99946875     0.00053125
      162     0.99966434     0.00033566
      163     0.99962879     0.00037121
      164     0.99877364     0.00122636
      165     0.99860778     0.00139222
      166     0.99893546     0.00106454
      167     0.99839826     0.00160174
      168     0.99727192     0.00272808
      169     0.99693415     0.00306585
      170     0.99763593     0.00236407
      171     0.99825763     0.00174237
      172     0.99799203     0.00200797
      173     0.99739895     0.00260105
      174     0.99753186     0.00246814
      175     0.99843130     0.00156870
      176     0.99905626     0.00094374
      177     0.99882635     0.00117365
      178     0.99853323     0.00146677
      179     0.99901635     0.00098365
      180     0.99967259     0.00032741
      181     0.99959492     0.00040508
      182     0.99932328     0.00067672
      183     0.99964168     0.00035832
      184     0.99994540     0.00005460
      185     0.99971996     0.00028004
      186     0.99965895     0.00034105
      187     0.99994632     0.00005368
      188     0.99988666     0.00011334
      189     0.99967159     0.00032841
      190     0.99987729     0.00012271
      191     0.99993760     0.00006240
      192     0.99962801     0.00037199
      193     0.99976257     0.00023743
      194     0.99993275     0.00006725
      195     0.99954694     0.00045306
      196     0.99965305     0.00034695
      197     0.99990679     0.00009321
      198     0.99949865     0.00050135
      199     0.99972166     0.00027834
      200     0.99986461     0.00013539
      201     0.99953196     0.00046804
      202     0.99993569     0.00006431
      203     0.99959199     0.00040801
      204     0.99978635     0.00021365
      205     0.99954763     0.00045237
      206     0.99951479     0.00048521
      207     0.99930213     0.00069787
      208     0.99949805     0.00050195
      209     0.99981821     0.00018179
      210     0.99992210     0.00007790
      211     0.99998228     0.00001772
      212     0.99981049     0.00018951
      213     0.99997063     0.00002937
      214     0.99994855     0.00005145
      215     0.99986908     0.00013092
      216     0.99998394     0.00001606
      217     0.99987481     0.00012519
      218     0.99991391     0.00008609
      219     0.99999046     0.00000954
      220     0.99951881     0.00048119
      221     0.99989913     0.00010087
      222     0.99950567     0.00049433
      223     0.99991962     0.00008038
      224     0.99962926     0.00037074
      225     0.99984825     0.00015175
      226     0.99972579     0.00027421
      227     0.99961341     0.00038659
      228     0.99988441     0.00011559
      229     0.99946631     0.00053369
      230     0.99982875     0.00017125
      231     0.99972719     0.00027281
      232     0.99957233     0.00042767
      233     0.99994545     0.00005455
      234     0.99970955     0.00029045
      235     0.99975093     0.00024907
      236     0.99998425     0.00001575
      237     0.99978130     0.00021870
      238     0.99984454     0.00015546
      239     0.99999872     0.00000128
      240     0.99986413     0.00013587
      241     0.99986667     0.00013333
      242     0.99999254     0.00000746
      243     0.99993936     0.00006064
      244     0.99986644     0.00013356
      245     0.99993687     0.00006313
      246     0.99999012     0.00000988
      247     0.99995396     0.00004604
      248     0.99993012     0.00006988
      249     0.99994109     0.00005891
      250     0.99994356     0.00005644
      251     0.99994360     0.00005640
      252     0.99996103     0.00003897
      253     0.99997904     0.00002096
      254     0.99997731     0.00002269
      255     0.99996624     0.00003376
      256     0.99996720     0.00003280
      257     0.99996715     0.00003285
      258     0.99987168     0.00012832
      259     0.99941164     0.00058836
      260     0.99781107     0.00218893
      261     0.99250543     0.00749457
      262     0.97391798     0.02608202
      263     0.90519893     0.09480107
      264     0.70627178     0.29372822
      265     0.44108245     0.55891755
      266     0.29777826     0.70222174
      267     0.27252663     0.72747337
      268     0.31790290     0.68209710
      269     0.40996281     0.59003719
      270     0.50701887     0.49298113
      271     0.56564007     0.43435993
      272     0.65714429     0.34285571
      273     0.81023776     0.18976224
      274     0.83115525     0.16884475
      275     0.92014551     0.07985449
      276     0.94532731     0.05467269
      277     0.97109312     0.02890688
      278     0.97993645     0.02006355
      279     0.98498958     0.01501042
      280     0.98898784     0.01101216
      281     1.00000000     0.00000000
      282     0.99999885     0.00000115
      283     0.99999710     0.00000290
      284     0.99999574     0.00000426
      285     0.99999385     0.00000615
      286     0.99998596     0.00001404
      287     0.99991939     0.00008061
      288     0.97212763     0.02787237
      289     1.00000000     0.00000000
      290     0.99829699     0.00170301
      291     0.99975290     0.00024710
      292     0.99823821     0.00176179
      293     0.99995379     0.00004621
      294     0.99861571     0.00138429
      295     0.99835784     0.00164216
      296     0.99980848     0.00019152
      297     0.99962121     0.00037879
      298     0.99865455     0.00134545
      299     0.99853466     0.00146534
      300     0.99906146     0.00093854
      301     0.99953723     0.00046277
      302     0.99973547     0.00026453
      303     0.99961021     0.00038979
      304     0.99849903     0.00150097
      305     0.99171727     0.00828273
      306     0.93442263     0.06557737
      307     0.61038735     0.38961265
      308     0.24690180     0.75309820
      309     0.15008902     0.84991098
      310     0.12264739     0.87735261
      311     0.11728991     0.88271009
      312     0.12251561     0.87748439
      313     0.13300343     0.86699657
      314     0.14471736     0.85528264
      315     0.15527505     0.84472495
      316     0.16471620     0.83528380
      317     0.17347426     0.82652574
      318     0.17794141     0.82205859
      319     0.20742854     0.79257146
      320     0.25174354     0.74825646
      321     0.24058792     0.75941208
      322     0.26579872     0.73420128
      323     0.29406117     0.70593883
      324     0.32622336     0.67377664
      325     0.36604436     0.63395564
      326     0.41602376     0.58397624
      327     0.47337269     0.52662731
      328     0.53065819     0.46934181
      329     0.58132248     0.41867752
      330     0.62390681     0.37609319
      331     0.66000684     0.33999316
      332     0.68309818     0.31690182
      333     0.61197182     0.38802818
      334     0.36351403     0.63648597
      335     0.20867729     0.79132271
      336     0.17621374     0.82378626
      337     0.17056612     0.82943388
      338     0.17950457     0.82049543
      339     0.19593876     0.80406124
      340     0.21100139     0.78899861
      341     0.21793433     0.78206567
      342     0.21476826     0.78523174
      343     0.19962806     0.80037194
      344     0.16391444     0.83608556
      345     0.08629135     0.91370865
      346     0.00000000     1.00000000
      347     0.21383200     0.78616800
      348     0.45387707     0.54612293
      349     0.53194043     0.46805957
      350     0.55061114     0.44938886
      351     0.56016711     0.43983289
      352     0.59779715     0.40220285
      353     0.67849987     0.32150013
      354     0.76121130     0.23878870
      355     0.80723042     0.19276958
      356     0.84847436     0.15152564
      357     0.90312229     0.09687771
      358     0.93425321     0.06574679
      359     0.94793022     0.05206978
      360     0.96932156     0.03067844
      361     0.97555449     0.02444551
      362     0.98492860     0.01507140
      363     0.98909581     0.01090419
      364     1.00000000     0.00000000
      365     0.99994721     0.00005279
      366     0.99981931     0.00018069
      367     0.99994430     0.00005570
      368     0.99999835     0.00000165
      369     0.99997113     0.00002887
      370     0.99997530     0.00002470
      371     0.99996084     0.00003916
      372     0.99995609     0.00004391
      373     0.99997517     0.00002483
      374     0.99993216     0.00006784
      375     0.99992989     0.00007011
      376     0.99994897     0.00005103
      377     0.99995781     0.00004219
      378     0.99966928     0.00033072
      379     0.99285627     0.00714373
      380     0.91595133     0.08404867
      381     0.67263738     0.32736262
      382     0.50628994     0.49371006
      383     0.48265295     0.51734705
      384     0.47726353     0.52273647
      385     0.50474497     0.49525503
      386     0.56991748     0.43008252
      387     0.61856852     0.38143148
      388     0.68340592     0.31659408
      389     0.77102434     0.22897566
      390     0.84730442     0.15269558
      391     0.90084000     0.09916000
      392     0.93363684     0.06636316
      393     0.95482015     0.04517985
      394     0.96726656     0.03273344
      395     0.97494241     0.02505759
      396     0.97979199     0.02020801
      397     0.98484339     0.01515661
      398     0.98637777     0.01362223
      399     0.98969223     0.01030777
      400     1.00000000     0.00000000
      401     0.99811094     0.00188906
      402     0.99939094     0.00060906
      403     0.99841014     0.00158986
      404     0.99916614     0.00083386
      405     0.99933479     0.00066521
      406     0.99881988     0.00118012
      407     0.99922535     0.00077465
      408     0.99932775     0.00067225
      409     0.99878753     0.00121247
      410     0.99884094     0.00115906
      411     0.99803930     0.00196070
      412     0.99372152     0.00627848
      413     0.94248821     0.05751179
      414     0.67270702     0.32729298
      415     0.40434722     0.59565278
      416     0.35831004     0.64168996
      417     0.36262682     0.63737318
      418     0.35306120     0.64693880
      419     0.33351961     0.66648039
      420     0.32684698     0.67315302
      421     0.31636579     0.68363421
      422     0.29085786     0.70914214
      423     0.26609161     0.73390839
      424     0.22443864     0.77556136
      425     0.16954913     0.83045087
      426     0.13422023     0.86577977
      427     0.11228418     0.88771582
      428     0.09436943     0.90563057
      429     0.08996349     0.91003651
      430     0.08877880     0.91122120
      431     0.07563784     0.92436216
      432     0.05864612     0.94135388
      433     0.05892886     0.94107114
      434     0.08367251     0.91632749
      435     0.11962766     0.88037234
      436     0.14879614     0.85120386
      437     0.15838468     0.84161532
      438     0.14204187     0.85795813
      439     0.10350889     0.89649111
      440     0.05836519     0.94163481
      441     0.02642665     0.97357335
      442     0.01743107     0.98256893
      443     0.02544486     0.97455514
      444     0.03787344     0.96212656
      445     0.04626209     0.95373791
      446     0.05098978     0.94901022
      447     0.05778815     0.94221185
      448     0.06938925     0.93061075
      449     0.08420393     0.91579607
      450     0.10252269     0.89747731
      451     0.12061664     0.87938336
      452     0.12506523     0.87493477
      453     0.11993528     0.88006472
      454     0.11122478     0.88877522
      455     0.10001512     0.89998488
      456     0.08946291     0.91053709
      457     0.07696873     0.92303127
      458     0.06478408     0.93521592
      459     0.06056409     0.93943591
      460     0.05993222     0.94006778
      461     0.05583092     0.94416908
      462     0.05281813     0.94718187
      463     0.05662237     0.94337763
      464     0.06355476     0.93644524
      465     0.06753433     0.93246567
      466     0.07529106     0.92470894
      467     0.24577969     0.75422031
      468     0.31411536     0.68588464
      469     0.13556602     0.86443398
      470     0.13229302     0.86770698
      471     0.16678088     0.83321912
      472     0.23968024     0.76031976
      473     0.40962165     0.59037835
      474     0.71595518     0.28404482
      475     0.85068764     0.14931236
      476     0.74920822     0.25079178
      477     0.45118077     0.54881923
      478     0.22154292     0.77845708
      479     0.12917581     0.87082419
      480     0.07932648     0.92067352
      481     0.05390765     0.94609235
      482     0.03949099     0.96050901
      483     0.03150029     0.96849971
      484     0.02570577     0.97429423
      485     0.02573634     0.97426366
      486     0.02431704     0.97568296
      487     0.02354044     0.97645956
      488     0.02830283     0.97169717
      489     0.02944716     0.97055284
      490     0.02982576     0.97017424
      491     0.03773685     0.96226315
      492     0.04835272     0.95164728
      493     0.05858163     0.94141837
      494     0.07504210     0.92495790
      495     0.09919211     0.90080789
      496     0.10140171     0.89859829
      497     0.08026350     0.91973650
      498     0.33868728     0.66131272
      499     0.41476193     0.58523807
      500     0.42617774     0.57382226
      501     0.49202699     0.50797301
      502     0.59600823     0.40399177
      503     0.69491946     0.30508054
      504     0.87600898     0.12399102
      505     0.90953400     0.09046600
      506     0.95033898     0.04966102
      507     0.96942341     0.03057659
      508     0.98213322     0.01786678
      509     0.98706306     0.01293694
      510     1.00000000     0.00000000
      511     0.99992235     0.00007765
      512     0.99991908     0.00008092
      513     0.99993982     0.00006018
      514     0.99967747     0.00032253
      515     0.99968980     0.00031020
      516     0.99984210     0.00015790
      517     0.99961619     0.00038381
      518     0.99981071     0.00018929
      519     0.99967213     0.00032787
      520     0.99971990     0.00028010
      521     0.99948495     0.00051505
      522     0.99977137     0.00022863
      523     0.99978651     0.00021349
      524     0.99976977     0.00023023
      525     0.99794047     0.00205953
      526     0.98597904     0.01402096
      527     0.94265763     0.05734237
      528     0.85737319     0.14262681
      529     0.77795542     0.22204458
      530     0.75070468     0.24929532
      531     0.76753551     0.23246449
      532     0.80539135     0.19460865
      533     0.85171849     0.14828151
      534     0.89435270     0.10564730
      535     0.92488687     0.07511313
      536     0.94694958     0.05305042
      537     0.96145166     0.03854834
      538     0.97170370     0.02829630
      539     0.97962114     0.02037886
      540     0.98501453     0.01498547
      541     0.98921718     0.01078282
      542     1.00000000     0.00000000
      543     0.99997629     0.00002371
      544     0.99998468     0.00001532
      545     0.99999784     0.00000216
      546     0.99999278     0.00000722
      547     0.99991422     0.00008578
      548     0.99958419     0.00041581
      549     0.99852789     0.00147211
      550     0.99968117     0.00031883
      551     0.99933047     0.00066953
      552     0.99970281     0.00029719
      553     0.99879245     0.00120755
      554     0.99956158     0.00043842
      555     0.99958195     0.00041805
      556     0.99946769     0.00053231
      557     0.99999006     0.00000994
      558     0.99961399     0.00038601
      559     0.99974979     0.00025021
      560     0.99998659     0.00001341
      561     0.99958062     0.00041938
      562     0.99957065     0.00042935
      563     0.99996246     0.00003754
      564     0.99979071     0.00020929
      565     0.99951941     0.00048059
      566     0.99972256     0.00027744
      567     0.99996271     0.00003729
      568     0.99994651     0.00005349
      569     0.99986407     0.00013593
      570     0.99986687     0.00013313
      571     0.99996396     0.00003604
      572     0.99997598     0.00002402
      573     0.99978281     0.00021719
      574     0.99963879     0.00036121
      575     0.99968573     0.00031427
      576     0.99959958     0.00040042
      577     0.99916845     0.00083155
      578     0.99863446     0.00136554
      579     0.99823485     0.00176515
      580     0.99776185     0.00223815
      581     0.99671104     0.00328896
      582     0.99489327     0.00510673
      583     0.99297915     0.00702085
      584     0.99227893     0.00772107
      585     0.99362288     0.00637712
      586     0.99636732     0.00363268
      587     0.99879976     0.00120024
      588     0.99973974     0.00026026
      589     0.99949019     0.00050981
      590     0.99907194     0.00092806
      591     0.99903104     0.00096896
      592     0.99912371     0.00087629
      593     0.99909670     0.00090330
      594     0.99929645     0.00070355
      595     0.99941628     0.00058372
      596     0.99940241     0.00059759
      597     0.99914368     0.00085632
      598     0.99876182     0.00123818
      599     0.99975186     0.00024814
      600     0.99843869     0.00156131
