#     Density Matrix: coherence Re-Im; see the manual for detail orders
        0     0.00000000     0.00000000
        1    -0.00044656    -0.00189587
        2    -0.00046875     0.00203452
        3     0.00008088     0.00011296
        4    -0.00114904     0.00394844
        5     0.00054312     0.00289927
        6    -0.00192743     0.00624059
        7     0.00077227     0.00717717
        8    -0.00214098     0.00887068
        9     0.00045801     0.01210094
       10    -0.00059652     0.01074079
       11    -0.00085100     0.01405081
       12     0.00148622     0.01246669
       13    -0.00107641     0.01175038
       14    -0.00009481     0.01395133
       15     0.00147722     0.01187692
       16    -0.00088075     0.01106634
       17    -0.00109165     0.01346967
       18     0.00106316     0.01343969
       19     0.00067864     0.01159956
       20    -0.00133607     0.01215436
       21    -0.00118809     0.01430845
       22     0.00087031     0.01458164
       23     0.00186004     0.01256531
       24     0.00088619     0.01069419
       25    -0.00008597     0.01032894
       26     0.00077471     0.01011826
       27     0.00287251     0.00795855
       28     0.00401215     0.00364280
       29     0.00303840    -0.00080849
       30     0.00126143    -0.00341060
       31     0.00092357    -0.00457039
       32     0.00219303    -0.00655805
       33     0.00256935    -0.01010430
       34     0.00055455    -0.01256647
       35    -0.00115102    -0.01178356
       36     0.00021137    -0.01068685
       37     0.00136569    -0.01248833
       38    -0.00083972    -0.01324223
       39    -0.00129597    -0.01044869
       40     0.00106502    -0.01040447
       41    -0.00058721    -0.01166579
       42    -0.00157428    -0.00834388
       43     0.00092619    -0.00790364
       44    -0.00120207    -0.00836658
       45    -0.00121731    -0.00433361
       46     0.00077801    -0.00469566
       47    -0.00191484    -0.00353665
       48    -0.00033677     0.00012587
       49     0.00032830    -0.00111891
       50    -0.00198494     0.00133699
       51     0.00055513     0.00343313
       52     0.00005154     0.00162613
       53    -0.00153378     0.00408673
       54     0.00116017     0.00462346
       55     0.00022635     0.00223743
       56    -0.00122988     0.00403762
       57     0.00127937     0.00414767
       58     0.00066936     0.00136774
       59    -0.00131407     0.00248935
       60     0.00067124     0.00352264
       61     0.00116138     0.00107088
       62    -0.00129261     0.00122678
       63    -0.00067481     0.00365839
       64     0.00121856     0.00284257
       65    -0.00037415     0.00164899
       66    -0.00178426     0.00397928
       67     0.00016158     0.00564281
       68     0.00109380     0.00410295
       69    -0.00087395     0.00376491
       70    -0.00127017     0.00600001
       71     0.00097407     0.00633471
       72     0.00146327     0.00391942
       73    -0.00049538     0.00308467
       74    -0.00065368     0.00444229
       75     0.00149800     0.00382668
       76     0.00176290     0.00081038
       77    -0.00034939    -0.00035795
       78    -0.00066386     0.00088233
       79     0.00131021     0.00042078
       80     0.00139996    -0.00216525
       81    -0.00083610    -0.00265635
       82    -0.00118025    -0.00061483
       83     0.00079510    -0.00026617
       84     0.00090010    -0.00204202
       85    -0.00124836    -0.00181035
       86    -0.00151414     0.00077767
       87     0.00052971     0.00159689
       88     0.00087435     0.00010740
       89    -0.00107946     0.00018454
       90    -0.00151692     0.00253082
       91     0.00050140     0.00341788
       92     0.00144554     0.00163481
       93    -0.00012790     0.00048930
       94    -0.00112095     0.00169085
       95     0.00046730     0.00240142
       96     0.00206729     0.00034177
       97     0.00105743    -0.00221080
       98    -0.00072436    -0.00230623
       99    -0.00017445    -0.00131997
      100     0.00165131    -0.00247804
      101     0.00130914    -0.00504182
      102    -0.00083381    -0.00538640
      103    -0.00100919    -0.00356976
      104     0.00099439    -0.00352292
      105     0.00112881    -0.00565272
      106    -0.00101382    -0.00576872
      107    -0.00098510    -0.00360064
      108     0.00123064    -0.00386759
      109     0.00068816    -0.00610108
      110    -0.00141427    -0.00520146
      111    -0.00004798    -0.00334063
      112     0.00137850    -0.00513218
      113    -0.00091267    -0.00584930
      114    -0.00108837    -0.00313705
      115     0.00116924    -0.00347379
      116    -0.00050077    -0.00478336
      117    -0.00166157    -0.00184897
      118     0.00078702    -0.00093960
      119    -0.00017861    -0.00237139
      120    -0.00188931     0.00033878
      121     0.00047281     0.00203542
      122     0.00033783     0.00038773
      123    -0.00182803     0.00219806
      124    -0.00002389     0.00451822
      125     0.00102147     0.00289354
      126    -0.00127419     0.00303064
      127    -0.00094756     0.00570156
      128     0.00127243     0.00521304
      129     0.00025337     0.00339314
      130    -0.00148309     0.00473547
      131    -0.00005781     0.00636809
      132     0.00149805     0.00490893
      133     0.00006281     0.00337801
      134    -0.00158644     0.00478082
      135    -0.00056141     0.00667047
      136     0.00098934     0.00618381
      137     0.00011742     0.00508388
      138    -0.00186912     0.00638446
      139    -0.00185046     0.00926762
      140     0.00004392     0.01055799
      141     0.00090248     0.00966518
      142    -0.00031529     0.00912304
      143    -0.00131639     0.01039198
      144    -0.00009196     0.01156141
      145     0.00205735     0.01021128
      146     0.00246678     0.00698057
      147     0.00099769     0.00463194
      148     0.00016436     0.00408502
      149     0.00139409     0.00326143
      150     0.00297530     0.00033778
      151     0.00261616    -0.00347738
      152     0.00072192    -0.00562648
      153    -0.00029573    -0.00569378
      154     0.00059978    -0.00572647
      155     0.00182991    -0.00727621
      156     0.00147134    -0.00942566
      157    -0.00030541    -0.01016403
      158    -0.00162173    -0.00893916
      159    -0.00119648    -0.00720994
      160     0.00033976    -0.00671462
      161     0.00134705    -0.00771649
      162     0.00095808    -0.00902421
      163    -0.00020395    -0.00941714
      164    -0.00085010    -0.00881364
      165    -0.00027060    -0.00817833
      166     0.00115374    -0.00855740
      167     0.00240368    -0.01021874
      168     0.00266778    -0.01254152
      169     0.00187819    -0.01455487
      170     0.00062025    -0.01560696
      171    -0.00037709    -0.01567014
      172    -0.00072409    -0.01518941
      173    -0.00055206    -0.01467709
      174    -0.00034793    -0.01435559
      175    -0.00061596    -0.01404728
      176    -0.00159964    -0.01332099
      177    -0.00321176    -0.01175471
      178    -0.00517203    -0.00913730
      179    -0.00722925    -0.00550722
      180    -0.00931948    -0.00105283
      181    -0.01161681     0.00402496
      182    -0.01447992     0.00960133
      183    -0.01832130     0.01561427
      184    -0.02341474     0.02196038
      185    -0.02946451     0.02833186
      186    -0.03406816     0.03401441
      187    -0.02340693     0.03760747
      188     0.26952839     0.03485372
      189     0.42713428     0.02226725
      190     0.38730450    -0.00328669
      191     0.39175096    -0.04426533
      192     0.39868548    -0.09759470
      193     0.40010202    -0.15852565
      194     0.39376901    -0.22158570
      195     0.38009255    -0.28171804
      196     0.36108985    -0.33874383
      197     0.30452213    -0.39528075
      198     0.20681722    -0.44653502
      199     0.07997813    -0.48115916
      200    -0.06967411    -0.48250524
      201    -0.22993935    -0.43209977
      202    -0.37659138    -0.31649252
      203    -0.47478063    -0.13623562
      204    -0.48764780     0.08641861
      205    -0.39050561     0.30568086
      206    -0.18632967     0.45984135
      207     0.08364508     0.48908263
      208     0.34082862     0.36061507
      209     0.48729755     0.09420220
      210     0.44316065    -0.22406274
      211     0.19610075    -0.45651723
      212    -0.16106076    -0.47003658
      213    -0.44355071    -0.22272736
      214    -0.46519094     0.16972587
      215    -0.17667306     0.46140415
      216     0.24903941     0.42690850
      217     0.49265012     0.05614754
      218     0.32763963    -0.37416916
      219    -0.14106667    -0.47722677
      220    -0.48402007    -0.11196394
      221    -0.31340081     0.38421863
      222     0.23497058     0.43648797
      223     0.48853477    -0.08475700
      224     0.03469798    -0.49443996
      225    -0.48378212    -0.11001313
      226    -0.13942686     0.47702946
      227     0.48158273     0.12013628
      228     0.04579365    -0.49288099
      229    -0.48893290     0.08534650
      230     0.25992969     0.42361655
      231     0.24569863    -0.43001218
      232    -0.49331962     0.05340918
      233     0.37370142     0.32718483
      234    -0.07401208    -0.48985962
      235    -0.20941331     0.45034840
      236     0.39178684    -0.30393520
      237    -0.47554073     0.14183900
      238     0.49615196    -0.00395039
      239    -0.48674085    -0.09577710
      240     0.46790849     0.16527827
      241    -0.44809617    -0.21274393
      242     0.42792079     0.25136462
      243    -0.40351763    -0.28838759
      244     0.36840832     0.33261448
      245    -0.31441775    -0.38349066
      246     0.23247774     0.43862896
      247    -0.11526351    -0.48221845
      248    -0.03787524     0.49506287
      249     0.21358310    -0.44742269
      250    -0.37900459     0.32057247
      251     0.48357466    -0.11063146
      252    -0.47457728    -0.14429333
      253     0.32521533     0.37501669
      254    -0.06119606    -0.49211890
      255    -0.23348101     0.43790191
      256     0.44634226    -0.21669328
      257    -0.48769485    -0.09103162
      258     0.33747502     0.36357813
      259    -0.05538559    -0.49328008
      260    -0.24593508     0.43055871
      261     0.45138372    -0.20638798
      262    -0.48728870    -0.09369014
      263     0.34543961     0.35565956
      264    -0.08026389    -0.49008545
      265    -0.21266089     0.44777466
      266     0.42974028    -0.24837406
      267    -0.49454872    -0.04047285
      268     0.38456625     0.31311173
      269    -0.14060720    -0.47606844
      270    -0.14942187     0.47294736
      271     0.38488365    -0.31313290
      272    -0.49281443     0.05774176
      273     0.45132104     0.20611179
      274    -0.29010461    -0.40231593
      275     0.06804221     0.49173928
      276     0.15311962    -0.47155385
      277    -0.32967067     0.37118955
      278     0.44197214    -0.22501491
      279    -0.49120922     0.07015114
      280     0.49077195     0.07332263
      281    -0.45791933    -0.19062033
      282     0.40864805     0.28163504
      283    -0.35444096    -0.34698441
      284     0.30244348     0.39343600
      285    -0.25551582    -0.42522403
      286     0.21401085     0.44761916
      287    -0.17617877    -0.46389260
      288     0.13967031     0.47590657
      289    -0.10115649    -0.48600217
      290     0.05752453     0.49240110
      291    -0.00500948    -0.49659517
      292    -0.05936879     0.49200590
      293     0.13778220    -0.47719438
      294    -0.22924570     0.43942994
      295     0.32755841    -0.37313649
      296    -0.41925547     0.26490105
      297     0.48260106    -0.11537963
      298    -0.49129251    -0.06971418
      299     0.42116053     0.26202111
      300    -0.26253900    -0.42116738
      301     0.03154606     0.49500063
      302     0.22282904    -0.44342504
      303    -0.42500635     0.25586025
      304     0.49547047     0.02574001
      305    -0.38719760    -0.31035203
      306     0.12072553     0.48114044
      307     0.20503918    -0.45183925
      308    -0.44568337     0.21807110
      309     0.48109245     0.12124414
      310    -0.28698780    -0.40458428
      311    -0.04426383     0.49443248
      312     0.35124424    -0.34998634
      313    -0.49363555     0.05080208
      314     0.42013148     0.26443716
      315    -0.17997831    -0.46164232
      316    -0.11979751     0.48220707
      317     0.36848031    -0.33138479
      318    -0.49003893     0.07841729
      319     0.45504231     0.19855318
      320    -0.27828650    -0.40995407
      321     0.01229150     0.49664634
      322     0.26246251    -0.42045426
      323    -0.45364367     0.20131727
      324     0.48671523     0.09689328
      325    -0.33726578    -0.36357512
      326     0.05325143     0.49341154
      327     0.25630848    -0.42488750
      328    -0.46237486     0.17949802
      329     0.47520911     0.14249701
      330    -0.28437277    -0.40714780
      331    -0.03192064     0.49413700
      332     0.33903065    -0.36333268
      333    -0.49312191     0.05376591
      334     0.40244540     0.28900168
      335    -0.08886627    -0.48890398
      336    -0.28652733     0.40453341
      337     0.49127450    -0.06901970
      338    -0.38349644    -0.31502427
      339     0.02968919     0.49533214
      340     0.33659560    -0.36416033
      341    -0.49559190     0.02511894
      342     0.38483783     0.31364139
      343    -0.10200664    -0.48491439
      344    -0.20008761     0.45460147
      345     0.41043533    -0.27820645
      346    -0.49343671     0.05202296
      347     0.47098800     0.15649056
      348    -0.38767989    -0.30922516
      349     0.28551475     0.40608706
      350    -0.19173290    -0.45729770
      351     0.11882764     0.48199221
      352    -0.06858650    -0.49108790
      353     0.03685774     0.49505956
      354    -0.01666657    -0.49558176
      355    -0.00000523     0.49640537
      356     0.02139679    -0.49544432
      357    -0.05515807     0.49327372
      358     0.10783182    -0.48411910
      359    -0.18303694     0.46127233
      360     0.27891178    -0.41025231
      361    -0.38310187     0.31529194
      362     0.46870245    -0.16278576
      363    -0.49419300    -0.04379116
      364     0.41630917     0.26981776
      365    -0.21593400    -0.44689210
      366    -0.07128022     0.49065485
      367     0.34850564    -0.35364834
      368    -0.49201009     0.06275821
      369     0.42138398     0.26121270
      370    -0.15432138    -0.47245679
      371    -0.18904414     0.45740924
      372     0.44406779    -0.22261707
      373    -0.47844929    -0.13271971
      374     0.26132583     0.42039731
      375     0.10396615    -0.48603138
      376    -0.41558219     0.27052174
      377     0.48515096     0.10284759
      378    -0.27074327    -0.41590880
      379    -0.09498302     0.48723740
      380     0.39934570    -0.29369335
      381    -0.49490459    -0.03590168
      382     0.36542712     0.33655678
      383    -0.10017465    -0.48436631
      384    -0.18423717     0.46221408
      385     0.39671536    -0.29647793
      386    -0.49163192     0.06648207
      387     0.46642970     0.17010878
      388    -0.34737325    -0.35361706
      389     0.17764814     0.46356977
      390     0.00218065    -0.49590797
      391    -0.16245908     0.46887311
      392     0.28888350    -0.40330228
      393    -0.37874308     0.32044625
      394     0.43688192    -0.23512668
      395    -0.47081755     0.15638798
      396     0.48816092    -0.08852430
      397    -0.49509030     0.03208450
      398     0.49590577     0.01419578
      399    -0.49192048    -0.06015242
      400     0.48036311     0.11976253
      401    -0.45103734    -0.20525265
      402     0.39127910     0.30340807
      403    -0.29118775    -0.40079964
      404     0.14700787     0.47303946
      405     0.03174446    -0.49410768
      406    -0.22133120     0.44345037
      407     0.38489677    -0.31123809
      408    -0.48234681     0.11341632
      409     0.48089469     0.11915688
      410    -0.36883674    -0.32975393
      411     0.16164212     0.46917630
      412     0.09533383    -0.48478351
      413    -0.33489555     0.36616023
      414     0.47957104    -0.12273629
      415    -0.46486634    -0.16965301
      416     0.27299044     0.41425574
      417     0.03876483    -0.49305515
      418    -0.34101911     0.35961865
      419     0.49192809    -0.05836373
      420    -0.41567535    -0.26918477
      421     0.15265600     0.47106438
      422     0.16915428    -0.46590442
      423    -0.41058708     0.27645003
      424     0.49534828    -0.00395604
      425    -0.42743512    -0.25094113
      426     0.26328061     0.41875542
      427    -0.06751056    -0.49145010
      428    -0.11391989     0.48124242
      429     0.25962019    -0.42251668
      430    -0.36591597     0.33316871
      431     0.43701296    -0.23371498
      432    -0.47881921     0.12628654
      433     0.49497667    -0.01833472
      434    -0.48663946    -0.09285306
      435     0.45257580     0.20084493
      436    -0.39153402    -0.30371684
      437     0.30359237     0.39112939
      438    -0.19261863    -0.45645135
      439     0.06560500     0.49095659
      440     0.06727470    -0.49059120
      441    -0.19575723     0.45525413
      442     0.30978008    -0.38609357
      443    -0.40154747     0.29049254
      444     0.46438013    -0.17170982
      445    -0.49363288     0.04144393
      446     0.48614908     0.09548250
      447    -0.44141485    -0.22413624
      448     0.36279667     0.33764548
      449    -0.25739912    -0.42291798
      450     0.13651314     0.47620119
      451    -0.01175270    -0.49530858
      452    -0.10588607     0.48354083
      453     0.21002600    -0.44905020
      454    -0.29749328     0.39542790
      455     0.36864272    -0.33143095
      456    -0.42424203     0.25504115
      457     0.46443991    -0.17265132
      458    -0.48844174     0.08190343
      459     0.49520299     0.00889301
      460    -0.48561673    -0.09799336
      461     0.46242411     0.17715562
      462    -0.43024798    -0.24568583
      463     0.39354704     0.30050551
      464    -0.35551396    -0.34513808
      465     0.31716630     0.38020209
      466    -0.27745529    -0.41055249
      467     0.23364776     0.43651635
      468    -0.18201126    -0.46087144
      469     0.11831717     0.48078466
      470    -0.03884826    -0.49396275
      471    -0.05844311     0.49170070
      472     0.17167654    -0.46474813
      473    -0.29259765     0.39954574
      474     0.40404485    -0.28658217
      475    -0.47993021     0.12249874
      476     0.48889178     0.07939734
      477    -0.40448129    -0.28587909
      478     0.21949841     0.44412433
      479     0.03814980    -0.49365015
      480    -0.30021287     0.39426931
      481     0.47140624    -0.15155498
      482    -0.46934136    -0.15793387
      483     0.27363298     0.41336428
      484     0.04397144    -0.49279256
      485    -0.34372643     0.35717250
      486     0.49088646    -0.06569702
      487    -0.43131547    -0.24300902
      488     0.21286799     0.44767338
      489     0.05944156    -0.49134238
      490    -0.28986929     0.40197552
      491     0.43250229    -0.24112454
      492    -0.48994529     0.07290387
      493     0.49065059     0.06820050
      494    -0.46587813    -0.16799783
      495     0.43864720     0.23017256
      496    -0.42074854    -0.26135280
      497     0.41597720     0.26879876
      498    -0.42249513    -0.25870320
      499     0.43649700     0.23387530
      500    -0.45345086    -0.19957229
      501     0.46968676     0.15698203
      502    -0.48279787    -0.11097309
      503     0.49001008     0.07187317
      504    -0.49287508    -0.04840496
      505     0.49364969     0.03981712
      506    -0.49263531    -0.05083110
      507     0.48792311     0.08481911
      508    -0.47378013    -0.14431535
      509     0.44008082     0.22708249
      510    -0.37344496    -0.32534683
      511     0.26127818     0.42069286
      512    -0.09933043    -0.48516457
      513    -0.09996485     0.48515211
      514     0.30145886    -0.39272101
      515    -0.45152609     0.20387139
      516     0.49238895     0.05297698
      517    -0.38806408    -0.30714511
      518     0.14709463     0.47371090
      519     0.16135243    -0.46706746
      520    -0.41771446     0.26721214
      521     0.49021760     0.07194145
      522    -0.31121706    -0.38420880
      523    -0.04830415     0.49350077
      524     0.38683178    -0.30905735
      525    -0.49083790    -0.06497863
      526     0.29469110     0.39789361
      527     0.07282048    -0.49034605
      528    -0.38817494     0.30675220
      529     0.49488514     0.01943822
      530    -0.37919464    -0.31944719
      531     0.13417460     0.47575343
      532     0.12754211    -0.47936104
      533    -0.33177810     0.36695190
      534     0.45215044    -0.20261445
      535    -0.49459261     0.02578697
      536     0.47705701     0.13243986
      537    -0.41930258    -0.26390292
      538     0.33710680     0.36258101
      539    -0.24264657    -0.43187061
      540     0.14383330     0.47383163
      541    -0.04576267    -0.49316574
      542    -0.04926355     0.49277793
      543     0.14056964    -0.47489593
      544    -0.22826086     0.43949338
      545     0.31178577    -0.38481160
      546    -0.38834289     0.30732830
      547     0.45138907    -0.20377069
      548    -0.48984051     0.07306628
      549     0.48877386     0.07978705
      550    -0.43303043    -0.24028107
      551     0.31302743     0.38390103
      552    -0.13287354    -0.47687721
      553    -0.08455818     0.48830043
      554     0.29654920    -0.39617836
      555    -0.44956806     0.20835661
      556     0.49342953     0.04291856
      557    -0.40160481    -0.28918025
      558     0.18795133     0.45861856
      559     0.08861714    -0.48719648
      560    -0.33841116     0.36114025
      561     0.48019705    -0.12228783
      562    -0.47109272    -0.15357171
      563     0.32069015     0.37655661
      564    -0.07808093    -0.48965120
      565    -0.18588983     0.45861365
      566     0.39568056    -0.29808486
      567    -0.49250589     0.05218706
      568     0.45037214     0.20581965
      569    -0.28617244    -0.40426640
      570     0.05231871     0.49248489
      571     0.18352772    -0.45992252
      572    -0.36568233     0.33410215
      573     0.46786575    -0.16224259
      574    -0.49517463    -0.00872697
      575     0.47187217     0.15051569
      576    -0.42640422    -0.25173534
      577     0.38089924     0.31667285
      578    -0.34760452    -0.35263393
      579     0.33006535     0.36933262
      580    -0.32570066    -0.37300324
      581     0.32884178     0.37037291
      582    -0.33269263    -0.36682477
      583     0.33081600     0.36858215
      584    -0.31714701    -0.38035015
      585     0.28536767     0.40482172
      586    -0.22843175    -0.43931718
      587     0.13900155     0.47552617
      588    -0.01320911    -0.49477277
      589    -0.14432466     0.47415811
      590     0.31220056    -0.38394608
      591    -0.44833109     0.21089185
      592     0.49397400     0.03632218
      593    -0.39695706    -0.29570066
      594     0.15173968     0.47171700
      595     0.16928396    -0.46527797
      596    -0.42699004     0.25084648
      597     0.48729644     0.08857758
      598    -0.30752910    -0.38836394
      599    -0.02543802     0.49430856
      600     0.34371676    -0.35688912
