#     Density Matrix: population Re; see the manual for detail orders
        0     0.00000000     1.00000000
        1     0.00000000     1.00000000
        2     0.00000000     1.00000000
        3     0.00000000     1.00000000
        4     0.00000000     1.00000000
        5     0.00000000     1.00000000
        6     0.00000000     1.00000000
        7     0.00000000     1.00000000
        8     0.00000000     1.00000000
        9     0.00000000     1.00000000
       10     0.00000000     1.00000000
       11     0.00000000     1.00000000
       12     0.00000000     1.00000000
       13     0.00000000     1.00000000
       14     0.00000000     1.00000000
       15     0.00000000     1.00000000
       16     0.00000000     1.00000000
       17     0.00000000     1.00000000
       18     0.00000000     1.00000000
       19     0.00000000     1.00000000
       20     0.00000000     1.00000000
       21     0.00000000     1.00000000
       22     0.00000000     1.00000000
       23     0.00000001     0.99999999
       24     0.00000001     0.99999999
       25     0.00000002     0.99999998
       26     0.00000003     0.99999997
       27     0.00000004     0.99999996
       28     0.00000005     0.99999995
       29     0.00000005     0.99999995
       30     0.00000006     0.99999994
       31     0.00000007     0.99999993
       32     0.00000008     0.99999992
       33     0.00009105     0.99990895
       34     0.00017483     0.99982517
       35     0.00001738     0.99998262
       36     0.00007253     0.99992747
       37     0.00004198     0.99995802
       38     0.00000376     0.99999624
       39     0.00003707     0.99996293
       40     0.00001156     0.99998844
       41     0.00000606     0.99999394
       42     0.00002027     0.99997973
       43     0.00000957     0.99999043
       44     0.00000900     0.99999100
       45     0.00001516     0.99998484
       46     0.00001254     0.99998746
       47     0.00001195     0.99998805
       48     0.00001484     0.99998516
       49     0.00001541     0.99998459
       50     0.00001528     0.99998472
       51     0.00001657     0.99998343
       52     0.00001789     0.99998211
       53     0.00001851     0.99998149
       54     0.00001914     0.99998086
       55     0.00002008     0.99997992
       56     0.00002093     0.99997907
       57     0.00002152     0.99997848
       58     0.00002207     0.99997793
       59     0.00002270     0.99997730
       60     0.00002335     0.99997665
       61     0.00002394     0.99997606
       62     0.00002450     0.99997550
       63     0.00002509     0.99997491
       64     0.00002572     0.99997428
       65     0.00002634     0.99997366
       66     0.00002695     0.99997305
       67     0.00002755     0.99997245
       68     0.00002816     0.99997184
       69     0.00002879     0.99997121
       70     0.00002950     0.99997050
       71     0.00003032     0.99996968
       72     0.00003121     0.99996879
       73     0.00003215     0.99996785
       74     0.00003321     0.99996679
       75     0.00003450     0.99996550
       76     0.00003609     0.99996391
       77     0.00003807     0.99996193
       78     0.00004047     0.99995953
       79     0.00004337     0.99995663
       80     0.00004691     0.99995309
       81     0.00005124     0.99994876
       82     0.00005657     0.99994343
       83     0.00006318     0.99993682
       84     0.00007139     0.99992861
       85     0.00008162     0.99991838
       86     0.00009443     0.99990557
       87     0.00011059     0.99988941
       88     0.00013115     0.99986885
       89     0.00015759     0.99984241
       90     0.00019202     0.99980798
       91     0.00023758     0.99976242
       92     0.00029894     0.99970106
       93     0.00038338     0.99961662
       94     0.00050253     0.99949747
       95     0.00067565     0.99932435
       96     0.00093607     0.99906393
       97     0.00134445     0.99865555
       98     0.00201820     0.99798180
       99     0.00320272     0.99679728
      100     0.00546406     0.99453594
      101     0.01028395     0.98971605
      102     0.02231139     0.97768861
      103     0.05988541     0.94011459
      104     0.22646686     0.77353314
      105     0.58578950     0.41421050
      106     0.84649612     0.15350388
      107     0.92281626     0.07718374
      108     0.94834837     0.05165163
      109     0.95861993     0.04138007
      110     0.96294586     0.03705414
      111     0.96461097     0.03538903
      112     0.96517134     0.03482866
      113     0.96560433     0.03439567
      114     0.96664657     0.03335343
      115     0.96884606     0.03115394
      116     0.97248550     0.02751450
      117     0.97746495     0.02253505
      118     0.98323766     0.01676234
      119     0.98889655     0.01110345
      120     0.99345993     0.00654007
      121     0.99628577     0.00371423
      122     0.99740386     0.00259614
      123     0.99751319     0.00248681
      124     0.99755553     0.00244447
      125     0.99810115     0.00189885
      126     0.99901787     0.00098213
      127     0.99974032     0.00025968
      128     0.99990969     0.00009031
      129     0.99972836     0.00027164
      130     0.99964918     0.00035082
      131     0.99981463     0.00018537
      132     0.99997913     0.00002087
      133     0.99995620     0.00004380
      134     0.99987442     0.00012558
      135     0.99989480     0.00010520
      136     0.99994803     0.00005197
      137     0.99992674     0.00007326
      138     0.99988914     0.00011086
      139     0.99989560     0.00010440
      140     0.99988613     0.00011387
      141     0.99983803     0.00016197
      142     0.99980006     0.00019994
      143     0.99976730     0.00023270
      144     0.99975640     0.00024360
      145     0.99982258     0.00017742
      146     0.99990345     0.00009655
      147     0.99994502     0.00005498
      148     0.99996886     0.00003114
      149     0.99998228     0.00001772
      150     0.99998861     0.00001139
      151     0.99999286     0.00000714
      152     0.99999518     0.00000482
      153     0.99999663     0.00000337
      154     0.99999764     0.00000236
      155     0.99999824     0.00000176
      156     0.99999869     0.00000131
      157     0.99999899     0.00000101
      158     0.99999921     0.00000079
      159     0.99999937     0.00000063
      160     0.99999949     0.00000051
      161     0.99999958     0.00000042
      162     0.99999965     0.00000035
      163     0.99999970     0.00000030
      164     0.99999974     0.00000026
      165     0.99999978     0.00000022
      166     0.99999981     0.00000019
      167     0.99999983     0.00000017
      168     0.99999985     0.00000015
      169     0.99999986     0.00000014
      170     0.99999987     0.00000013
      171     0.99999988     0.00000012
      172     0.99999989     0.00000011
      173     0.99999990     0.00000010
      174     0.99999991     0.00000009
      175     0.99999991     0.00000009
      176     0.99999992     0.00000008
      177     0.99999992     0.00000008
      178     0.99999993     0.00000007
      179     0.99999993     0.00000007
      180     0.99999993     0.00000007
      181     0.99999994     0.00000006
      182     0.99999994     0.00000006
      183     0.99999994     0.00000006
      184     0.99999995     0.00000005
      185     0.99999995     0.00000005
      186     0.99999996     0.00000004
      187     0.99999996     0.00000004
      188     0.99999996     0.00000004
      189     0.99999997     0.00000003
      190     0.99999997     0.00000003
      191     0.99999998     0.00000002
      192     0.99999998     0.00000002
      193     0.99999998     0.00000002
      194     0.99999999     0.00000001
      195     0.99999999     0.00000001
      196     0.99999999     0.00000001
      197     1.00000000     0.00000000
      198     1.00000000     0.00000000
      199     1.00000000     0.00000000
      200     1.00000000     0.00000000
      201     1.00000000     0.00000000
      202     1.00000000     0.00000000
      203     1.00000000     0.00000000
      204     1.00000000     0.00000000
      205     1.00000000     0.00000000
      206     0.99999999     0.00000001
      207     0.99999999     0.00000001
      208     0.99999999     0.00000001
      209     0.99999998     0.00000002
      210     0.99999998     0.00000002
      211     0.99999998     0.00000002
      212     0.99999997     0.00000003
      213     0.99999997     0.00000003
      214     0.99999996     0.00000004
      215     0.99999996     0.00000004
      216     0.99999996     0.00000004
      217     0.99999995     0.00000005
      218     0.99999995     0.00000005
      219     0.99999994     0.00000006
      220     0.99999994     0.00000006
      221     0.99999994     0.00000006
      222     0.99999993     0.00000007
      223     0.99999993     0.00000007
      224     0.99999993     0.00000007
      225     0.99999992     0.00000008
      226     0.99999992     0.00000008
      227     0.99999992     0.00000008
      228     0.99999991     0.00000009
      229     0.99999991     0.00000009
      230     0.99999990     0.00000010
      231     0.99999990     0.00000010
      232     0.99999989     0.00000011
      233     0.99999989     0.00000011
      234     0.99999988     0.00000012
      235     0.99999987     0.00000013
      236     0.99999986     0.00000014
      237     0.99999985     0.00000015
      238     0.99999984     0.00000016
      239     0.99999983     0.00000017
      240     0.99999981     0.00000019
      241     0.99999980     0.00000020
      242     0.99999978     0.00000022
      243     0.99999975     0.00000025
      244     0.99999973     0.00000027
      245     0.99999970     0.00000030
      246     0.99999967     0.00000033
      247     0.99999964     0.00000036
      248     0.99999960     0.00000040
      249     0.99999956     0.00000044
      250     0.99999952     0.00000048
      251     0.99999948     0.00000052
      252     0.99999944     0.00000056
      253     0.99999940     0.00000060
      254     0.99999937     0.00000063
      255     0.99999935     0.00000065
      256     0.99999935     0.00000065
      257     0.99999936     0.00000064
      258     0.99999940     0.00000060
      259     0.99999946     0.00000054
      260     0.99999954     0.00000046
      261     0.99999964     0.00000036
      262     0.99999975     0.00000025
      263     0.99999985     0.00000015
      264     0.99999993     0.00000007
      265     0.99999999     0.00000001
      266     0.99999999     0.00000001
      267     0.99999995     0.00000005
      268     0.99999987     0.00000013
      269     0.99999974     0.00000026
      270     0.99999960     0.00000040
      271     0.99999945     0.00000055
      272     0.99999932     0.00000068
      273     0.99999921     0.00000079
      274     0.99999914     0.00000086
      275     0.99999911     0.00000089
      276     0.99999911     0.00000089
      277     0.99999914     0.00000086
      278     0.99999919     0.00000081
      279     0.99999925     0.00000075
      280     0.99999932     0.00000068
      281     0.99999939     0.00000061
      282     0.99999946     0.00000054
      283     0.99999952     0.00000048
      284     0.99999957     0.00000043
      285     0.99999962     0.00000038
      286     0.99999965     0.00000035
      287     0.99999968     0.00000032
      288     0.99999970     0.00000030
      289     0.99999972     0.00000028
      290     0.99999972     0.00000028
      291     0.99999973     0.00000027
      292     0.99999973     0.00000027
      293     0.99999972     0.00000028
      294     0.99999972     0.00000028
      295     0.99999971     0.00000029
      296     0.99999969     0.00000031
      297     0.99999968     0.00000032
      298     0.99999967     0.00000033
      299     0.99999965     0.00000035
      300     0.99999963     0.00000037
