#     Density Matrix: coherence Re-Im; see the manual for detail orders
        0     0.00000000     0.00000000
        1    -0.00071250     0.00072874
        2    -0.00049463     0.00253321
        3    -0.00061682     0.00343365
        4    -0.00077484     0.00498024
        5    -0.00071321     0.00604169
        6    -0.00088227     0.00712652
        7    -0.00084640     0.00799738
        8    -0.00089948     0.00856586
        9    -0.00091795     0.00895915
       10    -0.00089894     0.00906918
       11    -0.00089529     0.00896254
       12    -0.00085533     0.00867845
       13    -0.00077263     0.00821550
       14    -0.00064850     0.00760178
       15    -0.00047091     0.00685348
       16    -0.00024995     0.00597529
       17    -0.00001915     0.00498901
       18     0.00018319     0.00394053
       19     0.00032769     0.00289103
       20     0.00040349     0.00190577
       21     0.00042452     0.00103732
       22     0.00042231     0.00030683
       23     0.00042567    -0.00030052
       24     0.00044481    -0.00081895
       25     0.00047445    -0.00128012
       26     0.00050670    -0.00170502
       27     0.00053738    -0.00210766
       28     0.00056262    -0.00249663
       29     0.00057746    -0.00286974
       30     0.00057997    -0.00321213
       31     0.00057316    -0.00350255
       32     0.00056083    -0.00372301
       33     0.00054189    -0.00386342
       34     0.00051017    -0.00391898
       35     0.00046085    -0.00388633
       36     0.00039550    -0.00376475
       37     0.00032110    -0.00355872
       38     0.00024710    -0.00327984
       39     0.00018218    -0.00294819
       40     0.00013080    -0.00258994
       41     0.00009266    -0.00223074
       42     0.00006553    -0.00189046
       43     0.00004733    -0.00158233
       44     0.00003608    -0.00131380
       45     0.00003003    -0.00108756
       46     0.00002772    -0.00090317
       47     0.00002756    -0.00075780
       48     0.00002809    -0.00064641
       49     0.00002693    -0.00056160
       50     0.00002252    -0.00049300
       51     0.00001404    -0.00043032
       52     0.00000146    -0.00036344
       53    -0.00001700    -0.00028307
       54    -0.00003969    -0.00017982
       55    -0.00006328    -0.00005342
       56    -0.00008975     0.00009468
       57    -0.00012123     0.00026613
       58    -0.00015774     0.00046278
       59    -0.00020046     0.00068635
       60    -0.00025008     0.00094135
       61    -0.00030391     0.00123067
       62    -0.00035813     0.00155184
       63    -0.00040930     0.00189687
       64    -0.00045453     0.00225247
       65    -0.00049276     0.00260197
       66    -0.00052498     0.00292995
       67    -0.00055236     0.00322634
       68    -0.00057421     0.00348728
       69    -0.00058712     0.00371305
       70    -0.00058491     0.00390375
       71    -0.00056005     0.00405381
       72    -0.00050600     0.00414777
       73    -0.00042071     0.00415881
       74    -0.00031125     0.00405521
       75    -0.00019224     0.00381514
       76    -0.00007915     0.00343935
       77     0.00002292     0.00295236
       78     0.00012236     0.00238469
       79     0.00022694     0.00175988
       80     0.00033245     0.00109902
       81     0.00042719     0.00042905
       82     0.00049966    -0.00021810
       83     0.00054129    -0.00080857
       84     0.00054824    -0.00131005
       85     0.00052129    -0.00169549
       86     0.00046436    -0.00194641
       87     0.00038256    -0.00205497
       88     0.00027977    -0.00202353
       89     0.00016234    -0.00186298
       90     0.00003735    -0.00159310
       91    -0.00008432    -0.00123818
       92    -0.00018220    -0.00083317
       93    -0.00023350    -0.00042737
       94    -0.00022258    -0.00008014
       95    -0.00014867     0.00015077
       96    -0.00002831     0.00022478
       97     0.00011006     0.00013157
       98     0.00023781    -0.00010599
       99     0.00033670    -0.00044166
      100     0.00040180    -0.00082226
      101     0.00043666    -0.00120095
      102     0.00044652    -0.00154198
      103     0.00043562    -0.00181941
      104     0.00040773    -0.00201567
      105     0.00036596    -0.00212088
      106     0.00031182    -0.00213100
      107     0.00024543    -0.00204533
      108     0.00016712    -0.00186573
      109     0.00007843    -0.00159776
      110    -0.00001726    -0.00125273
      111    -0.00011698    -0.00084854
      112    -0.00021759    -0.00040641
      113    -0.00031368     0.00004974
      114    -0.00039796     0.00049485
      115    -0.00046043     0.00090330
      116    -0.00048843     0.00124732
      117    -0.00046868     0.00149581
      118    -0.00039065     0.00161616
      119    -0.00024952     0.00157910
      120    -0.00004834     0.00136512
      121     0.00020143     0.00097017
      122     0.00047451     0.00041062
      123     0.00073261    -0.00027032
      124     0.00092766    -0.00100460
      125     0.00100151    -0.00169899
      126     0.00089688    -0.00223700
      127     0.00057669    -0.00249001
      128     0.00004581    -0.00234106
      129    -0.00063610    -0.00172067
      130    -0.00136547    -0.00064192
      131    -0.00203095     0.00078776
      132    -0.00256327     0.00239614
      133    -0.00295893     0.00401041
      134    -0.00326239     0.00551222
      135    -0.00353195     0.00685726
      136    -0.00381339     0.00805954
      137    -0.00413147     0.00916233
      138    -0.00450082     0.01021453
      139    -0.00494019     0.01126433
      140    -0.00547374     0.01236029
      141    -0.00612520     0.01355229
      142    -0.00691555     0.01488978
      143    -0.00784070     0.01641613
      144    -0.00886844     0.01815068
      145    -0.00995712     0.02008559
      146    -0.01102293     0.02217834
      147    -0.01188311     0.02432482
      148    -0.01214655     0.02632292
      149    -0.01093496     0.02781608
      150    -0.00615532     0.02820267
      151     0.00767336     0.02647939
      152     0.04735232     0.02095109
      153     0.17614332     0.00864109
      154     0.46802538    -0.01445822
      155     0.44289576    -0.05097540
      156     0.34470557    -0.09870741
      157     0.27631151    -0.15299247
      158     0.19993095    -0.20148369
      159     0.10692015    -0.22556494
      160     0.01009587    -0.20849196
      161    -0.06367045    -0.14838202
      162    -0.08995578    -0.06646511
      163    -0.06661965     0.00135408
      164    -0.01928741     0.02837012
      165     0.01667669     0.01667659
      166     0.02337012    -0.00746001
      167     0.01041617    -0.01905135
      168    -0.00139668    -0.01438437
      169    -0.00261094    -0.00591885
      170     0.00125752    -0.00317086
      171     0.00295875    -0.00465336
      172     0.00222501    -0.00562501
      173     0.00180226    -0.00540701
      174     0.00214360    -0.00549223
      175     0.00237412    -0.00606481
      176     0.00239343    -0.00661746
      177     0.00239087    -0.00709896
      178     0.00227292    -0.00750524
      179     0.00192407    -0.00761657
      180     0.00132444    -0.00715367
      181     0.00062880    -0.00595742
      182     0.00015467    -0.00428970
      183    -0.00002803    -0.00273204
      184    -0.00008852    -0.00158072
      185    -0.00012217    -0.00077023
      186    -0.00015251    -0.00017062
      187    -0.00018486     0.00032257
      188    -0.00020579     0.00076269
      189    -0.00019915     0.00113979
      190    -0.00016949     0.00141776
      191    -0.00013726     0.00158491
      192    -0.00012781     0.00167725
      193    -0.00014879     0.00176038
      194    -0.00019068     0.00188096
      195    -0.00024054     0.00204119
      196    -0.00028840     0.00220703
      197    -0.00032452     0.00232768
      198    -0.00033822     0.00235240
      199    -0.00032049     0.00224581
      200    -0.00026538     0.00199615
      201    -0.00017164     0.00161186
      202    -0.00004337     0.00111422
      203     0.00011086     0.00053120
      204     0.00027910    -0.00010569
      205     0.00044767    -0.00076272
      206     0.00060201    -0.00140501
      207     0.00072715    -0.00199675
      208     0.00080814    -0.00250037
      209     0.00083227    -0.00287601
      210     0.00079431    -0.00308612
      211     0.00070119    -0.00310686
      212     0.00057325    -0.00294208
      213     0.00043671    -0.00262959
      214     0.00031171    -0.00222877
      215     0.00020736    -0.00179816
      216     0.00012241    -0.00137848
      217     0.00005145    -0.00098707
      218    -0.00001144    -0.00062379
      219    -0.00007122    -0.00027765
      220    -0.00013153     0.00006759
      221    -0.00019462     0.00042948
      222    -0.00026139     0.00082401
      223    -0.00033079     0.00126229
      224    -0.00039893     0.00174512
      225    -0.00045884     0.00225580
      226    -0.00050239     0.00275457
      227    -0.00052594     0.00318357
      228    -0.00053529     0.00348803
      229    -0.00054061     0.00364170
      230    -0.00054621     0.00365343
      231    -0.00054635     0.00354976
      232    -0.00052894     0.00335174
      233    -0.00048210     0.00306549
      234    -0.00039696     0.00268633
      235    -0.00026936     0.00220566
      236    -0.00010112     0.00161849
      237     0.00009983     0.00092888
      238     0.00032114     0.00015211
      239     0.00054789    -0.00068650
      240     0.00076603    -0.00155491
      241     0.00096507    -0.00242156
      242     0.00113806    -0.00326177
      243     0.00127939    -0.00406091
      244     0.00138033    -0.00481005
      245     0.00142282    -0.00549082
      246     0.00137307    -0.00604782
      247     0.00118955    -0.00636135
      248     0.00085819    -0.00625772
      249     0.00044960    -0.00560483
      250     0.00011576    -0.00448127
      251    -0.00006527    -0.00319325
      252    -0.00015918    -0.00200010
      253    -0.00023072    -0.00095648
      254    -0.00030411    -0.00003156
      255    -0.00038947     0.00081953
      256    -0.00049186     0.00163914
      257    -0.00061354     0.00246306
      258    -0.00075127     0.00331147
      259    -0.00089040     0.00416767
      260    -0.00100434     0.00495552
      261    -0.00106891     0.00554999
      262    -0.00108210     0.00584453
      263    -0.00105096     0.00581661
      264    -0.00097445     0.00551020
      265    -0.00084669     0.00498086
      266    -0.00066701     0.00427185
      267    -0.00044352     0.00342040
      268    -0.00019066     0.00246725
      269     0.00007576     0.00145728
      270     0.00034201     0.00043225
      271     0.00059675    -0.00057523
      272     0.00083059    -0.00154278
      273     0.00103622    -0.00245643
      274     0.00120866    -0.00330847
      275     0.00134337    -0.00409399
      276     0.00143432    -0.00480459
      277     0.00146559    -0.00541585
      278     0.00140927    -0.00586596
      279     0.00123567    -0.00604858
      280     0.00094940    -0.00584717
      281     0.00062593    -0.00523656
      282     0.00036570    -0.00435808
      283     0.00020159    -0.00343377
      284     0.00010585    -0.00261289
      285     0.00004872    -0.00194121
      286     0.00001429    -0.00141208
      287    -0.00000618    -0.00100291
      288    -0.00001772    -0.00068970
      289    -0.00002449    -0.00045104
      290    -0.00002824    -0.00026872
      291    -0.00003045    -0.00012803
      292    -0.00003160    -0.00001623
      293    -0.00003184     0.00007689
      294    -0.00003093     0.00015904
      295    -0.00002897     0.00023593
      296    -0.00002612     0.00031258
      297    -0.00002170     0.00039256
      298    -0.00001632     0.00047901
      299    -0.00000892     0.00057392
      300     0.00000190     0.00067412
      301     0.00001767     0.00076808
      302     0.00003780     0.00083577
      303     0.00005855     0.00085466
      304     0.00007587     0.00080699
      305     0.00008660     0.00068563
      306     0.00009218     0.00049362
      307     0.00009465     0.00024188
      308     0.00009661    -0.00005136
      309     0.00009932    -0.00036178
      310     0.00010248    -0.00066077
      311     0.00010464    -0.00092037
      312     0.00010448    -0.00111993
      313     0.00010163    -0.00125079
      314     0.00009502    -0.00131383
      315     0.00008487    -0.00131490
      316     0.00007153    -0.00126284
      317     0.00005639    -0.00116810
      318     0.00004222    -0.00104492
      319     0.00003433    -0.00091467
      320     0.00004758    -0.00081926
      321     0.00019101    -0.00095164
