#    Step     Kinetic(H)     Potential(H)   Total(H)       E(0)(H)        E(1)(H)        E(2)(H)        
        0     0.01721773    -4.95049420    -4.93327647    -5.27440261    -5.04901910    -4.95049420
        1     0.02092292    -4.95432913    -4.93340621    -5.27584883    -5.05171480    -4.95432913
        2     0.02448694    -4.95828044    -4.93379350    -5.27660296    -5.05404914    -4.95828044
        3     0.02756422    -4.96215113    -4.93458692    -5.27650472    -5.05582512    -4.96215113
        4     0.02987384    -4.96574773    -4.93587388    -5.27547090    -5.05684926    -4.96574773
        5     0.03125494    -4.96897764    -4.93772271    -5.27351916    -5.05710248    -4.96897764
        6     0.03170775    -4.97185551    -4.94014776    -5.27077439    -5.05667291    -4.97185551
        7     0.03139665    -4.97441659    -4.94301994    -5.26745558    -5.05566931    -4.97441659
        8     0.03060774    -4.97679137    -4.94618364    -5.26384023    -5.05429567    -4.97679137
        9     0.02967280    -4.97922781    -4.94955501    -5.26021303    -5.05283668    -4.97922781
       10     0.02888556    -4.98181747    -4.95293190    -5.25681254    -5.05149416    -4.98181747
       11     0.02843952    -4.98467565    -4.95623613    -5.25379084    -5.05038341    -4.98467565
       12     0.02840370    -4.98781870    -4.95941499    -5.25120099    -5.04955753    -4.98781870
       13     0.07969899    -5.04897959    -4.96928060    -5.24900608    -5.04897959    -4.99120968
       14     0.02419092    -4.99654208    -4.97235116    -5.24566564    -5.04806461    -4.99654208
       15     0.02430483    -4.99939365    -4.97508882    -5.24381331    -5.04753525    -4.99939365
       16     0.02456529    -5.00217530    -4.97761002    -5.24203804    -5.04693596    -5.00217530
       17     0.02476776    -5.00472181    -4.97995405    -5.24021138    -5.04617503    -5.00472181
       18     0.02475028    -5.00696433    -4.98221405    -5.23822773    -5.04522036    -5.00696433
       19     0.02440723    -5.00886602    -4.98445879    -5.23601350    -5.04392486    -5.00886602
       20     0.02369199    -5.01031438    -4.98662239    -5.23352969    -5.04232303    -5.01031438
       21     0.02261182    -5.01137738    -4.98876557    -5.23077076    -5.04037259    -5.01137738
       22     0.02121689    -5.01200532    -4.99078843    -5.22776051    -5.03813408    -5.01200532
       23     0.01958642    -5.01228221    -4.99269580    -5.22454622    -5.03561803    -5.01228221
       24     0.01781466    -5.01227296    -4.99445830    -5.22119278    -5.03292607    -5.01227296
       25     0.01599816    -5.01201620    -4.99601804    -5.21777558    -5.03017036    -5.01201620
       26     0.01422643    -5.01162845    -4.99740202    -5.21437439    -5.02735716    -5.01162845
       27     0.01257628    -5.01115164    -4.99857537    -5.21106788    -5.02460189    -5.01115164
       28     0.01110848    -5.01073179    -4.99962331    -5.20792858    -5.02201383    -5.01073179
       29     0.00986551    -5.01035674    -5.00049124    -5.20501783    -5.01961757    -5.01035674
       30     0.00887000    -5.01014546    -5.00127546    -5.20238110    -5.01745857    -5.01014546
       31     0.00812391    -5.01008891    -5.00196500    -5.20004609    -5.01563806    -5.01008891
       32     0.00760618    -5.01019640    -5.00259022    -5.19802212    -5.01409183    -5.01019640
       33     0.00725965    -5.01042573    -5.00316608    -5.19630374    -5.01288794    -5.01042573
       34     0.00693127    -5.01065501    -5.00372374    -5.19487930    -5.01216173    -5.01065501
       35     0.00789675    -5.01215533    -5.00425858    -5.19377042    -5.01215533    -5.01061186
       36     0.00782486    -5.01268120    -5.00485634    -5.19282631    -5.01268120    -5.01043949
       37     0.00787633    -5.01328828    -5.00541194    -5.19192667    -5.01328828    -5.01012784
       38     0.00787680    -5.01383036    -5.00595356    -5.19099877    -5.01383036    -5.00978793
       39     0.00776138    -5.01425608    -5.00649470    -5.18999128    -5.01425608    -5.00936842
       40     0.00750503    -5.01449772    -5.00699269    -5.18887319    -5.01449772    -5.00883833
       41     0.00710844    -5.01458219    -5.00747375    -5.18763468    -5.01458219    -5.00818781
       42     0.00659281    -5.01448372    -5.00789090    -5.18628674    -5.01448372    -5.00739110
       43     0.00599517    -5.01426832    -5.00827315    -5.18485861    -5.01426832    -5.00655096
       44     0.00536240    -5.01397872    -5.00861631    -5.18339303    -5.01397872    -5.00567337
       45     0.00474504    -5.01362833    -5.00888329    -5.18194016    -5.01362833    -5.00480849
       46     0.00419086    -5.01334142    -5.00915056    -5.18055077    -5.01334142    -5.00397034
       47     0.00373916    -5.01308905    -5.00934989    -5.17926942    -5.01308905    -5.00320348
       48     0.00341636    -5.01294061    -5.00952425    -5.17812876    -5.01294061    -5.00261406
       49     0.00323359    -5.01291317    -5.00967958    -5.17714583    -5.01291317    -5.00210887
       50     0.00318629    -5.01300683    -5.00982054    -5.17632076    -5.01300683    -5.00176155
       51     0.00325599    -5.01324272    -5.00998673    -5.17563792    -5.01324272    -5.00155644
       52     0.00341359    -5.01355585    -5.01014227    -5.17506906    -5.01355585    -5.00139183
       53     0.00362380    -5.01390994    -5.01028615    -5.17457792    -5.01390994    -5.00130493
       54     0.00384993    -5.01430255    -5.01045263    -5.17412530    -5.01430255    -5.00121980
       55     0.00405828    -5.01465965    -5.01060137    -5.17367391    -5.01465965    -5.00113591
       56     0.00422164    -5.01498649    -5.01076485    -5.17319226    -5.01498649    -5.00098500
       57     0.00432150    -5.01522321    -5.01090171    -5.17265725    -5.01522321    -5.00078073
       58     0.00434921    -5.01539332    -5.01104411    -5.17205562    -5.01539332    -5.00047310
       59     0.00430569    -5.01549351    -5.01118783    -5.17138408    -5.01549351    -5.00009555
       60     0.00420023    -5.01552939    -5.01132916    -5.17064822    -5.01552939    -4.99961694
       61     0.00404877    -5.01551396    -5.01146519    -5.16986105    -5.01551396    -4.99908702
       62     0.00387169    -5.01546557    -5.01159388    -5.16904093    -5.01546557    -4.99852414
       63     0.00369150    -5.01536881    -5.01167730    -5.16820918    -5.01536881    -4.99794964
       64     0.00353046    -5.01531905    -5.01178859    -5.16738769    -5.01531905    -4.99734864
       65     0.00340849    -5.01526291    -5.01185443    -5.16659657    -5.01526291    -4.99681476
       66     0.00334142    -5.01529030    -5.01194888    -5.16585222    -5.01529030    -4.99629091
       67     0.00333983    -5.01537569    -5.01203586    -5.16516587    -5.01537569    -4.99582506
       68     0.00340818    -5.01552414    -5.01211596    -5.16454258    -5.01552414    -4.99545901
       69     0.00354463    -5.01573421    -5.01218958    -5.16398092    -5.01573421    -4.99511785
       70     0.00374137    -5.01599821    -5.01225684    -5.16347318    -5.01599821    -4.99486736
       71     0.00398541    -5.01630303    -5.01231762    -5.16300627    -5.01630303    -4.99462094
       72     0.00425988    -5.01666823    -5.01240835    -5.16256299    -5.01666823    -4.99443490
       73     0.00454575    -5.01700084    -5.01245510    -5.16212386    -5.01700084    -4.99428977
       74     0.00482382    -5.01735467    -5.01253086    -5.16166921    -5.01735467    -4.99409236
       75     0.00507685    -5.01771200    -5.01263515    -5.16118130    -5.01771200    -4.99389845
       76     0.00529155    -5.01798557    -5.01269402    -5.16064639    -5.01798557    -4.99369428
       77     0.00546016    -5.01824077    -5.01278061    -5.16005635    -5.01824077    -4.99343499
       78     0.00558153    -5.01843937    -5.01285784    -5.15940972    -5.01843937    -4.99315584
       79     0.00566146    -5.01862382    -5.01296236    -5.15871219    -5.01862382    -4.99282581
       80     0.00571239    -5.01873319    -5.01302080    -5.15797632    -5.01873319    -4.99245744
       81     0.00575197    -5.01885909    -5.01310712    -5.15722024    -5.01885909    -4.99210560
       82     0.00580080    -5.01898621    -5.01318540    -5.15646537    -5.01898621    -4.99175497
       83     0.00587972    -5.01917338    -5.01329365    -5.15573381    -5.01917338    -4.99146440
       84     0.00600691    -5.01940367    -5.01339677    -5.15504537    -5.01940367    -4.99121695
       85     0.00619517    -5.01969193    -5.01349676    -5.15441490    -5.01969193    -4.99102747
       86     0.00644997    -5.02004591    -5.01359594    -5.15385014    -5.02004591    -4.99090370
       87     0.00676849    -5.02046537    -5.01369688    -5.15335087    -5.02046537    -4.99084543
       88     0.00713997    -5.02097907    -5.01383911    -5.15290909    -5.02097907    -4.99084464
       89     0.00754714    -5.02153595    -5.01398881    -5.15251049    -5.02153595    -4.99088703
       90     0.00796864    -5.02211764    -5.01414900    -5.15213670    -5.02211764    -4.99095423
       91     0.00838193    -5.02270452    -5.01432259    -5.15176809    -5.02270452    -4.99098987
       92     0.00876617    -5.02331518    -5.01454901    -5.15138652    -5.02331518    -4.99101254
       93     0.00910475    -5.02386179    -5.01475704    -5.15097765    -5.02386179    -4.99097116
       94     0.00938711    -5.02440902    -5.01502191    -5.15053265    -5.02440902    -4.99089365
       95     0.00960953    -5.02495436    -5.01534483    -5.15004901    -5.02495436    -4.99074075
       96     0.00977494    -5.02542793    -5.01565298    -5.14953034    -5.02542793    -4.99055283
       97     0.00989193    -5.02591217    -5.01602024    -5.14898561    -5.02591217    -4.99030209
       98     0.00997321    -5.02638333    -5.01641012    -5.14842778    -5.02638333    -4.99003826
       99     0.01003366    -5.02685674    -5.01682307    -5.14787221    -5.02685674    -4.98970319
      100     0.01008836    -5.02734827    -5.01725991    -5.14733476    -5.02734827    -4.98938623
      101     0.01015069    -5.02787263    -5.01772195    -5.14683015    -5.02787263    -4.98906536
      102     0.01023090    -5.02844193    -5.01821103    -5.14637046    -5.02844193    -4.98875267
      103     0.01033513    -5.02910132    -5.01876619    -5.14596412    -5.02910132    -4.98841984
      104     0.01046507    -5.02978151    -5.01931644    -5.14561533    -5.02978151    -4.98814454
      105     0.01061804    -5.03055581    -5.01993778    -5.14532390    -5.03055581    -4.98788986
      106     0.01078765    -5.03134651    -5.02055886    -5.14508562    -5.03134651    -4.98768833
      107     0.01096480    -5.03218277    -5.02121797    -5.14489290    -5.03218277    -4.98745886
      108     0.01113895    -5.03305463    -5.02191568    -5.14473578    -5.03305463    -4.98722824
      109     0.01129941    -5.03395091    -5.02265150    -5.14460308    -5.03395091    -4.98698530
      110     0.01143678    -5.03486049    -5.02342371    -5.14448368    -5.03486049    -4.98671889
      111     0.01154401    -5.03577345    -5.02422944    -5.14436766    -5.03577345    -4.98641913
      112     0.01161735    -5.03668220    -5.02506485    -5.14424743    -5.03668220    -4.98607840
      113     0.01165681    -5.03754547    -5.02588866    -5.14411847    -5.03754547    -4.98572894
      114     0.01166623    -5.03839903    -5.02673280    -5.14397979    -5.03839903    -4.98533303
      115     0.01165291    -5.03924548    -5.02759257    -5.14383401    -5.03924548    -4.98489325
      116     0.01162697    -5.04009071    -5.02846374    -5.14368702    -5.04009071    -4.98445226
      117     0.01160027    -5.04094323    -5.02934295    -5.14354730    -5.04094323    -4.98398180
      118     0.01158532    -5.04181316    -5.03022784    -5.14342500    -5.04181316    -4.98349201
      119     0.01159406    -5.04271124    -5.03111718    -5.14333084    -5.04271124    -4.98303036
      120     0.01163674    -5.04364757    -5.03201083    -5.14327494    -5.04364757    -4.98260696
