#    Step     Kinetic(H)     Potential(H)   Total(H)       E(0)(H)        E(1)(H)        
        0     0.01009296    -6.15806611    -6.14797315    -6.41369125    -6.15806611
        1     0.00878135    -6.15675898    -6.14797763    -6.41358158    -6.15675898
        2     0.00742325    -6.15541451    -6.14799126    -6.41331493    -6.15541451
        3     0.00610241    -6.15410761    -6.14800520    -6.41294990    -6.15410761
        4     0.00490654    -6.15292113    -6.14801459    -6.41255526    -6.15292113
        5     0.00392449    -6.15194252    -6.14801803    -6.41220669    -6.15194252
        6     0.00324152    -6.15125790    -6.14801638    -6.41198076    -6.15125790
        7     0.00293212    -6.15094322    -6.14801110    -6.41194612    -6.15094322
        8     0.00305037    -6.15105308    -6.14800271    -6.41215228    -6.15105308
        9     0.00361921    -6.15160949    -6.14799028    -6.41261848    -6.15160949
       10     0.00462081    -6.15259301    -6.14797220    -6.41332486    -6.15259301
       11     0.00599029    -6.15393853    -6.14794824    -6.41420855    -6.15393853
       12     0.00761524    -6.15553748    -6.14792224    -6.41516593    -6.15553748
       13     0.00934365    -6.15724783    -6.14790418    -6.41606294    -6.15724783
       14     0.01100058    -6.15891088    -6.14791030    -6.41675181    -6.15891088
       15     0.01241229    -6.16037256    -6.14796027    -6.41709236    -6.16037256
       16     0.01343408    -6.16150684    -6.14807276    -6.41697506    -6.16150684
       17     0.01397561    -6.16223548    -6.14825987    -6.41634029    -6.16223548
       18     0.01401782    -6.16254174    -6.14852392    -6.41519135    -6.16254174
       19     0.01361596    -6.16247300    -6.14885704    -6.41359627    -6.16247300
       20     0.01288702    -6.16213143    -6.14924441    -6.41167773    -6.16213143
       21     0.01198421    -6.16165375    -6.14966954    -6.40959213    -6.16165375
       22     0.01106542    -6.16118438    -6.15011896    -6.40750227    -6.16118438
       23     0.01026259    -6.16084772    -6.15058513    -6.40554935    -6.16084772
       24     0.00965954    -6.16072646    -6.15106692    -6.40383112    -6.16072646
       25     0.00928335    -6.16085086    -6.15156751    -6.40239126    -6.16085086
       26     0.00910920    -6.16120042    -6.15209122    -6.40122107    -6.16120042
       27     0.00907557    -6.16171598    -6.15264041    -6.40027169    -6.16171598
       28     0.00910431    -6.16231757    -6.15321326    -6.39947199    -6.16231757
       29     0.00911989    -6.16292267    -6.15380278    -6.39874682    -6.16292267
       30     0.00906357    -6.16346084    -6.15439727    -6.39803166    -6.16346084
       31     0.00890017    -6.16388211    -6.15498194    -6.39728102    -6.16388211
       32     0.00861790    -6.16415888    -6.15554098    -6.39647038    -6.16415888
       33     0.00822373    -6.16428375    -6.15606002    -6.39559418    -6.16428375
       34     0.00773644    -6.16426421    -6.15652777    -6.39466062    -6.16426421
       35     0.00718030    -6.16411743    -6.15693713    -6.39368672    -6.16411743
       36     0.00658028    -6.16386571    -6.15728543    -6.39269385    -6.16386571
       37     0.00595943    -6.16353323    -6.15757380    -6.39170474    -6.16353323
       38     0.00533855    -6.16314496    -6.15780641    -6.39074243    -6.16314496
       39     0.00473693    -6.16272644    -6.15798951    -6.38983006    -6.16272644
       40     0.00463951    -6.15432249    -6.14968298    -6.38269164    -6.15432249
       41     0.00531072    -6.15515846    -6.14984774    -6.38201548    -6.15515846
       42     0.00637940    -6.15640329    -6.15002389    -6.38134673    -6.15640329
       43     0.00780820    -6.15803308    -6.15022488    -6.38068341    -6.15803308
       44     0.00954786    -6.16001273    -6.15046487    -6.38000890    -6.16001273
       45     0.01153036    -6.16229286    -6.15076250    -6.37929675    -6.16229286
       46     0.01366725    -6.16480983    -6.15114258    -6.37851167    -6.16480983
       47     0.01585090    -6.16748659    -6.15163569    -6.37760985    -6.16748659
       48     0.01795911    -6.17023455    -6.15227544    -6.37654000    -6.17023455
       49     0.01986458    -6.17295857    -6.15309399    -6.37524722    -6.17295857
       50     0.02144935    -6.17556517    -6.15411582    -6.37368009    -6.17556517
       51     0.02262176    -6.17797271    -6.15535095    -6.37179941    -6.17797271
       52     0.02333319    -6.18012407    -6.15679088    -6.36958942    -6.18012407
       53     0.02358882    -6.18199665    -6.15840783    -6.36706630    -6.18199665
       54     0.02344891    -6.18360834    -6.16015943    -6.36428259    -6.18360834
       55     0.02301994    -6.18501677    -6.16199683    -6.36132564    -6.18501677
       56     0.02243529    -6.18631024    -6.16387495    -6.35830750    -6.18631024
       57     0.02183200    -6.18759207    -6.16576007    -6.35534927    -6.18759207
       58     0.02132829    -6.18896199    -6.16763370    -6.35256275    -6.18896199
       59     0.02100539    -6.19049816    -6.16949277    -6.35003329    -6.19049816
       60     0.02089840    -6.19224378    -6.17134538    -6.34780729    -6.19224378
       61     0.02099510    -6.19420056    -6.17320546    -6.34588702    -6.19420056
       62     0.02124306    -6.19633084    -6.17508778    -6.34423344    -6.19633084
       63     0.02156294    -6.19856678    -6.17700384    -6.34277625    -6.19856678
       64     0.02186511    -6.20082415    -6.17895904    -6.34142821    -6.20082415
       65     0.02206611    -6.20301741    -6.18095130    -6.34010038    -6.20301741
       66     0.02210210    -6.20507277    -6.18297067    -6.33871540    -6.20507277
       67     0.02193736    -6.20693803    -6.18500067    -6.33721713    -6.20693803
       68     0.02156648    -6.20858698    -6.18702050    -6.33557516    -6.20858698
       69     0.02101086    -6.21001874    -6.18900788    -6.33378397    -6.21001874
       70     0.02031203    -6.21125437    -6.19094234    -6.33185944    -6.21125437
       71     0.01952345    -6.21233122    -6.19280777    -6.32983333    -6.21233122
       72     0.01870233    -6.21329646    -6.19459413    -6.32774670    -6.21329646
       73     0.01790334    -6.21420124    -6.19629790    -6.32564432    -6.21420124
       74     0.01717404    -6.21509622    -6.19792218    -6.32357011    -6.21509622
       75     0.01655230    -6.21602796    -6.19947566    -6.32156389    -6.21602796
       76     0.01606560    -6.21703670    -6.20097110    -6.31965908    -6.21703670
       77     0.01573092    -6.21815500    -6.20242408    -6.31788158    -6.21815500
       78     0.01555522    -6.21940714    -6.20385192    -6.31624915    -6.21940714
       79     0.01553631    -6.22080885    -6.20527254    -6.31477130    -6.22080885
       80     0.01566378    -6.22236744    -6.20670366    -6.31344943    -6.22236744
       81     0.01592006    -6.22408219    -6.20816213    -6.31227729    -6.22408219
       82     0.01628170    -6.22594497    -6.20966327    -6.31124164    -6.22594497
       83     0.01672090    -6.22794119    -6.21122029    -6.31032322    -6.22794119
       84     0.01720736    -6.23005112    -6.21284376    -6.30949806    -6.23005112
       85     0.01771034    -6.23225159    -6.21454125    -6.30873918    -6.23225159
       86     0.01820113    -6.23451793    -6.21631680    -6.30801857    -6.23451793
       87     0.01865543    -6.23682624    -6.21817081    -6.30730938    -6.23682624
       88     0.01905528    -6.23915570    -6.22010042    -6.30658810    -6.23915570
       89     0.01939051    -6.24149052    -6.22210001    -6.30583651    -6.24149052
       90     0.01965918    -6.24382121    -6.22416203    -6.30504307    -6.24382121
       91     0.01986714    -6.24614532    -6.22627818    -6.30420330    -6.24614532
       92     0.02002659    -6.24846708    -6.22844049    -6.30331967    -6.24846708
       93     0.02015387    -6.25079629    -6.23064242    -6.30240044    -6.25079629
       94     0.02026697    -6.25314649    -6.23287952    -6.30145781    -6.25314649
       95     0.02038282    -6.25553257    -6.23514975    -6.30050590    -6.25553257
       96     0.02051500    -6.25796841    -6.23745341    -6.29955852    -6.25796841
       97     0.02067204    -6.26046472    -6.23979268    -6.29862737    -6.26046472
       98     0.02085644    -6.26302738    -6.24217094    -6.29772099    -6.26302738
       99     0.02106441    -6.26565631    -6.24459190    -6.29684453    -6.26565631
      100     0.02128609    -6.26834474    -6.24705865    -6.29600061    -6.26834474
      101     0.02150585    -6.27107857    -6.24957272    -6.29519150    -6.27107857
      102     0.02170158    -6.27383464    -6.25213306    -6.29442298    -6.27383464
      103     0.02184184    -6.27657628    -6.25473444    -6.29371155    -6.27657628
      104     0.02187569    -6.27924167    -6.25736598    -6.29309897    -6.27924167
      105     0.02170889    -6.28171531    -6.26000642    -6.29268337    -6.28171531
      106     0.02116988    -6.28377670    -6.26260682    -6.29267202    -6.28377670
      107     0.02735203    -6.29336206    -6.26601003    -6.29336206    -6.28511828
      108     0.02578729    -6.29511425    -6.26932696    -6.29511425    -6.28535372
      109     0.02497977    -6.29757564    -6.27259587    -6.29757564    -6.28473569
      110     0.02452499    -6.30035061    -6.27582562    -6.30035061    -6.28367713
      111     0.02423154    -6.30326281    -6.27903127    -6.30326281    -6.28236923
      112     0.02402307    -6.30624246    -6.28221939    -6.30624246    -6.28089404
      113     0.02386740    -6.30926058    -6.28539318    -6.30926058    -6.27929076
      114     0.02374867    -6.31230443    -6.28855576    -6.31230443    -6.27758031
      115     0.02365725    -6.31536781    -6.29171056    -6.31536781    -6.27577463
      116     0.02358581    -6.31844682    -6.29486101    -6.31844682    -6.27388040
      117     0.02352785    -6.32153797    -6.29801012    -6.32153797    -6.27190082
      118     0.02347721    -6.32463740    -6.30116019    -6.32463740    -6.26983682
      119     0.02342802    -6.32774063    -6.30431261    -6.32774063    -6.26768757
      120     0.02337466    -6.33084244    -6.30746778    -6.33084244    -6.26545090
      121     0.02331184    -6.33393646    -6.31062462    -6.33393646    -6.26312398
      122     0.02323484    -6.33701595    -6.31378111    -6.33701595    -6.26070348
      123     0.02313968    -6.34007394    -6.31693426    -6.34007394    -6.25818615
      124     0.02302325    -6.34310344    -6.32008019    -6.34310344    -6.25556921
      125     0.02288306    -6.34609762    -6.32321456    -6.34609762    -6.25285043
      126     0.02271757    -6.34904995    -6.32633238    -6.34904995    -6.25002859
      127     0.02252625    -6.35195451    -6.32942826    -6.35195451    -6.24710367
      128     0.02230929    -6.35480610    -6.33249681    -6.35480610    -6.24407704
      129     0.02206753    -6.35760020    -6.33553267    -6.35760020    -6.24095144
      130     0.02180214    -6.36033284    -6.33853070    -6.36033284    -6.23773095
      131     0.02151460    -6.36300071    -6.34148611    -6.36300071    -6.23442093
      132     0.02120653    -6.36560109    -6.34439456    -6.36560109    -6.23102819
      133     0.02087992    -6.36813178    -6.34725186    -6.36813178    -6.22756078
      134     0.02053700    -6.37059125    -6.35005425    -6.37059125    -6.22402768
      135     0.02017995    -6.37297830    -6.35279835    -6.37297830    -6.22043891
      136     0.01981120    -6.37529265    -6.35548145    -6.37529265    -6.21680517
      137     0.01943416    -6.37753505    -6.35810089    -6.37753505    -6.21313791
      138     0.01905287    -6.37970812    -6.36065525    -6.37970812    -6.20944872
      139     0.01867281    -6.38181703    -6.36314422    -6.38181703    -6.20574915
      140     0.01830308    -6.38387165    -6.36556857    -6.38387165    -6.20204912
      141     0.01795883    -6.38588987    -6.36793104    -6.38588987    -6.19835469
      142     0.01766654    -6.38790433    -6.37023779    -6.38790433    -6.19466328
      143     0.01747236    -6.38997387    -6.37250151    -6.38997387    -6.19095499
      144     0.01744348    -6.39219243    -6.37474895    -6.39219243    -6.18718676
      145     0.01761090    -6.39463841    -6.37702751    -6.39463841    -6.18333972
      146     0.01785495    -6.39720892    -6.37935397    -6.39720892    -6.17955945
      147     0.01796693    -6.39965082    -6.38168389    -6.39965082    -6.17609261
      148     0.01784543    -6.40183573    -6.38399030    -6.40183573    -6.17302487
      149     0.01751288    -6.40376438    -6.38625150    -6.40376438    -6.17031150
      150     0.01702665    -6.40547229    -6.38844564    -6.40547229    -6.16788595
      151     0.01643902    -6.40699408    -6.39055506    -6.40699408    -6.16569524
      152     0.01579019    -6.40835760    -6.39256741    -6.40835760    -6.16370252
      153     0.01510965    -6.40958454    -6.39447489    -6.40958454    -6.16188325
      154     0.01441824    -6.41069206    -6.39627382    -6.41069206    -6.16022113
      155     0.01373032    -6.41169400    -6.39796368    -6.41169400    -6.15870523
      156     0.01305573    -6.41260163    -6.39954590    -6.41260163    -6.15732792
      157     0.01240055    -6.41342431    -6.40102376    -6.41342431    -6.15608351
      158     0.01176856    -6.41416980    -6.40240124    -6.41416980    -6.15496731
      159     0.01116192    -6.41484460    -6.40368268    -6.41484460    -6.15397502
      160     0.01058120    -6.41545420    -6.40487300    -6.41545420    -6.15310234
      161     0.01002602    -6.41600323    -6.40597721    -6.41600323    -6.15234477
      162     0.00949546    -6.41649568    -6.40700022    -6.41649568    -6.15169754
      163     0.00898824    -6.41693500    -6.40794676    -6.41693500    -6.15115556
      164     0.00850290    -6.41732431    -6.40882141    -6.41732431    -6.15071342
      165     0.00803807    -6.41766646    -6.40962839    -6.41766646    -6.15036550
      166     0.00759244    -6.41796414    -6.41037170    -6.41796414    -6.15010599
      167     0.00716474    -6.41821990    -6.41105516    -6.41821990    -6.14992900
      168     0.00675384    -6.41843629    -6.41168245    -6.41843629    -6.14982857
      169     0.00635880    -6.41861578    -6.41225698    -6.41861578    -6.14979878
      170     0.00597882    -6.41876085    -6.41278203    -6.41876085    -6.14983376
      171     0.00561323    -6.41887393    -6.41326070    -6.41887393    -6.14992772
      172     0.00526151    -6.41895737    -6.41369586    -6.41895737    -6.15007500
      173     0.00492319    -6.41901359    -6.41409040    -6.41901359    -6.15026996
      174     0.00459787    -6.41904485    -6.41444698    -6.41904485    -6.15050720
      175     0.00428521    -6.41905337    -6.41476816    -6.41905337    -6.15078141
      176     0.00398490    -6.41904122    -6.41505632    -6.41904122    -6.15108754
      177     0.00369666    -6.41901048    -6.41531382    -6.41901048    -6.15142064
      178     0.00342026    -6.41896317    -6.41554291    -6.41896317    -6.15177598
      179     0.00315550    -6.41890121    -6.41574571    -6.41890121    -6.15214908
      180     0.00290222    -6.41882651    -6.41592429    -6.41882651    -6.15253570
      181     0.00266034    -6.41874094    -6.41608060    -6.41874094    -6.15293187
      182     0.00242980    -6.41864636    -6.41621656    -6.41864636    -6.15333387
      183     0.00221063    -6.41854460    -6.41633397    -6.41854460    -6.15373829
      184     0.00200289    -6.41843748    -6.41643459    -6.41843748    -6.15414199
      185     0.00180670    -6.41832680    -6.41652010    -6.41832680    -6.15454211
      186     0.00162223    -6.41821432    -6.41659209    -6.41821432    -6.15493605
      187     0.00144964    -6.41810173    -6.41665209    -6.41810173    -6.15532147
      188     0.00128908    -6.41799068    -6.41670160    -6.41799068    -6.15569622
      189     0.00114073    -6.41788272    -6.41674199    -6.41788272    -6.15605838
      190     0.00100479    -6.41777928    -6.41677449    -6.41777928    -6.15640620
      191     0.00088138    -6.41768166    -6.41680028    -6.41768166    -6.15673808
      192     0.00077061    -6.41759104    -6.41682043    -6.41759104    -6.15705256
      193     0.00067251    -6.41750842    -6.41683591    -6.41750842    -6.15734829
      194     0.00058709    -6.41743465    -6.41684756    -6.41743465    -6.15762404
      195     0.00051429    -6.41737043    -6.41685614    -6.41737043    -6.15787866
      196     0.00045402    -6.41731627    -6.41686225    -6.41731627    -6.15811113
      197     0.00040614    -6.41727257    -6.41686643    -6.41727257    -6.15832049
      198     0.00037049    -6.41723954    -6.41686905    -6.41723954    -6.15850591
      199     0.00034690    -6.41721729    -6.41687039    -6.41721729    -6.15866666
      200     0.00033521    -6.41720582    -6.41687061    -6.41720582    -6.15880214
      201     0.00033525    -6.41720500    -6.41686975    -6.41720500    -6.15891183
      202     0.00034690    -6.41721463    -6.41686773    -6.41721463    -6.15899541
      203     0.00037003    -6.41723443    -6.41686440    -6.41723443    -6.15905264
      204     0.00040456    -6.41726402    -6.41685946    -6.41726402    -6.15908345
      205     0.00045046    -6.41730298    -6.41685252    -6.41730298    -6.15908791
      206     0.00050770    -6.41735079    -6.41684309    -6.41735079    -6.15906621
      207     0.00057627    -6.41740687    -6.41683060    -6.41740687    -6.15901869
      208     0.00065617    -6.41747054    -6.41681437    -6.41747054    -6.15894582
      209     0.00074740    -6.41754105    -6.41679365    -6.41754105    -6.15884818
      210     0.00084991    -6.41761754    -6.41676763    -6.41761754    -6.15872649
      211     0.00096365    -6.41769905    -6.41673540    -6.41769905    -6.15858159
      212     0.00108850    -6.41778456    -6.41669606    -6.41778456    -6.15841445
      213     0.00122427    -6.41787293    -6.41664866    -6.41787293    -6.15822617
      214     0.00137073    -6.41796295    -6.41659222    -6.41796295    -6.15801806
      215     0.00152760    -6.41805339    -6.41652579    -6.41805339    -6.15779157
      216     0.00169451    -6.41814295    -6.41644844    -6.41814295    -6.15754843
      217     0.00187106    -6.41823037    -6.41635931    -6.41823037    -6.15729056
      218     0.00205682    -6.41831438    -6.41625756    -6.41831438    -6.15702020
      219     0.00225137    -6.41839381    -6.41614244    -6.41839381    -6.15673991
      220     0.00245427    -6.41846752    -6.41601325    -6.41846752    -6.15645258
      221     0.00266503    -6.41853450    -6.41586947    -6.41853450    -6.15616142
      222     0.00288317    -6.41859383    -6.41571066    -6.41859383    -6.15587001
      223     0.00310818    -6.41864468    -6.41553650    -6.41864468    -6.15558223
      224     0.00333950    -6.41868631    -6.41534681    -6.41868631    -6.15530221
      225     0.00357648    -6.41871803    -6.41514155    -6.41871803    -6.15503433
      226     0.00381839    -6.41873920    -6.41492081    -6.41873920    -6.15478308
      227     0.00406430    -6.41874913    -6.41468483    -6.41874913    -6.15455303
      228     0.00431313    -6.41874716    -6.41443403    -6.41874716    -6.15434865
      229     0.00456352    -6.41873251    -6.41416899    -6.41873251    -6.15417427
      230     0.00481385    -6.41870427    -6.41389042    -6.41870427    -6.15403400
      231     0.00506218    -6.41866142    -6.41359924    -6.41866142    -6.15393155
      232     0.00530627    -6.41860282    -6.41329655    -6.41860282    -6.15387013
      233     0.00554355    -6.41852719    -6.41298364    -6.41852719    -6.15385241
      234     0.00577118    -6.41843302    -6.41266184    -6.41843302    -6.15388051
      235     0.00598606    -6.41831887    -6.41233281    -6.41831887    -6.15395577
      236     0.00618493    -6.41818317    -6.41199824    -6.41818317    -6.15407881
      237     0.00636442    -6.41802437    -6.41165995    -6.41802437    -6.15424957
      238     0.00652117    -6.41784099    -6.41131982    -6.41784099    -6.15446725
      239     0.00665192    -6.41763170    -6.41097978    -6.41763170    -6.15473033
      240     0.00675353    -6.41739533    -6.41064180    -6.41739533    -6.15503667
      241     0.00682318    -6.41713099    -6.41030781    -6.41713099    -6.15538349
      242     0.00685854    -6.41683804    -6.40997950    -6.41683804    -6.15576748
      243     0.00685770    -6.41651619    -6.40965849    -6.41651619    -6.15618484
      244     0.00681927    -6.41616546    -6.40934619    -6.41616546    -6.15663134
      245     0.00674240    -6.41578622    -6.40904382    -6.41578622    -6.15710239
      246     0.00662679    -6.41537917    -6.40875238    -6.41537917    -6.15759314
      247     0.00647268    -6.41494535    -6.40847267    -6.41494535    -6.15809849
      248     0.00628083    -6.41448613    -6.40820530    -6.41448613    -6.15861317
      249     0.00605251    -6.41400321    -6.40795070    -6.41400321    -6.15913185
      250     0.00578951    -6.41349867    -6.40770916    -6.41349867    -6.15964912
      251     0.00549383    -6.41297497    -6.40748114    -6.41297497    -6.16015964
      252     0.00516824    -6.41243509    -6.40726685    -6.41243509    -6.16065808
      253     0.00481629    -6.41188246    -6.40706617    -6.41188246    -6.16113933
      254     0.00444188    -6.41132115    -6.40687927    -6.41132115    -6.16159844
      255     0.00404952    -6.41075588    -6.40670636    -6.41075588    -6.16203068
      256     0.00364441    -6.41019207    -6.40654766    -6.41019207    -6.16243157
      257     0.00323247    -6.40963592    -6.40640345    -6.40963592    -6.16279684
      258     0.00282037    -6.40909442    -6.40627405    -6.40909442    -6.16312240
      259     0.00241560    -6.40857525    -6.40615965    -6.40857525    -6.16340438
      260     0.00202642    -6.40808673    -6.40606031    -6.40808673    -6.16363907
      261     0.00166198    -6.40763768    -6.40597570    -6.40763768    -6.16382294
      262     0.00133199    -6.40723716    -6.40590517    -6.40723716    -6.16395275
      263     0.00104671    -6.40689431    -6.40584760    -6.40689431    -6.16402545
      264     0.00081697    -6.40661790    -6.40580093    -6.40661790    -6.16403851
      265     0.00065386    -6.40641607    -6.40576221    -6.40641607    -6.16398992
      266     0.00056850    -6.40629600    -6.40572750    -6.40629600    -6.16387839
      267     0.00057180    -6.40626340    -6.40569160    -6.40626340    -6.16370363
      268     0.00067415    -6.40632238    -6.40564823    -6.40632238    -6.16346631
      269     0.00088515    -6.40647521    -6.40559006    -6.40647521    -6.16316812
      270     0.00121334    -6.40672207    -6.40550873    -6.40672207    -6.16281184
      271     0.00166585    -6.40706129    -6.40539544    -6.40706129    -6.16240100
      272     0.00224792    -6.40748913    -6.40524121    -6.40748913    -6.16193989
      273     0.00296266    -6.40800011    -6.40503745    -6.40800011    -6.16143318
      274     0.00381062    -6.40858710    -6.40477648    -6.40858710    -6.16088577
      275     0.00478921    -6.40924151    -6.40445230    -6.40924151    -6.16030253
      276     0.00589208    -6.40995348    -6.40406140    -6.40995348    -6.15968821
      277     0.00710825    -6.41071193    -6.40360368    -6.41071193    -6.15904736
      278     0.00842196    -6.41150472    -6.40308276    -6.41150472    -6.15838440
      279     0.00981232    -6.41231875    -6.40250643    -6.41231875    -6.15770353
      280     0.01125227    -6.41313999    -6.40188772    -6.41313999    -6.15700901
      281     0.01270874    -6.41395362    -6.40124488    -6.41395362    -6.15630518
      282     0.01414314    -6.41474414    -6.40060100    -6.41474414    -6.15559672
      283     0.01551237    -6.41549571    -6.39998334    -6.41549571    -6.15488877
      284     0.01677047    -6.41619250    -6.39942203    -6.41619250    -6.15418712
      285     0.01787108    -6.41681924    -6.39894816    -6.41681924    -6.15349840
      286     0.01877038    -6.41736185    -6.39859147    -6.41736185    -6.15283024
      287     0.01943048    -6.41780824    -6.39837776    -6.41780824    -6.15219129
      288     0.01982292    -6.41814904    -6.39832612    -6.41814904    -6.15159124
      289     0.01993139    -6.41837832    -6.39844693    -6.41837832    -6.15104070
      290     0.01975368    -6.41849406    -6.39874038    -6.41849406    -6.15055089
      291     0.01930244    -6.41849842    -6.39919598    -6.41849842    -6.15013323
      292     0.01860430    -6.41839770    -6.39979340    -6.41839770    -6.14979861
      293     0.01769741    -6.41820175    -6.40050434    -6.41820175    -6.14955691
      294     0.01662774    -6.41792335    -6.40129561    -6.41792335    -6.14941616
      295     0.01544478    -6.41757707    -6.40213229    -6.41757707    -6.14938214
      296     0.01419723    -6.41717844    -6.40298121    -6.41717844    -6.14945777
      297     0.01292943    -6.41674278    -6.40381335    -6.41674278    -6.14964299
      298     0.01167867    -6.41628436    -6.40460569    -6.41628436    -6.14993475
      299     0.01047412    -6.41581576    -6.40534164    -6.41581576    -6.15032721
      300     0.00933666    -6.41534745    -6.40601079    -6.41534745    -6.15081206
