#    Non-Adiabatic Coupling Matrix Elements: off-diagonal
         0     0.00000000     0.00000000     0.00000000
         1    -0.00002544    -0.00003408    -0.00040023
         2    -0.00002138    -0.00000990    -0.00019064
         3    -0.00001787     0.00001478    -0.00000680
         4    -0.00001487     0.00003976     0.00016819
         5    -0.00001231     0.00006473     0.00035299
         6    -0.00001013     0.00008918     0.00057111
         7    -0.00000829     0.00011245     0.00085638
         8    -0.00000679     0.00013381     0.00126455
         9    -0.00000567     0.00015266     0.00190111
        10    -0.00000508     0.00016841     0.00299669
        11    -0.00000535     0.00018061     0.00514708
        12    -0.00000754     0.00018924     0.01029758
        13    -0.00001650     0.00019446     0.02747301
        14    -0.00005228     0.00018587     0.09352394
        15    -0.00009749     0.00032026     0.09947373
        16    -0.00001689     0.00037307     0.01522539
        17    -0.00000936     0.00031615     0.00525603
        18    -0.00001039     0.00022812     0.00252599
        19    -0.00001056     0.00020071     0.00140308
        20    -0.00001069     0.00017380     0.00082976
        21    -0.00001083     0.00015639     0.00051170
        22    -0.00001088     0.00014172     0.00031861
        23    -0.00001116     0.00012450     0.00020139
        24    -0.00001151     0.00010503     0.00012992
        25    -0.00001551     0.00008902     0.00009411
        26    -0.00001608     0.00007584     0.00007198
        27    -0.00001648     0.00006385     0.00006181
        28    -0.00001182     0.00003637     0.00005127
        29    -0.00001158     0.00002161     0.00004544
        30    -0.00001654     0.00003454     0.00003742
        31    -0.00001600     0.00002678     0.00002575
        32    -0.00001016    -0.00001907    -0.00000360
        33    -0.00000967    -0.00002657    -0.00002382
        34    -0.00001207     0.00000834    -0.00007645
        35    -0.00001139     0.00000294    -0.00010963
        36    -0.00001111    -0.00000130    -0.00016562
        37    -0.00001303    -0.00001313    -0.00025470
        38    -0.00001371    -0.00001807    -0.00035645
        39    -0.00001356    -0.00002708    -0.00049844
        40    -0.00001290    -0.00003633    -0.00069738
        41    -0.00001190    -0.00004464    -0.00100592
        42    -0.00001056    -0.00005190    -0.00151458
        43    -0.00000839    -0.00005150    -0.00245040
        44    -0.00000703    -0.00006272    -0.00444199
        45    -0.00000678    -0.00006848    -0.00990242
        46    -0.00001103    -0.00007378    -0.03574026
        47     0.00002666    -0.00007212     0.13094295
        48    -0.00001312    -0.00008595    -0.05013161
        49    -0.00000328    -0.00009484    -0.01199154
        50    -0.00000047    -0.00010170    -0.00505614
        51     0.00000127    -0.00010839    -0.00271937
        52     0.00000270    -0.00011500    -0.00166029
        53     0.00000399    -0.00012152    -0.00109214
        54     0.00000520    -0.00012775    -0.00075209
        55     0.00000635    -0.00013317    -0.00053341
        56     0.00000750    -0.00013734    -0.00038520
        57     0.00000873    -0.00014049    -0.00028095
        58     0.00001005    -0.00014296    -0.00020644
        59     0.00001147    -0.00014484    -0.00015071
        60     0.00001302    -0.00014606    -0.00010925
        61     0.00001467    -0.00014654    -0.00007791
        62     0.00001642    -0.00014622    -0.00005411
        63     0.00001826    -0.00014507    -0.00003652
        64     0.00002018    -0.00014306    -0.00002285
        65     0.00002218    -0.00014016    -0.00001255
        66     0.00002424    -0.00013638    -0.00000483
        67     0.00002637    -0.00013172     0.00000094
        68     0.00002857    -0.00012618     0.00000528
        69     0.00003085    -0.00011983     0.00000868
        70     0.00003319    -0.00011269     0.00001177
        71     0.00003560    -0.00010479     0.00001935
        72     0.00003806    -0.00009616     0.00002369
        73     0.00004061    -0.00008682     0.00002875
        74     0.00004144    -0.00008665     0.00003854
        75     0.00004594    -0.00006658     0.00004354
        76     0.00004872    -0.00005606     0.00005144
        77     0.00005153    -0.00004548     0.00006259
        78     0.00005296    -0.00003881     0.00007969
        79     0.00005723    -0.00002441     0.00009132
        80     0.00006010    -0.00001421     0.00010954
        81     0.00006306    -0.00000529     0.00014674
        82     0.00006585     0.00000362     0.00016788
        83     0.00006850     0.00001254     0.00017432
        84     0.00007095     0.00002068     0.00019809
        85     0.00007276     0.00003343     0.00022779
        86     0.00007483     0.00003993     0.00025767
        87     0.00007657     0.00004532     0.00028619
        88     0.00007795     0.00004956     0.00031739
        89     0.00007894     0.00005266     0.00034938
        90     0.00007953     0.00005465     0.00038284
        91     0.00007872     0.00004917     0.00041543
        92     0.00007953     0.00005548     0.00044819
        93     0.00007898     0.00005445     0.00048112
        94     0.00007601     0.00004599     0.00051565
        95     0.00007443     0.00004327     0.00054588
        96     0.00007261     0.00003995     0.00057679
        97     0.00007067     0.00003611     0.00060644
        98     0.00007197     0.00003764     0.00063336
        99     0.00006671     0.00002733     0.00066213
       100     0.00006477     0.00002249     0.00068475
       101     0.00006290     0.00001742     0.00070626
       102     0.00006111     0.00001219     0.00072498
       103     0.00005941     0.00000688     0.00074060
       104     0.00005782     0.00000155     0.00075328
       105     0.00005632    -0.00000373     0.00076170
       106     0.00005492    -0.00000890     0.00076565
       107     0.00005362    -0.00001388     0.00076572
       108     0.00005240    -0.00001862     0.00076152
       109     0.00005125    -0.00002309     0.00075212
       110     0.00005017    -0.00002725     0.00073764
       111     0.00004913    -0.00003108     0.00071842
       112     0.00004534    -0.00003687     0.00069369
       113     0.00004399    -0.00003972     0.00066493
       114     0.00004265    -0.00004209     0.00063148
       115     0.00004510    -0.00004301     0.00059342
       116     0.00004396    -0.00004513     0.00054896
       117     0.00004270    -0.00004687     0.00050720
       118     0.00003744    -0.00004785     0.00045266
       119     0.00003972    -0.00004933     0.00040672
       120     0.00003799    -0.00005014     0.00035893
