#    Step        Prob(0)        Prob(1)        
        0     0.00000000     0.00000000
        1     0.00000097     0.00000000
        2     0.00000127     0.00000000
        3     0.00000411     0.00000000
        4     0.00000976     0.00000000
        5     0.00000355     0.00000000
        6     0.00003166     0.00000000
        7     0.00000000     0.00000000
        8     0.00005192     0.00000000
        9     0.00000000     0.00000000
       10     0.00002427     0.00000000
       11     0.00000985     0.00000000
       12     0.00000000     0.00000000
       13     0.00002885     0.00000000
       14     0.00000000     0.00000000
       15     0.00000000     0.00000000
       16     0.00003642     0.00000000
       17     0.00003132     0.00000000
       18     0.00000000     0.00000000
       19     0.00001958     0.00000000
       20     0.00005089     0.00000000
       21     0.00002134     0.00000000
       22     0.00000000     0.00000000
       23     0.00000000     0.00000000
       24     0.00000000     0.00000000
       25     0.00000000     0.00000000
       26     0.00000000     0.00000000
       27     0.00000166     0.00000000
       28     0.00003635     0.00000000
       29     0.00003563     0.00000000
       30     0.00001654     0.00000000
       31     0.00002176     0.00000000
       32     0.00003243     0.00000000
       33     0.00000000     0.00000000
       34     0.00000000     0.00000000
       35     0.00000000     0.00000000
       36     0.00001275     0.00000000
       37     0.00000000     0.00000000
       38     0.00000000     0.00000000
       39     0.00000946     0.00000000
       40     0.00000000     0.00000000
       41     0.00000000     0.00000000
       42     0.00000431     0.00000000
       43     0.00000000     0.00000000
       44     0.00000000     0.00000000
       45     0.00000128     0.00000000
       46     0.00000000     0.00000000
       47     0.00000223     0.00000000
       48     0.00000000     0.00000000
       49     0.00000686     0.00000000
       50     0.00000597     0.00000000
       51     0.00000000     0.00000000
       52     0.00000322     0.00000000
       53     0.00000663     0.00000000
       54     0.00000000     0.00000000
       55     0.00000000     0.00000000
       56     0.00000675     0.00000000
       57     0.00000054     0.00000000
       58     0.00000000     0.00000000
       59     0.00000444     0.00000000
       60     0.00001590     0.00000000
       61     0.00000976     0.00000000
       62     0.00000294     0.00000000
       63     0.00002119     0.00000000
       64     0.00004587     0.00000000
       65     0.00003883     0.00000000
       66     0.00000873     0.00000000
       67     0.00000000     0.00000000
       68     0.00001074     0.00000000
       69     0.00001110     0.00000000
       70     0.00000000     0.00000000
       71     0.00000000     0.00000000
       72     0.00000000     0.00000000
       73     0.00000000     0.00000000
       74     0.00000000     0.00000000
       75     0.00000000     0.00000000
       76     0.00000000     0.00000000
       77     0.00001115     0.00000000
       78     0.00001549     0.00000000
       79     0.00001037     0.00000000
       80     0.00000979     0.00000000
       81     0.00002064     0.00000000
       82     0.00002930     0.00000000
       83     0.00001950     0.00000000
       84     0.00000000     0.00000000
       85     0.00000000     0.00000000
       86     0.00000000     0.00000000
       87     0.00000000     0.00000000
       88     0.00000000     0.00000000
       89     0.00000000     0.00000000
       90     0.00000000     0.00000000
       91     0.00000000     0.00000000
       92     0.00000000     0.00000000
       93     0.00000108     0.00000000
       94     0.00000054     0.00000000
       95     0.00000000     0.00000000
       96     0.00000000     0.00000000
       97     0.00000208     0.00000000
       98     0.00001381     0.00000000
       99     0.00003963     0.00000000
      100     0.00008540     0.00000000
      101     0.00015662     0.00000000
      102     0.00026053     0.00000000
      103     0.00040893     0.00000000
      104     0.00061627     0.00000000
      105     0.00088910     0.00000000
      106     0.00120572     0.00000000
      107     0.00149800     0.00000000
      108     0.00165138     0.00000000
      109     0.00154209     0.00000000
      110     0.00110675     0.00000000
      111     0.00041836     0.00000000
      112     0.00000000     0.00000000
      113     0.00000000     0.00000000
      114     0.00187426     0.00000000
      115     0.01203216     0.00000000
      116     0.05297485     0.00000000
      117     0.19040907     0.00000000
      118     0.36229182     0.00000000
      119     0.30909843     0.00000000
      120     0.17172595     0.00000000
      121     0.00000000     0.00000000
      122     0.00000000     0.00000000
      123     0.00000000     0.00142517
      124     0.00000000     0.00426999
      125     0.00000000     0.00114623
      126     0.00000000     0.00000000
      127     0.00000000     0.00000000
      128     0.00000000     0.00142929
      129     0.00000000     0.00275537
      130     0.00000000     0.00145282
      131     0.00000000     0.00000000
      132     0.00000000     0.00000000
      133     0.00000000     0.00000000
      134     0.00000000     0.00294515
      135     0.00000000     0.00309247
      136     0.00000000     0.00000000
      137     0.00000000     0.00000000
      138     0.00000000     0.00877341
      139     0.00000000     0.00814211
      140     0.00000000     0.00000000
      141     0.00000000     0.00140508
      142     0.00000000     0.02205727
      143     0.00000000     0.00000000
      144     0.00000000     0.00889231
      145     0.00000000     0.01408540
      146     0.00000000     0.00000000
      147     0.00000000     0.02738021
      148     0.00000000     0.00000000
      149     0.00000000     0.01294750
      150     0.00000000     0.00000000
      151     0.00000000     0.00385318
      152     0.00000000     0.00000000
      153     0.00000000     0.00086875
      154     0.00000000     0.00000000
      155     0.00000000     0.00002250
      156     0.00000000     0.00008447
      157     0.00000000     0.00001743
      158     0.00000000     0.00000000
      159     0.00000000     0.00131446
      160     0.00000000     0.00000000
      161     0.00000000     0.00516594
      162     0.00000000     0.00000000
      163     0.00000000     0.01128794
      164     0.00000000     0.00000000
      165     0.00000000     0.01408983
      166     0.00000000     0.00000000
      167     0.00000000     0.00760805
      168     0.00000000     0.00000000
      169     0.00000000     0.00000000
      170     0.00000000     0.00000000
      171     0.00000000     0.00572938
      172     0.00000000     0.00000000
      173     0.00000000     0.01528444
      174     0.00109048     0.00000000
      175     0.00032470     0.00000000
      176     0.00145789     0.00000000
      177     0.00000000     0.00000000
      178     0.01584217     0.00000000
      179     0.00000000     0.00000000
      180     0.02085439     0.00000000
      181     0.00000000     0.00000000
      182     0.00000000     0.00000000
      183     0.06062791     0.00000000
      184     0.00000000     0.00000000
      185     0.02273394     0.00000000
      186     0.04096399     0.00000000
      187     0.00000000     0.00000000
      188     0.03876264     0.00000000
      189     0.03262528     0.00000000
      190     0.00000000     0.00000000
      191     0.00953697     0.00000000
      192     0.03939180     0.00000000
      193     0.00000000     0.00000000
      194     0.00000000     0.00000000
      195     0.00909202     0.00000000
      196     0.00082514     0.00000000
      197     0.00718472     0.00000000
      198     0.00825384     0.00000000
      199     0.00000000     0.00000000
      200     0.00000000     0.00000000
      201     0.03518814     0.00000000
      202     0.00059294     0.00000000
      203     0.00000000     0.00000000
      204     0.01944517     0.00000000
      205     0.03265684     0.00000000
      206     0.00000000     0.00000000
      207     0.00000000     0.00000000
      208     0.03607954     0.00000000
      209     0.00000000     0.00000000
      210     0.00000000     0.00000000
      211     0.01983669     0.00000000
      212     0.00000000     0.00000000
      213     0.00000000     0.00000000
      214     0.00000000     0.00000000
      215     0.01136088     0.00000000
      216     0.00210801     0.00000000
      217     0.00000000     0.00000000
      218     0.02522362     0.00000000
      219     0.02645640     0.00000000
      220     0.00000000     0.00000000
      221     0.00000000     0.00000000
      222     0.06191551     0.00000000
      223     0.00889219     0.00000000
      224     0.00000000     0.00000000
      225     0.00000000     0.00000000
      226     0.04600695     0.00000000
      227     0.05197143     0.00000000
      228     0.00000000     0.00000000
      229     0.00000000     0.00000000
      230     0.00000000     0.00000000
      231     0.00000000     0.00000000
      232     0.01670722     0.00000000
      233     0.02326324     0.00000000
      234     0.01779215     0.00000000
      235     0.00798975     0.00000000
      236     0.00000000     0.01369501
      237     0.00000000     0.08493002
      238     0.00000000     0.00000000
      239     0.00000000     0.00000000
      240     0.00000000     0.00000000
      241     0.00000000     0.00000000
      242     0.00000000     0.00000000
      243     0.00000000     0.00000000
      244     0.00059384     0.00000000
      245     0.00000000     0.00000000
      246     0.00000000     0.00000000
      247     0.00000000     0.00000000
      248     0.00000000     0.00000000
      249     0.00000000     0.00000000
      250     0.00000000     0.00000000
      251     0.00000000     0.00000000
      252     0.00364526     0.00000000
      253     0.00495206     0.00000000
      254     0.00287152     0.00000000
      255     0.00092325     0.00000000
      256     0.00000000     0.00000000
      257     0.00000000     0.00000000
      258     0.00000000     0.00000000
      259     0.00067103     0.00000000
      260     0.00220375     0.00000000
      261     0.00421815     0.00000000
      262     0.00657495     0.00000000
      263     0.00908594     0.00000000
      264     0.01155585     0.00000000
      265     0.01385980     0.00000000
      266     0.01606820     0.00000000
      267     0.01844343     0.00000000
      268     0.02154053     0.00000000
      269     0.00000000     0.00000000
      270     0.00000000     0.00000000
      271     0.00000000     0.00000000
      272     0.00000000     0.00000000
      273     0.00000000     0.03037686
      274     0.00000000     0.03353890
      275     0.00000000     0.01374659
      276     0.00000000     0.00000000
      277     0.00000000     0.00000000
      278     0.00000000     0.01650564
      279     0.00000000     0.05953903
      280     0.00000000     0.06236445
      281     0.00000000     0.00000000
      282     0.00000000     0.00000000
      283     0.00000000     0.00000000
      284     0.00000000     0.08695090
      285     0.00000000     0.08834229
      286     0.00000000     0.00000000
      287     0.00000000     0.00000000
      288     0.00000000     0.17536300
      289     0.00000000     0.00000000
      290     0.00000000     0.00000000
      291     0.00000000     0.16337500
      292     0.00000000     0.00000000
      293     0.00000000     0.12368312
      294     0.00000000     0.00000000
      295     0.00000000     0.04124071
      296     0.00000000     0.00000000
      297     0.00000000     0.00805518
      298     0.00000000     0.00000000
      299     0.00000000     0.00000000
      300     0.00000000     0.00200920
      301     0.00000000     0.00000000
      302     0.00000000     0.00000000
      303     0.00000000     0.00085025
      304     0.00000000     0.00000000
      305     0.00000000     0.00000000
      306     0.00000000     0.00349234
      307     0.00000000     0.00000000
      308     0.00000000     0.00762131
      309     0.00000000     0.00000000
      310     0.00000000     0.00351464
      311     0.00000000     0.00069510
      312     0.00000000     0.00000000
      313     0.00000000     0.00210265
      314     0.00000000     0.00080380
      315     0.00000000     0.00000000
      316     0.00000000     0.00000000
      317     0.00000000     0.00619839
      318     0.00000000     0.00000000
      319     0.00000000     0.00629704
      320     0.00000000     0.00000000
      321     0.00000000     0.00000000
      322     0.00000000     0.00666007
      323     0.00000000     0.00000000
      324     0.00000000     0.00348647
      325     0.00000000     0.00153030
      326     0.00000000     0.00000000
      327     0.00000000     0.02099934
      328     0.00000000     0.00000000
      329     0.00000000     0.02575755
      330     0.00000000     0.00000000
      331     0.00000000     0.00216150
      332     0.00000000     0.00365626
      333     0.00000000     0.00000000
      334     0.00000000     0.00000000
      335     0.00000000     0.00000000
      336     0.00000000     0.00351721
      337     0.00000000     0.00000000
      338     0.00000000     0.00131131
      339     0.00000000     0.00420245
      340     0.00000000     0.00000000
      341     0.00000000     0.00456076
      342     0.00000000     0.00175850
      343     0.00000000     0.00000000
      344     0.00000000     0.00294342
      345     0.00000000     0.00809972
      346     0.00000000     0.00000000
      347     0.00000000     0.03186009
      348     0.00000000     0.00000000
      349     0.00000000     0.02398149
      350     0.00000000     0.00000000
      351     0.00000000     0.00203515
      352     0.00000000     0.00340608
      353     0.00000000     0.00000000
      354     0.00000000     0.00244008
      355     0.00000000     0.00000000
      356     0.00000000     0.00000000
      357     0.00000000     0.00377678
      358     0.00000000     0.00000000
      359     0.00000000     0.01628567
      360     0.00000000     0.00576654
      361     0.00000000     0.00078153
      362     0.00000000     0.00000000
      363     0.00000000     0.08239339
      364     0.00000000     0.00000000
      365     0.00000000     0.02485190
      366     0.00000000     0.00000000
      367     0.00000000     0.00396336
      368     0.00000000     0.00671727
      369     0.00000000     0.00000000
      370     0.00000000     0.01176179
      371     0.00000000     0.00000000
      372     0.00000000     0.00029878
      373     0.00000000     0.00000000
      374     0.00000000     0.00617702
      375     0.00000000     0.00000000
      376     0.00000000     0.00925636
      377     0.00000000     0.00741569
      378     0.00000000     0.00000000
      379     0.00000000     0.06583100
      380     0.00000000     0.00000000
      381     0.00000000     0.02584952
      382     0.00000000     0.00000000
      383     0.00000000     0.00134061
      384     0.00000000     0.00017927
      385     0.00000000     0.00006556
      386     0.00000000     0.00122240
      387     0.00000000     0.00000000
      388     0.00000000     0.02563579
      389     0.00000000     0.00000000
