#    Step     Kinetic(H)     Potential(H)   Total(H)       E(0)(H)        E(1)(H)        E(2)(H)        
        0     0.00179011    -4.93586512    -4.93407501    -5.27531849    -5.04306286    -4.93586512
        1     0.00216500    -4.93625743    -4.93409244    -5.27582104    -5.04352866    -4.93625743
        2     0.00363960    -4.93773824    -4.93409864    -5.27649337    -5.04456848    -4.93773824
        3     0.00613485    -4.94019018    -4.93405533    -5.27725484    -5.04613844    -4.94019018
        4     0.00952911    -4.94358170    -4.93405260    -5.27800041    -5.04805999    -4.94358170
        5     0.01364936    -4.94775481    -4.93410546    -5.27860884    -5.05021188    -4.94775481
        6     0.01826072    -4.95250869    -4.93424797    -5.27895280    -5.05239331    -4.95250869
        7     0.02305814    -4.95772209    -4.93466395    -5.27891105    -5.05444627    -4.95772209
        8     0.02767196    -4.96318230    -4.93551033    -5.27838112    -5.05619480    -4.96318230
        9     0.03170477    -4.96867292    -4.93696816    -5.27729362    -5.05753275    -4.96867292
       10     0.03480223    -4.97402347    -4.93922125    -5.27562505    -5.05832639    -4.97402347
       11     0.03673627    -4.97907736    -4.94234108    -5.27340257    -5.05856611    -4.97907736
       12     0.03747070    -4.98372347    -4.94625278    -5.27069883    -5.05825107    -4.98372347
       13     0.03717820    -4.98795922    -4.95078102    -5.26762146    -5.05748891    -4.98795922
       14     0.03618419    -4.99172144    -4.95553725    -5.26429106    -5.05632672    -4.99172144
       15     0.08620864    -5.05490822    -4.96869958    -5.26081460    -5.05490822    -4.99504360
       16     0.02657477    -4.99942271    -4.97284794    -5.25527140    -5.05226822    -4.99942271
       17     0.02534706    -5.00162120    -4.97627414    -5.25199425    -5.05064478    -5.00162120
       18     0.02454752    -5.00363951    -4.97909199    -5.24879415    -5.04898816    -5.00363951
       19     0.02400461    -5.00548933    -4.98148472    -5.24564607    -5.04731005    -5.00548933
       20     0.02355670    -5.00717814    -4.98362144    -5.24252072    -5.04558117    -5.00717814
       21     0.02307815    -5.00864157    -4.98556343    -5.23939048    -5.04384741    -5.00864157
       22     0.02248379    -5.00993129    -4.98744750    -5.23623353    -5.04205018    -5.00993129
       23     0.02172636    -5.01103401    -4.98930765    -5.23303658    -5.04013946    -5.01103401
       24     0.02079195    -5.01187350    -4.99108155    -5.22979690    -5.03818600    -5.01187350
       25     0.01969435    -5.01253176    -4.99283742    -5.22652299    -5.03612482    -5.01253176
       26     0.01846789    -5.01295420    -4.99448631    -5.22323374    -5.03404830    -5.01295420
       27     0.01715955    -5.01324160    -4.99608205    -5.21995646    -5.03191025    -5.01324160
       28     0.01582103    -5.01338967    -4.99756864    -5.21672360    -5.02981661    -5.01338967
       29     0.01450228    -5.01343307    -4.99893080    -5.21356981    -5.02772856    -5.01343307
       30     0.01324656    -5.01340527    -5.00015871    -5.21052856    -5.02575303    -5.01340527
       31     0.01208726    -5.01337239    -5.00128514    -5.20762924    -5.02384594    -5.01337239
       32     0.01104600    -5.01332052    -5.00227452    -5.20489466    -5.02210360    -5.01332052
       33     0.01013208    -5.01330066    -5.00316858    -5.20233910    -5.02046678    -5.01330066
       34     0.00934342    -5.01335637    -5.00401295    -5.19996936    -5.01901576    -5.01335637
       35     0.00866745    -5.01341495    -5.00474749    -5.19778623    -5.01775137    -5.01341495
       36     0.00807937    -5.01347510    -5.00539573    -5.19578842    -5.01663554    -5.01347510
       37     0.00753227    -5.01353629    -5.00600402    -5.19397540    -5.01574125    -5.01353629
       38     0.00695340    -5.01349795    -5.00654455    -5.19235684    -5.01518842    -5.01349795
       39     0.00633164    -5.01335539    -5.00702375    -5.19096480    -5.01497236    -5.01335539
       40     0.00578103    -5.01320826    -5.00742722    -5.18982544    -5.01504572    -5.01320826
       41     0.00540844    -5.01319227    -5.00778383    -5.18892747    -5.01517673    -5.01319227
       42     0.00523073    -5.01335125    -5.00812052    -5.18824121    -5.01529896    -5.01335125
       43     0.00683345    -5.01541693    -5.00858348    -5.18773444    -5.01541693    -5.01368972
       44     0.00655269    -5.01555034    -5.00899765    -5.18720636    -5.01555034    -5.01400687
       45     0.00633954    -5.01574665    -5.00940711    -5.18663094    -5.01574665    -5.01412968
       46     0.00621385    -5.01601287    -5.00979902    -5.18605192    -5.01601287    -5.01406516
       47     0.00617643    -5.01631916    -5.01014273    -5.18551298    -5.01631916    -5.01385695
       48     0.00622842    -5.01673818    -5.01050976    -5.18505001    -5.01673818    -5.01361448
       49     0.00637578    -5.01726135    -5.01088557    -5.18469120    -5.01726135    -5.01332918
       50     0.00662534    -5.01787379    -5.01124845    -5.18445840    -5.01787379    -5.01305963
       51     0.00698147    -5.01862851    -5.01164705    -5.18436790    -5.01862851    -5.01274862
       52     0.00744425    -5.01953642    -5.01209216    -5.18443057    -5.01953642    -5.01248055
       53     0.00800871    -5.02052960    -5.01252090    -5.18465202    -5.02052960    -5.01222426
       54     0.00866465    -5.02168223    -5.01301758    -5.18503291    -5.02168223    -5.01201716
       55     0.00939720    -5.02299065    -5.01359345    -5.18556959    -5.02299065    -5.01178211
       56     0.01018754    -5.02437423    -5.01418670    -5.18625494    -5.02437423    -5.01158548
       57     0.01101371    -5.02589621    -5.01488251    -5.18707868    -5.02589621    -5.01138024
       58     0.01185188    -5.02750743    -5.01565555    -5.18802841    -5.02750743    -5.01115399
       59     0.01267817    -5.02919455    -5.01651638    -5.18909079    -5.02919455    -5.01093014
       60     0.01347020    -5.03094423    -5.01747403    -5.19025249    -5.03094423    -5.01065861
       61     0.01420941    -5.03274461    -5.01853520    -5.19150162    -5.03274461    -5.01036428
       62     0.01488302    -5.03455084    -5.01966781    -5.19283011    -5.03455084    -5.01000230
       63     0.01548404    -5.03643123    -5.02094719    -5.19423276    -5.03643123    -5.00960423
       64     0.01601038    -5.03834612    -5.02233574    -5.19570666    -5.03834612    -5.00916717
       65     0.01646349    -5.04025652    -5.02379303    -5.19724957    -5.04025652    -5.00872562
       66     0.01684719    -5.04219682    -5.02534963    -5.19885912    -5.04219682    -5.00820371
       67     0.01716691    -5.04416419    -5.02699728    -5.20053250    -5.04416419    -5.00767212
       68     0.01742846    -5.04615459    -5.02872613    -5.20226566    -5.04615459    -5.00712683
       69     0.01763696    -5.04812523    -5.03048827    -5.20405255    -5.04812523    -5.00656176
       70     0.01779601    -5.05014146    -5.03234545    -5.20588504    -5.05014146    -5.00593205
       71     0.01790724    -5.05211897    -5.03421174    -5.20775230    -5.05211897    -5.00530035
       72     0.01797026    -5.05408140    -5.03611114    -5.20964123    -5.05408140    -5.00461683
       73     0.01798309    -5.05601374    -5.03803065    -5.21153682    -5.05601374    -5.00390322
       74     0.01794255    -5.05793627    -5.03999372    -5.21342259    -5.05793627    -5.00314305
       75     0.01784509    -5.05975845    -5.04191336    -5.21528152    -5.05975845    -5.00231928
       76     0.01768736    -5.06149989    -5.04381253    -5.21709647    -5.06149989    -5.00141477
       77     0.01746684    -5.06318090    -5.04571405    -5.21885097    -5.06318090    -5.00041308
       78     0.01718246    -5.06478642    -5.04760397    -5.22052999    -5.06478642    -4.99933590
       79     0.01683479    -5.06622962    -5.04939483    -5.22212019    -5.06622962    -4.99820665
       80     0.01642635    -5.06760965    -5.05118331    -5.22361047    -5.06760965    -4.99694073
       81     0.01596136    -5.06884416    -5.05288280    -5.22499198    -5.06884416    -4.99560279
       82     0.01544567    -5.06996324    -5.05451756    -5.22625805    -5.06996324    -4.99418616
       83     0.01488653    -5.07096288    -5.05607636    -5.22740469    -5.07096288    -4.99268685
       84     0.01429203    -5.07184072    -5.05754869    -5.22842953    -5.07184072    -4.99113924
       85     0.01367091    -5.07263291    -5.05896200    -5.22933196    -5.07263291    -4.98950597
       86     0.01303227    -5.07330377    -5.06027150    -5.23011307    -5.07330377    -4.98782488
       87     0.01238533    -5.07389247    -5.06150714    -5.23077527    -5.07389247    -4.98613512
       88     0.01173905    -5.07440234    -5.06266330    -5.23132189    -5.07440234    -4.98440328
       89     0.01110186    -5.07480063    -5.06369877    -5.23175693    -5.07480063    -4.98267011
       90     0.01048136    -5.07516490    -5.06468354    -5.23208445    -5.07516490    -4.98097643
       91     0.00988443    -5.07546268    -5.06557825    -5.23230873    -5.07546268    -4.97928974
       92     0.00931734    -5.07573521    -5.06641788    -5.23243427    -5.07573521    -4.97765131
       93     0.00878587    -5.07598724    -5.06720137    -5.23246580    -5.07598724    -4.97606587
       94     0.00829530    -5.07618697    -5.06789167    -5.23240828    -5.07618697    -4.97453838
       95     0.00785035    -5.07641295    -5.06856260    -5.23226677    -5.07641295    -4.97311064
       96     0.00745522    -5.07659686    -5.06914164    -5.23204643    -5.07659686    -4.97178783
       97     0.00711359    -5.07681741    -5.06970383    -5.23175250    -5.07681741    -4.97057516
       98     0.00682855    -5.07704311    -5.07021456    -5.23139021    -5.07704311    -4.96947789
       99     0.00660262    -5.07731592    -5.07071330    -5.23096478    -5.07731592    -4.96846447
      100     0.00643768    -5.07760423    -5.07116655    -5.23048136    -5.07760423    -4.96761355
      101     0.00633488    -5.07794978    -5.07161490    -5.22994492    -5.07794978    -4.96689337
      102     0.00629450    -5.07835722    -5.07206272    -5.22936013    -5.07835722    -4.96634532
      103     0.00631580    -5.07879397    -5.07247816    -5.22873115    -5.07879397    -4.96590009
      104     0.00639691    -5.07930033    -5.07290343    -5.22806153    -5.07930033    -4.96559797
      105     0.00653465    -5.07987908    -5.07334444    -5.22735406    -5.07987908    -4.96547848
      106     0.00672453    -5.08049538    -5.07377084    -5.22661063    -5.08049538    -4.96543329
      107     0.00696071    -5.08115018    -5.07418946    -5.22583221    -5.08115018    -4.96557360
      108     0.00723603    -5.08188027    -5.07464424    -5.22501883    -5.08188027    -4.96578920
      109     0.00754219    -5.08264806    -5.07510587    -5.22416965    -5.08264806    -4.96615275
      110     0.00786994    -5.08348868    -5.07561874    -5.22328305    -5.08348868    -4.96658913
      111     0.00820942    -5.08432645    -5.07611703    -5.22235685    -5.08432645    -4.96709615
      112     0.00855048    -5.08523227    -5.07668180    -5.22138846    -5.08523227    -4.96770798
      113     0.00888314    -5.08612999    -5.07724685    -5.22037522    -5.08612999    -4.96834846
      114     0.00919807    -5.08701712    -5.07781904    -5.21931463    -5.08701712    -4.96905183
      115     0.00948694    -5.08792831    -5.07844137    -5.21820461    -5.08792831    -4.96974253
      116     0.00974282    -5.08886213    -5.07911931    -5.21704372    -5.08886213    -4.97049260
      117     0.00996045    -5.08974444    -5.07978399    -5.21583131    -5.08974444    -4.97119117
      118     0.01013644    -5.09061233    -5.08047589    -5.21456775    -5.09061233    -4.97191206
      119     0.01026927    -5.09146699    -5.08119772    -5.21325420    -5.09146699    -4.97261972
      120     0.01035925    -5.09231042    -5.08195117    -5.21189267    -5.09231042    -4.97327941
