#    Step     Kinetic(H)     Potential(H)   Total(H)       E(0)(H)        E(1)(H)        E(2)(H)        
        0     0.00881210    -4.93503278    -4.92622068    -5.27591937    -5.04167928    -4.93503278
        1     0.01110132    -4.93733946    -4.92623814    -5.27616809    -5.04295697    -4.93733946
        2     0.01408165    -4.94038467    -4.92630303    -5.27616311    -5.04442197    -4.94038467
        3     0.01759087    -4.94410973    -4.92651886    -5.27584574    -5.04594207    -4.94410973
        4     0.02141593    -4.94840206    -4.92698612    -5.27517691    -5.04751494    -4.94840206
        5     0.02529717    -4.95310357    -4.92780641    -5.27414554    -5.04894577    -4.95310357
        6     0.02895182    -4.95812544    -4.92917362    -5.27277302    -5.05025596    -4.95812544
        7     0.03211226    -4.96329858    -4.93118632    -5.27111079    -5.05142342    -4.96329858
        8     0.03457019    -4.96854673    -4.93397654    -5.26922958    -5.05237191    -4.96854673
        9     0.03621583    -4.97379397    -4.93757814    -5.26720045    -5.05317247    -4.97379397
       10     0.03706218    -4.97887141    -4.94180923    -5.26507503    -5.05380325    -4.97887141
       11     0.03724248    -4.98376796    -4.94652548    -5.26287896    -5.05421638    -4.98376796
       12     0.03696229    -4.98837194    -4.95140965    -5.26061082    -5.05444720    -4.98837194
       13     0.08957056    -5.05443082    -4.96486026    -5.25824249    -5.05443082    -4.99261848
       14     0.07603729    -5.05385443    -4.97781714    -5.25424841    -5.05385443    -4.99817922
       15     0.06398421    -5.05269119    -4.98870698    -5.25003498    -5.05269119    -5.00230788
       16     0.05385939    -5.05107990    -4.99722051    -5.24570424    -5.05107990    -5.00521676
       17     0.04539730    -5.04919596    -5.00379865    -5.24132134    -5.04919596    -5.00719150
       18     0.03819562    -5.04709165    -5.00889603    -5.23693858    -5.04709165    -5.00835788
       19     0.03195668    -5.04489503    -5.01293834    -5.23261050    -5.04489503    -5.00888070
       20     0.02650940    -5.04266560    -5.01615620    -5.22839661    -5.04266560    -5.00892974
       21     0.02176545    -5.04050312    -5.01873768    -5.22435992    -5.04050312    -5.00860472
       22     0.01767681    -5.03839581    -5.02071899    -5.22056213    -5.03839581    -5.00804088
       23     0.01420958    -5.03651040    -5.02230082    -5.21705975    -5.03651040    -5.00729470
       24     0.01133107    -5.03482117    -5.02349010    -5.21390055    -5.03482117    -5.00652420
       25     0.00900572    -5.03340240    -5.02439669    -5.21112206    -5.03340240    -5.00573017
       26     0.00719481    -5.03228060    -5.02508579    -5.20875078    -5.03228060    -5.00504936
       27     0.00585688    -5.03147050    -5.02561362    -5.20680146    -5.03147050    -5.00445976
       28     0.00494830    -5.03097507    -5.02602677    -5.20527704    -5.03097507    -5.00400108
       29     0.00442350    -5.03082252    -5.02639903    -5.20416901    -5.03082252    -5.00366479
       30     0.00423518    -5.03095713    -5.02672195    -5.20345838    -5.03095713    -5.00350539
       31     0.00433460    -5.03138769    -5.02705309    -5.20311721    -5.03138769    -5.00349497
       32     0.00467207    -5.03207925    -5.02740718    -5.20311053    -5.03207925    -5.00356178
       33     0.00519776    -5.03295532    -5.02775755    -5.20339861    -5.03295532    -5.00370287
       34     0.00586285    -5.03401061    -5.02814776    -5.20393942    -5.03401061    -5.00391293
       35     0.00662087    -5.03520317    -5.02858229    -5.20469098    -5.03520317    -5.00411325
       36     0.00742966    -5.03649385    -5.02906419    -5.20561417    -5.03649385    -5.00430146
       37     0.00825337    -5.03784899    -5.02959561    -5.20667531    -5.03784899    -5.00444386
       38     0.00906430    -5.03927933    -5.03021503    -5.20784841    -5.03927933    -5.00447773
       39     0.00984384    -5.04069428    -5.03085045    -5.20911637    -5.04069428    -5.00445947
       40     0.01058247    -5.04215932    -5.03157685    -5.21047115    -5.04215932    -5.00438103
       41     0.01127870    -5.04367446    -5.03239576    -5.21191280    -5.04367446    -5.00420570
       42     0.01193700    -5.04520921    -5.03327221    -5.21344754    -5.04520921    -5.00393973
       43     0.01256471    -5.04677285    -5.03420814    -5.21508468    -5.04677285    -5.00362916
       44     0.01316853    -5.04841074    -5.03524221    -5.21683282    -5.04841074    -5.00331934
       45     0.01375123    -5.05012702    -5.03637579    -5.21869610    -5.05012702    -5.00297766
       46     0.01430915    -5.05188145    -5.03757230    -5.22067102    -5.05188145    -5.00260062
       47     0.01483111    -5.05373414    -5.03890304    -5.22274422    -5.05373414    -5.00221161
       48     0.01529917    -5.05558820    -5.04028904    -5.22489227    -5.05558820    -5.00182396
       49     0.01569087    -5.05748498    -5.04179411    -5.22708304    -5.05748498    -5.00136879
       50     0.01598235    -5.05934926    -5.04336692    -5.22927807    -5.05934926    -5.00084436
       51     0.01615200    -5.06113975    -5.04498775    -5.23143604    -5.06113975    -5.00020939
       52     0.01618383    -5.06285334    -5.04666951    -5.23351713    -5.06285334    -4.99942403
       53     0.01606954    -5.06441762    -5.04834808    -5.23548565    -5.06441762    -4.99852611
       54     0.01580943    -5.06584063    -5.05003121    -5.23731291    -5.06584063    -4.99745017
       55     0.01541200    -5.06710197    -5.05168997    -5.23897849    -5.06710197    -4.99621255
       56     0.01489253    -5.06818965    -5.05329712    -5.24047041    -5.06818965    -4.99483803
       57     0.01427126    -5.06909977    -5.05482852    -5.24178478    -5.06909977    -4.99328595
       58     0.01357110    -5.06987186    -5.05630076    -5.24292435    -5.06987186    -4.99159583
       59     0.01281574    -5.07047704    -5.05766130    -5.24389703    -5.07047704    -4.98981230
       60     0.01202812    -5.07092664    -5.05889852    -5.24471412    -5.07092664    -4.98790995
       61     0.01122936    -5.07130801    -5.06007864    -5.24538948    -5.07130801    -4.98597611
       62     0.01043790    -5.07156185    -5.06112395    -5.24593732    -5.07156185    -4.98398825
       63     0.00966906    -5.07173873    -5.06206967    -5.24637145    -5.07173873    -4.98199692
       64     0.00893484    -5.07185119    -5.06291635    -5.24670440    -5.07185119    -4.98005142
       65     0.00824397    -5.07194643    -5.06370246    -5.24694664    -5.07194643    -4.97808870
       66     0.00760228    -5.07199606    -5.06439379    -5.24710652    -5.07199606    -4.97622737
       67     0.00701328    -5.07200647    -5.06499319    -5.24719042    -5.07200647    -4.97443705
       68     0.00647857    -5.07201894    -5.06554037    -5.24720289    -5.07201894    -4.97272231
       69     0.00599833    -5.07203652    -5.06603820    -5.24714698    -5.07203652    -4.97112292
       70     0.00557172    -5.07202435    -5.06645263    -5.24702455    -5.07202435    -4.96964077
       71     0.00519728    -5.07205701    -5.06685973    -5.24683672    -5.07205701    -4.96824021
       72     0.00487338    -5.07209860    -5.06722522    -5.24658432    -5.07209860    -4.96699558
       73     0.00459854    -5.07215012    -5.06755159    -5.24626835    -5.07215012    -4.96590787
       74     0.00437170    -5.07221314    -5.06784144    -5.24589037    -5.07221314    -4.96494191
       75     0.00419248    -5.07229011    -5.06809763    -5.24545285    -5.07229011    -4.96413689
       76     0.00406121    -5.07242134    -5.06836013    -5.24495935    -5.07242134    -4.96345964
       77     0.00397896    -5.07257483    -5.06859587    -5.24441459    -5.07257483    -4.96295164
       78     0.00394731    -5.07279306    -5.06884575    -5.24382434    -5.07279306    -4.96258188
       79     0.00396808    -5.07300908    -5.06904100    -5.24319513    -5.07300908    -4.96239366
       80     0.00404293    -5.07330326    -5.06926033    -5.24253383    -5.07330326    -4.96232035
       81     0.00417285    -5.07368232    -5.06950947    -5.24184716    -5.07368232    -4.96244216
       82     0.00435761    -5.07407870    -5.06972109    -5.24114106    -5.07407870    -4.96272829
       83     0.00459526    -5.07453372    -5.06993846    -5.24042010    -5.07453372    -4.96314657
       84     0.00488170    -5.07505009    -5.07016839    -5.23968699    -5.07505009    -4.96369968
       85     0.00521040    -5.07562829    -5.07041789    -5.23894222    -5.07562829    -4.96438813
       86     0.00557242    -5.07626650    -5.07069409    -5.23818396    -5.07626650    -4.96517334
       87     0.00595660    -5.07692396    -5.07096736    -5.23740819    -5.07692396    -4.96608805
       88     0.00635015    -5.07759486    -5.07124472    -5.23660912    -5.07759486    -4.96708969
       89     0.00673928    -5.07830899    -5.07156971    -5.23577978    -5.07830899    -4.96809782
       90     0.00711022    -5.07902223    -5.07191201    -5.23491280    -5.07902223    -4.96917854
       91     0.00745000    -5.07969076    -5.07224076    -5.23400110    -5.07969076    -4.97028806
       92     0.00774743    -5.08038211    -5.07263468    -5.23303874    -5.08038211    -4.97134691
       93     0.00799387    -5.08101862    -5.07302475    -5.23202153    -5.08101862    -4.97242442
       94     0.00818377    -5.08163514    -5.07345137    -5.23094758    -5.08163514    -4.97344518
       95     0.00831478    -5.08219539    -5.07388062    -5.22981737    -5.08219539    -4.97440967
       96     0.00838773    -5.08270222    -5.07431449    -5.22863372    -5.08270222    -4.97532074
       97     0.00840631    -5.08316060    -5.07475430    -5.22740164    -5.08316060    -4.97614662
       98     0.00837652    -5.08361405    -5.07523753    -5.22612787    -5.08361405    -4.97693081
       99     0.00830605    -5.08399706    -5.07569101    -5.22482041    -5.08399706    -4.97760781
      100     0.00820355    -5.08439183    -5.07618828    -5.22348796    -5.08439183    -4.97825982
      101     0.00807792    -5.08473366    -5.07665574    -5.22213932    -5.08473366    -4.97878540
      102     0.00793775    -5.08503098    -5.07709323    -5.22078293    -5.08503098    -4.97930322
      103     0.00779083    -5.08536491    -5.07757407    -5.21942639    -5.08536491    -4.97971065
      104     0.00764384    -5.08566847    -5.07802463    -5.21807623    -5.08566847    -4.98008770
      105     0.00750212    -5.08598363    -5.07848152    -5.21673768    -5.08598363    -4.98036612
      106     0.00736969    -5.08627752    -5.07890783    -5.21541459    -5.08627752    -4.98062326
      107     0.00724928    -5.08662614    -5.07937686    -5.21410949    -5.08662614    -4.98082488
      108     0.00714250    -5.08692055    -5.07977805    -5.21282369    -5.08692055    -4.98093555
      109     0.00705006    -5.08727128    -5.08022122    -5.21155744    -5.08727128    -4.98099227
      110     0.00697202    -5.08760428    -5.08063226    -5.21031022    -5.08760428    -4.98103128
      111     0.00690807    -5.08795522    -5.08104715    -5.20908095    -5.08795522    -4.98097798
      112     0.00685773    -5.08832274    -5.08146501    -5.20786824    -5.08832274    -4.98086776
      113     0.00682057    -5.08866860    -5.08184803    -5.20667063    -5.08866860    -4.98073588
      114     0.00679637    -5.08906495    -5.08226858    -5.20548676    -5.08906495    -4.98050749
      115     0.00678518    -5.08943712    -5.08265194    -5.20431546    -5.08943712    -4.98025492
      116     0.00678735    -5.08982098    -5.08303363    -5.20315585    -5.08982098    -4.97994055
      117     0.00680348    -5.09025264    -5.08344917    -5.20200729    -5.09025264    -4.97956373
      118     0.00683428    -5.09065814    -5.08382386    -5.20086931    -5.09065814    -4.97912398
      119     0.00688051    -5.09111058    -5.08423008    -5.19974154    -5.09111058    -4.97865770
      120     0.00694270    -5.09157275    -5.08463005    -5.19862349    -5.09157275    -4.97816439
