#    Step     Kinetic(H)     Potential(H)   Total(H)       E(0)(H)        E(1)(H)        
        0     0.01334772   -16.40369543   -16.39034771   -16.55233208   -16.40369543
        1     0.01383033   -16.40418506   -16.39035473   -16.55285579   -16.40418506
        2     0.01602356   -16.40640398   -16.39038042   -16.55412316   -16.40640398
        3     0.01954489   -16.40996155   -16.39041666   -16.55579750   -16.40996155
        4     0.02384822   -16.41429944   -16.39045122   -16.55741063   -16.41429944
        5     0.02839829   -16.41887266   -16.39047437   -16.55850337   -16.41887266
        6     0.03281060   -16.42329512   -16.39048452   -16.55872956   -16.42329512
        7     0.03686972   -16.42736030   -16.39049058   -16.55787042   -16.42736030
        8     0.04042154   -16.43092533   -16.39050379   -16.55578921   -16.43092533
        9     0.04324363   -16.43376751   -16.39052388   -16.55239809   -16.43376751
       10     0.04502939   -16.43557107   -16.39054168   -16.54765293   -16.43557107
       11     0.04549723   -16.43604618   -16.39054895   -16.54155569   -16.43604618
       12     0.04450818   -16.43505140   -16.39054322   -16.53418931   -16.43505140
       13     0.04211615   -16.43264151   -16.39052536   -16.52576229   -16.43264151
       14     0.03856424   -16.42906304   -16.39049880   -16.51662568   -16.42906304
       15     0.03424707   -16.42471397   -16.39046690   -16.50724702   -16.42471397
       16     0.02964675   -16.42008153   -16.39043478   -16.49815548   -16.42008153
       17     0.02525665   -16.41566365   -16.39040700   -16.48986855   -16.41566365
       18     0.02150768   -16.41189493   -16.39038725   -16.48282228   -16.41189493
       19     0.01871159   -16.40908906   -16.39037747   -16.47731794   -16.40908906
       20     0.01702641   -16.40740505   -16.39037864   -16.47349238   -16.40740505
       21     0.01644213   -16.40683230   -16.39039017   -16.47130719   -16.40683230
       22     0.01679116   -16.40720048   -16.39040932   -16.47056227   -16.40720048
       23     0.01779237   -16.40822320   -16.39043083   -16.47094239   -16.40822320
       24     0.01913699   -16.40958368   -16.39044669   -16.47210498   -16.40958368
       25     0.02060131   -16.41105184   -16.39045053   -16.47379801   -16.41105184
       26     0.02213376   -16.41257634   -16.39044258   -16.47595222   -16.41257634
       27     0.02384630   -16.41427759   -16.39043129   -16.47867339   -16.41427759
       28     0.02589113   -16.41631952   -16.39042839   -16.48211306   -16.41631952
       29     0.02829907   -16.41873874   -16.39043967   -16.48629622   -16.41873874
       30     0.03089793   -16.42135914   -16.39046121   -16.49103407   -16.42135914
       31     0.03336320   -16.42384713   -16.39048393   -16.49597681   -16.42384713
       32     0.03533934   -16.42584139   -16.39050205   -16.50074032   -16.42584139
       33     0.03654010   -16.42705242   -16.39051232   -16.50500231   -16.42705242
       34     0.03679681   -16.42731117   -16.39051436   -16.50854752   -16.42731117
       35     0.03608049   -16.42658820   -16.39050771   -16.51128426   -16.42658820
       36     0.03451312   -16.42500520   -16.39049208   -16.51325481   -16.42500520
       37     0.03235392   -16.42282486   -16.39047094   -16.51462602   -16.42282486
       38     0.02995172   -16.42040090   -16.39044918   -16.51564243   -16.42040090
       39     0.02766771   -16.41809945   -16.39043174   -16.51655291   -16.41809945
       40     0.02579613   -16.41621832   -16.39042219   -16.51753686   -16.41621832
       41     0.02451340   -16.41493401   -16.39042061   -16.51865929   -16.41493401
       42     0.02386857   -16.41429413   -16.39042556   -16.51987171   -16.41429413
       43     0.02380944   -16.41424354   -16.39043410   -16.52104614   -16.41424354
       44     0.02422880   -16.41467166   -16.39044286   -16.52202937   -16.41467166
       45     0.02502067   -16.41546852   -16.39044785   -16.52270331   -16.41546852
       46     0.02614086   -16.41658701   -16.39044615   -16.52304864   -16.41658701
       47     0.02763928   -16.41807967   -16.39044039   -16.52317883   -16.41807967
       48     0.02960091   -16.42004307   -16.39044216   -16.52327832   -16.42004307
       49     0.03198138   -16.42244503   -16.39046365   -16.52342141   -16.42244503
       50     0.03444945   -16.42495345   -16.39050400   -16.52339152   -16.42495345
       51     0.03640311   -16.42694977   -16.39054666   -16.52268604   -16.42694977
       52     0.03720196   -16.42777306   -16.39057110   -16.52075302   -16.42777306
       53     0.03645563   -16.42702278   -16.39056715   -16.51728903   -16.42702278
       54     0.03417876   -16.42471682   -16.39053806   -16.51239541   -16.42471682
       55     0.03076569   -16.42125941   -16.39049372   -16.50654623   -16.42125941
       56     0.02686289   -16.41730709   -16.39044420   -16.50045626   -16.41730709
       57     0.02321364   -16.41361200   -16.39039836   -16.49492521   -16.41361200
       58     0.02050569   -16.41087108   -16.39036539   -16.49068738   -16.41087108
       59     0.01923466   -16.40958616   -16.39035150   -16.48827009   -16.40958616
       60     0.01960553   -16.40996471   -16.39035918   -16.48789250   -16.40996471
       61     0.02150010   -16.41188572   -16.39038562   -16.48942909   -16.41188572
       62     0.02451958   -16.41494330   -16.39042372   -16.49245309   -16.41494330
       63     0.02808935   -16.41855416   -16.39046481   -16.49634551   -16.41855416
       64     0.03159244   -16.42209320   -16.39050076   -16.50043429   -16.42209320
       65     0.03449580   -16.42502026   -16.39052446   -16.50412555   -16.42502026
       66     0.03645560   -16.42698599   -16.39053039   -16.50701375   -16.42698599
       67     0.03739937   -16.42791600   -16.39051663   -16.50896860   -16.42791600
       68     0.03754873   -16.42803804   -16.39048931   -16.51016357   -16.42803804
       69     0.03730522   -16.42777138   -16.39046616   -16.51096566   -16.42777138
       70     0.03700766   -16.42746985   -16.39046219   -16.51167830   -16.42746985
       71     0.03672857   -16.42720384   -16.39047527   -16.51232337   -16.42720384
       72     0.03629234   -16.42678212   -16.39048978   -16.51266273   -16.42678212
       73     0.03548100   -16.42597349   -16.39049249   -16.51241976   -16.42597349
       74     0.03421992   -16.42470299   -16.39048307   -16.51147575   -16.42470299
       75     0.03260457   -16.42307319   -16.39046862   -16.50989229   -16.42307319
       76     0.03081880   -16.42127319   -16.39045439   -16.50782212   -16.42127319
       77     0.02906751   -16.41950734   -16.39043983   -16.50544036   -16.41950734
       78     0.02757030   -16.41799408   -16.39042378   -16.50294593   -16.41799408
       79     0.02657778   -16.41698463   -16.39040685   -16.50058213   -16.41698463
       80     0.02635249   -16.41674567   -16.39039318   -16.49862063   -16.41674567
       81     0.02710478   -16.41749315   -16.39038837   -16.49729537   -16.41749315
       82     0.02891460   -16.41931013   -16.39039553   -16.49672019   -16.41931013
       83     0.03167997   -16.42209490   -16.39041493   -16.49683573   -16.42209490
       84     0.03511980   -16.42556313   -16.39044333   -16.49741002   -16.42556313
       85     0.03882660   -16.42930194   -16.39047534   -16.49809056   -16.42930194
       86     0.04234409   -16.43285038   -16.39050629   -16.49848187   -16.43285038
       87     0.04525086   -16.43578084   -16.39052998   -16.49822389   -16.43578084
       88     0.04725676   -16.43779555   -16.39053879   -16.49708467   -16.43779555
       89     0.04830938   -16.43883740   -16.39052802   -16.49506798   -16.43883740
       90     0.04861833   -16.43912697   -16.39050864   -16.49244762   -16.43912697
       91     0.04848817   -16.43899003   -16.39050186   -16.48959366   -16.43899003
       92     0.04804189   -16.43855752   -16.39051563   -16.48667198   -16.43855752
       93     0.04711406   -16.43764909   -16.39053503   -16.48352741   -16.43764909
       94     0.04544306   -16.43598210   -16.39053904   -16.47989186   -16.43598210
       95     0.04295908   -16.43347924   -16.39052016   -16.47569064   -16.43347924
       96     0.03990191   -16.43038827   -16.39048636   -16.47116089   -16.43038827
       97     0.03673445   -16.42718348   -16.39044903   -16.46675273   -16.42718348
       98     0.03399222   -16.42440742   -16.39041520   -16.46297173   -16.42440742
       99     0.03217450   -16.42256292   -16.39038842   -16.46027251   -16.42256292
      100     0.03167208   -16.42204526   -16.39037318   -16.45899394   -16.42204526
      101     0.03269348   -16.42306853   -16.39037505   -16.45928984   -16.42306853
      102     0.03519071   -16.42558700   -16.39039629   -16.46105609   -16.42558700
      103     0.03882495   -16.42925851   -16.39043356   -16.46390021   -16.42925851
      104     0.04301922   -16.43349680   -16.39047758   -16.46719910   -16.43349680
      105     0.04710491   -16.43761996   -16.39051505   -16.47024992   -16.43761996
      106     0.05051467   -16.44105015   -16.39053548   -16.47246874   -16.44105015
      107     0.05293259   -16.44346976   -16.39053717   -16.47354181   -16.44346976
      108     0.05432296   -16.44484973   -16.39052677   -16.47344695   -16.44484973
      109     0.05484073   -16.44535296   -16.39051223   -16.47235025   -16.44535296
      110     0.05471199   -16.44521080   -16.39049881   -16.47047872   -16.44521080
      111     0.05415208   -16.44464131   -16.39048923   -16.46803865   -16.44464131
      112     0.05331087   -16.44379701   -16.39048614   -16.46516730   -16.44379701
      113     0.05225431   -16.44273873   -16.39048442   -16.46191225   -16.44273873
      114     0.05103132   -16.44150558   -16.39047426   -16.45830619   -16.44150558
      115     0.04980095   -16.44025241   -16.39045146   -16.45450772   -16.44025241
      116     0.04888002   -16.43930511   -16.39042509   -16.45086099   -16.43930511
      117     0.04862160   -16.43903292   -16.39041132   -16.44778254   -16.43903292
      118     0.04918841   -16.43961535   -16.39042694   -16.44559057   -16.43961535
      119     0.05403613   -16.44455027   -16.39051414   -16.44455027   -16.44077374
      120     0.05519670   -16.44580776   -16.39061106   -16.44580776   -16.44154332
      121     0.05825255   -16.44895729   -16.39070474   -16.44895729   -16.44169161
      122     0.06194282   -16.45267756   -16.39073474   -16.45267756   -16.44176394
      123     0.06570752   -16.45646156   -16.39075404   -16.45646156   -16.44168773
      124     0.06922607   -16.45999797   -16.39077190   -16.45999797   -16.44129483
      125     0.07222736   -16.46301593   -16.39078857   -16.46301593   -16.44040802
      126     0.07446960   -16.46527128   -16.39080168   -16.46527128   -16.43886288
      127     0.07577188   -16.46657975   -16.39080787   -16.46657975   -16.43654464
      128     0.07606191   -16.46686678   -16.39080487   -16.46686678   -16.43343453
      129     0.07540860   -16.46620187   -16.39079327   -16.46620187   -16.42963961
      130     0.07401197   -16.46478836   -16.39077639   -16.46478836   -16.42537850
      131     0.07215350   -16.46291119   -16.39075769   -16.46291119   -16.42092645
      132     0.07014498   -16.46088390   -16.39073892   -16.46088390   -16.41656176
      133     0.06830715   -16.45902641   -16.39071926   -16.45902641   -16.41254609
      134     0.06697463   -16.45767238   -16.39069775   -16.45767238   -16.40913842
      135     0.06650827   -16.45718156   -16.39067329   -16.45718156   -16.40661740
      136     0.06729564   -16.45794464   -16.39064900   -16.45794464   -16.40529675
      137     0.06969183   -16.46032769   -16.39063586   -16.46032769   -16.40547743
      138     0.07385711   -16.46450609   -16.39064898   -16.46450609   -16.40728406
      139     0.07955055   -16.47024557   -16.39069502   -16.47024557   -16.41044230
      140     0.08605253   -16.47681477   -16.39076224   -16.47681477   -16.41418375
      141     0.09233507   -16.48316210   -16.39082703   -16.48316210   -16.41741531
      142     0.09740493   -16.48827231   -16.39086738   -16.48827231   -16.41907242
      143     0.10061805   -16.49149285   -16.39087480   -16.49149285   -16.41844897
      144     0.10181569   -16.49266993   -16.39085424   -16.49266993   -16.41534262
      145     0.10126958   -16.49208692   -16.39081734   -16.49208692   -16.41000508
      146     0.09951438   -16.49029043   -16.39077605   -16.49029043   -16.40297896
      147     0.09716398   -16.48790304   -16.39073906   -16.48790304   -16.39491876
      148     0.09477658   -16.48548677   -16.39071019   -16.48548677   -16.38646111
      149     0.09278717   -16.48347813   -16.39069096   -16.48347813   -16.37816848
      150     0.09149409   -16.48217516   -16.39068107   -16.48217516   -16.37053013
      151     0.09106930   -16.48174879   -16.39067949   -16.48174879   -16.36398736
      152     0.09157984   -16.48226302   -16.39068318   -16.48226302   -16.35894199
      153     0.09302115   -16.48370980   -16.39068865   -16.48370980   -16.35571755
      154     0.09535066   -16.48604589   -16.39069523   -16.48604589   -16.35447494
      155     0.09848701   -16.48919229   -16.39070528   -16.48919229   -16.35514705
      156     0.10226967   -16.49299118   -16.39072151   -16.49299118   -16.35744223
      157     0.10644055   -16.49718088   -16.39074033   -16.49718088   -16.36091840
      158     0.11069975   -16.50145431   -16.39075456   -16.50145431   -16.36510463
      159     0.11479512   -16.50555792   -16.39076280   -16.50555792   -16.36961753
      160     0.11854712   -16.50931857   -16.39077145   -16.50931857   -16.37418059
      161     0.12177665   -16.51256364   -16.39078699   -16.51256364   -16.37853271
      162     0.12423297   -16.51503950   -16.39080653   -16.51503950   -16.38234417
      163     0.12563252   -16.51645291   -16.39082039   -16.51645291   -16.38526698
      164     0.12579090   -16.51661150   -16.39082060   -16.51661150   -16.38709522
      165     0.12472959   -16.51553722   -16.39080763   -16.51553722   -16.38789836
      166     0.12268495   -16.51346988   -16.39078493   -16.51346988   -16.38802237
      167     0.12005078   -16.51080712   -16.39075634   -16.51080712   -16.38795833
      168     0.11731230   -16.50803786   -16.39072556   -16.50803786   -16.38816020
      169     0.11496492   -16.50566519   -16.39070027   -16.50566519   -16.38891875
      170     0.11340538   -16.50409233   -16.39068695   -16.50409233   -16.39035118
      171     0.11284799   -16.50353488   -16.39068689   -16.50353488   -16.39243418
      172     0.11330841   -16.50400510   -16.39069669   -16.50400510   -16.39502630
      173     0.11464349   -16.50535531   -16.39071182   -16.50535531   -16.39789338
      174     0.11662114   -16.50734805   -16.39072691   -16.50734805   -16.40075147
      175     0.11899932   -16.50973673   -16.39073741   -16.50973673   -16.40332858
      176     0.12159097   -16.51233254   -16.39074157   -16.51233254   -16.40542132
      177     0.12429504   -16.51503574   -16.39074070   -16.51503574   -16.40692259
      178     0.12708281   -16.51782101   -16.39073820   -16.51782101   -16.40780874
      179     0.12995621   -16.52069358   -16.39073737   -16.52069358   -16.40810486
      180     0.13290733   -16.52364746   -16.39074013   -16.52364746   -16.40786419
      181     0.13587999   -16.52663097   -16.39075098   -16.52663097   -16.40717021
      182     0.13870726   -16.52948245   -16.39077519   -16.52948245   -16.40611096
      183     0.14105513   -16.53186467   -16.39080954   -16.53186467   -16.40468753
      184     0.14246229   -16.53330297   -16.39084068   -16.53330297   -16.40269717
      185     0.14249371   -16.53335217   -16.39085846   -16.53335217   -16.39975256
      186     0.14091023   -16.53176719   -16.39085696   -16.53176719   -16.39551086
      187     0.13777799   -16.52861163   -16.39083364   -16.52861163   -16.38992990
      188     0.13348658   -16.52427927   -16.39079269   -16.52427927   -16.38336148
      189     0.12867049   -16.51941591   -16.39074542   -16.51941591   -16.37647703
      190     0.12406127   -16.51476449   -16.39070322   -16.51476449   -16.37009468
      191     0.12031545   -16.51099097   -16.39067552   -16.51099097   -16.36498783
      192     0.11786801   -16.50853583   -16.39066782   -16.50853583   -16.36172120
      193     0.11684372   -16.50752475   -16.39068103   -16.50752475   -16.36054669
      194     0.11703937   -16.50775068   -16.39071131   -16.50775068   -16.36137165
      195     0.11798116   -16.50873243   -16.39075127   -16.50873243   -16.36380833
      196     0.11904084   -16.50983147   -16.39079063   -16.50983147   -16.36728448
      197     0.11959270   -16.51041151   -16.39081881   -16.51041151   -16.37119155
      198     0.11918156   -16.51000727   -16.39082571   -16.51000727   -16.37502709
      199     0.11765877   -16.50846681   -16.39080804   -16.50846681   -16.37849892
      200     0.11522081   -16.50599494   -16.39077413   -16.50599494   -16.38156360
      201     0.11229328   -16.50303427   -16.39074099   -16.50303427   -16.38436257
      202     0.10930025   -16.50002381   -16.39072356   -16.50002381   -16.38706072
      203     0.10646493   -16.49718921   -16.39072428   -16.49718921   -16.38968405
      204     0.10376440   -16.49449912   -16.39073472   -16.49449912   -16.39207843
      205     0.10103610   -16.49177979   -16.39074369   -16.49177979   -16.39400500
      206     0.09813520   -16.48887836   -16.39074316   -16.48887836   -16.39528181
      207     0.09505015   -16.48578142   -16.39073127   -16.48578142   -16.39588696
      208     0.09194128   -16.48265210   -16.39071082   -16.48265210   -16.39598652
      209     0.08910295   -16.47979097   -16.39068802   -16.47979097   -16.39589093
      210     0.08687423   -16.47754364   -16.39066941   -16.47754364   -16.39596103
      211     0.08553241   -16.47619309   -16.39066068   -16.47619309   -16.39650008
      212     0.08520703   -16.47587169   -16.39066466   -16.47587169   -16.39766601
      213     0.08583337   -16.47651457   -16.39068120   -16.47651457   -16.39942503
      214     0.08715303   -16.47786023   -16.39070720   -16.47786023   -16.40155235
      215     0.08876131   -16.47949887   -16.39073756   -16.47949887   -16.40368039
      216     0.09019167   -16.48095704   -16.39076537   -16.48095704   -16.40538309
      217     0.09101944   -16.48180360   -16.39078416   -16.48180360   -16.40628128
      218     0.09096303   -16.48175230   -16.39078927   -16.48175230   -16.40614480
      219     0.08995591   -16.48073495   -16.39077904   -16.48073495   -16.40496501
      220     0.08816754   -16.47892398   -16.39075644   -16.47892398   -16.40297685
      221     0.08595282   -16.47668199   -16.39072917   -16.47668199   -16.40060744
      222     0.08372161   -16.47443056   -16.39070895   -16.47443056   -16.39834331
      223     0.08177092   -16.47247461   -16.39070369   -16.47247461   -16.39655183
      224     0.08017328   -16.47088459   -16.39071131   -16.47088459   -16.39535896
      225     0.07879931   -16.46952261   -16.39072330   -16.46952261   -16.39466986
      226     0.07744219   -16.46817333   -16.39073114   -16.46817333   -16.39429489
      227     0.07594144   -16.46667297   -16.39073153   -16.46667297   -16.39407470
      228     0.07424639   -16.46497105   -16.39072466   -16.46497105   -16.39394088
      229     0.07242207   -16.46313498   -16.39071291   -16.46313498   -16.39392302
      230     0.07061900   -16.46131859   -16.39069959   -16.46131859   -16.39412223
      231     0.06902170   -16.45970981   -16.39068811   -16.45970981   -16.39466572
      232     0.06779304   -16.45847409   -16.39068105   -16.45847409   -16.39565762
      233     0.06703342   -16.45771292   -16.39067950   -16.45771292   -16.39714372
      234     0.06675728   -16.45744137   -16.39068409   -16.45744137   -16.39909343
      235     0.06688093   -16.45757623   -16.39069530   -16.45757623   -16.40138975
      236     0.06722004   -16.45793226   -16.39071222   -16.45793226   -16.40382502
      237     0.06750432   -16.45823666   -16.39073234   -16.45823666   -16.40611297
      238     0.06742570   -16.45817606   -16.39075036   -16.45817606   -16.40793222
      239     0.06672293   -16.45748244   -16.39075951   -16.45748244   -16.40900930
      240     0.06527710   -16.45603230   -16.39075520   -16.45603230   -16.40921572
      241     0.06318347   -16.45391932   -16.39073585   -16.45391932   -16.40864023
      242     0.06076829   -16.45147297   -16.39070468   -16.45147297   -16.40760704
      243     0.05852791   -16.44919874   -16.39067083   -16.44919874   -16.40661489
      244     0.05697725   -16.44762572   -16.39064847   -16.44762572   -16.40618224
      245     0.05644457   -16.44709279   -16.39064822   -16.44709279   -16.40663070
      246     0.05692545   -16.44759409   -16.39066864   -16.44759409   -16.40792918
      247     0.05810467   -16.44880194   -16.39069727   -16.44880194   -16.40971879
      248     0.05953696   -16.45025600   -16.39071904   -16.45025600   -16.41150584
      249     0.06086474   -16.45159008   -16.39072534   -16.45159008   -16.41289294
      250     0.06194970   -16.45266634   -16.39071664   -16.45266634   -16.41371527
      251     0.06288059   -16.45357943   -16.39069884   -16.45357943   -16.41404431
      252     0.06389149   -16.45457119   -16.39067970   -16.45457119   -16.41409962
      253     0.06524876   -16.45591445   -16.39066569   -16.45591445   -16.41412892
      254     0.06715188   -16.45781216   -16.39066028   -16.45781216   -16.41430384
      255     0.06967343   -16.46033822   -16.39066479   -16.46033822   -16.41465874
      256     0.07274384   -16.46342120   -16.39067736   -16.46342120   -16.41507408
      257     0.07617683   -16.46687108   -16.39069425   -16.46687108   -16.41530431
      258     0.07972070   -16.47043260   -16.39071190   -16.47043260   -16.41503280
      259     0.08311640   -16.47384371   -16.39072731   -16.47384371   -16.41393164
      260     0.08614321   -16.47688205   -16.39073884   -16.47688205   -16.41170877
      261     0.08864284   -16.47938922   -16.39074638   -16.47938922   -16.40813324
      262     0.09053707   -16.48128508   -16.39074801   -16.48128508   -16.40305256
      263     0.09186193   -16.48260108   -16.39073915   -16.48260108   -16.39643915
      264     0.09280437   -16.48353052   -16.39072615   -16.48353052   -16.38851222
      265     0.09356709   -16.48432210   -16.39075501   -16.48432210   -16.37999291
      266     0.09400884   -16.48480826   -16.39079942   -16.48480826   -16.37243407
      267     0.09413193   -16.48485436   -16.39072243   -16.48485436   -16.36711920
      268     0.09453162   -16.48523061   -16.39069899   -16.48523061   -16.36346468
      269     0.09551964   -16.48623984   -16.39072020   -16.48623984   -16.36049006
      270     0.09682983   -16.48757306   -16.39074323   -16.48757306   -16.35754149
      271     0.09810953   -16.48886174   -16.39075221   -16.48886174   -16.35428805
      272     0.09917900   -16.48992857   -16.39074957   -16.48992857   -16.35070267
      273     0.10002290   -16.49076725   -16.39074435   -16.49076725   -16.34696142
      274     0.10068039   -16.49142219   -16.39074180   -16.49142219   -16.34330069
      275     0.10116552   -16.49190727   -16.39074175   -16.49190727   -16.33992951
      276     0.10145604   -16.49219807   -16.39074203   -16.49219807   -16.33701401
      277     0.10152077   -16.49226233   -16.39074156   -16.49226233   -16.33469374
      278     0.10133550   -16.49207657   -16.39074107   -16.49207657   -16.33306919
      279     0.10087458   -16.49161691   -16.39074233   -16.49161691   -16.33214819
      280     0.10008713   -16.49083432   -16.39074719   -16.49083432   -16.33180366
      281     0.09887141   -16.48962777   -16.39075636   -16.48962777   -16.33178859
      282     0.09707435   -16.48784102   -16.39076667   -16.48784102   -16.33178974
      283     0.09453723   -16.48530972   -16.39077249   -16.48530972   -16.33150495
      284     0.09118518   -16.48195139   -16.39076621   -16.48195139   -16.33073986
      285     0.08713760   -16.47787887   -16.39074127   -16.47787887   -16.32951945
      286     0.08279402   -16.47349064   -16.39069662   -16.47349064   -16.32816651
      287     0.07881578   -16.46946149   -16.39064571   -16.46946149   -16.32726910
      288     0.07594025   -16.46655046   -16.39061021   -16.46655046   -16.32747663
      289     0.07466671   -16.46527601   -16.39060930   -16.46527601   -16.32917809
      290     0.07500748   -16.46564914   -16.39064166   -16.46564914   -16.33228185
      291     0.07650871   -16.46719546   -16.39068675   -16.46719546   -16.33625786
      292     0.07851877   -16.46924244   -16.39072367   -16.46924244   -16.34040442
      293     0.08047657   -16.47122033   -16.39074376   -16.47122033   -16.34414926
      294     0.08204668   -16.47279654   -16.39074986   -16.47279654   -16.34721023
      295     0.08310285   -16.47385019   -16.39074734   -16.47385019   -16.34956534
      296     0.08366297   -16.47440115   -16.39073818   -16.47440115   -16.35133416
      297     0.08384199   -16.47456626   -16.39072427   -16.47456626   -16.35268326
      298     0.08382387   -16.47453322   -16.39070935   -16.47453322   -16.35378906
      299     0.08382464   -16.47452071   -16.39069607   -16.47452071   -16.35482474
      300     0.08403574   -16.47472401   -16.39068827   -16.47472401   -16.35593256
      301     0.08456593   -16.47525460   -16.39068867   -16.47525460   -16.35717653
      302     0.08539928   -16.47609740   -16.39069812   -16.47609740   -16.35850255
      303     0.08638611   -16.47710063   -16.39071452   -16.47710063   -16.35972913
      304     0.08727344   -16.47800740   -16.39073396   -16.47800740   -16.36057838
      305     0.08776416   -16.47851676   -16.39075260   -16.47851676   -16.36073509
      306     0.08759486   -16.47835893   -16.39076407   -16.47835893   -16.35991980
      307     0.08663354   -16.47739452   -16.39076098   -16.47739452   -16.35798314
      308     0.08499408   -16.47573015   -16.39073607   -16.47573015   -16.35501697
      309     0.08312647   -16.47381617   -16.39068970   -16.47381617   -16.35144845
      310     0.08178290   -16.47242017   -16.39063727   -16.47242017   -16.34801497
      311     0.08176884   -16.47237569   -16.39060685   -16.47237569   -16.34552009
      312     0.08354687   -16.47416553   -16.39061866   -16.47416553   -16.34442951
      313     0.08695935   -16.47762659   -16.39066724   -16.47762659   -16.34458915
      314     0.09130224   -16.48202842   -16.39072618   -16.48202842   -16.34531255
      315     0.09568507   -16.48645632   -16.39077125   -16.48645632   -16.34576604
      316     0.09938739   -16.49018085   -16.39079346   -16.49018085   -16.34533668
      317     0.10201923   -16.49281467   -16.39079544   -16.49281467   -16.34378667
      318     0.10351159   -16.49429437   -16.39078278   -16.49429437   -16.34123853
      319     0.10403255   -16.49479655   -16.39076400   -16.49479655   -16.33812095
      320     0.10382124   -16.49459031   -16.39076907   -16.49459031   -16.33520495
      321     0.10297707   -16.49374070   -16.39076363   -16.49374070   -16.33382151
      322     0.10194994   -16.49262126   -16.39067132   -16.49262126   -16.33481368
      323     0.10152505   -16.49218841   -16.39066336   -16.49218841   -16.33744264
      324     0.10193683   -16.49262377   -16.39068694   -16.49262377   -16.34100174
      325     0.10290043   -16.49361401   -16.39071358   -16.49361401   -16.34500423
      326     0.10401403   -16.49475345   -16.39073942   -16.49475345   -16.34894365
      327     0.10487541   -16.49563809   -16.39076268   -16.49563809   -16.35231550
      328     0.10513661   -16.49591594   -16.39077933   -16.49591594   -16.35468214
      329     0.10457195   -16.49535511   -16.39078316   -16.49535511   -16.35574480
      330     0.10318040   -16.49394579   -16.39076539   -16.49394579   -16.35544338
      331     0.10130416   -16.49202574   -16.39072158   -16.49202574   -16.35407904
      332     0.09966047   -16.49032392   -16.39066345   -16.49032392   -16.35235703
      333     0.09913438   -16.48975659   -16.39062221   -16.48975659   -16.35118291
      334     0.10032962   -16.49095716   -16.39062754   -16.49095716   -16.35119536
      335     0.10316875   -16.49384799   -16.39067924   -16.49384799   -16.35234163
      336     0.10690028   -16.49764675   -16.39074647   -16.49764675   -16.35388886
      337     0.11051230   -16.50130982   -16.39079752   -16.50130982   -16.35487090
      338     0.11319023   -16.50401069   -16.39082046   -16.50401069   -16.35456802
      339     0.11452673   -16.50534642   -16.39081969   -16.50534642   -16.35271188
      340     0.11449135   -16.50529538   -16.39080403   -16.50529538   -16.34943971
      341     0.11331185   -16.50409265   -16.39078080   -16.50409265   -16.34516460
      342     0.11136166   -16.50211727   -16.39075561   -16.50211727   -16.34045220
      343     0.10905959   -16.49979298   -16.39073339   -16.49979298   -16.33589933
      344     0.10676940   -16.49748950   -16.39072010   -16.49748950   -16.33200268
      345     0.10471054   -16.49542998   -16.39071944   -16.49542998   -16.32903883
      346     0.10291073   -16.49364081   -16.39073008   -16.49364081   -16.32701041
      347     0.10121725   -16.49196442   -16.39074717   -16.49196442   -16.32567907
      348     0.09936627   -16.49013043   -16.39076416   -16.49013043   -16.32466704
      349     0.09709167   -16.48786538   -16.39077371   -16.48786538   -16.32358550
      350     0.09424249   -16.48501155   -16.39076906   -16.48501155   -16.32216892
      351     0.09089328   -16.48163818   -16.39074490   -16.48163818   -16.32039543
      352     0.08741208   -16.47811462   -16.39070254   -16.47811462   -16.31856681
      353     0.08442055   -16.47507619   -16.39065564   -16.47507619   -16.31727831
      354     0.08258270   -16.47321143   -16.39062873   -16.47321143   -16.31720552
      355     0.08225719   -16.47289969   -16.39064250   -16.47289969   -16.31873614
      356     0.08322397   -16.47391842   -16.39069445   -16.47391842   -16.32166675
      357     0.08472794   -16.47548563   -16.39075769   -16.47548563   -16.32523309
      358     0.08584595   -16.47664757   -16.39080162   -16.47664757   -16.32848708
      359     0.08591241   -16.47672444   -16.39081203   -16.47672444   -16.33073543
      360     0.08473841   -16.47553137   -16.39079296   -16.47553137   -16.33175773
      361     0.08257932   -16.47333562   -16.39075630   -16.47333562   -16.33176558
      362     0.07996779   -16.47068280   -16.39071501   -16.47068280   -16.33123490
      363     0.07752804   -16.46820621   -16.39067817   -16.46820621   -16.33072409
      364     0.07582384   -16.46647668   -16.39065284   -16.46647668   -16.33073162
      365     0.07525054   -16.46589318   -16.39064264   -16.46589318   -16.33159626
      366     0.07597636   -16.46662441   -16.39064805   -16.46662441   -16.33344490
      367     0.07793389   -16.46860046   -16.39066657   -16.46860046   -16.33618800
      368     0.08085220   -16.47154672   -16.39069452   -16.47154672   -16.33955381
      369     0.08430971   -16.47503769   -16.39072798   -16.47503769   -16.34313822
      370     0.08780111   -16.47856361   -16.39076250   -16.47856361   -16.34646281
      371     0.09081738   -16.48161008   -16.39079270   -16.48161008   -16.34904298
      372     0.09294130   -16.48375215   -16.39081085   -16.48375215   -16.35047252
      373     0.09395238   -16.48476287   -16.39081049   -16.48476287   -16.35052696
      374     0.09392406   -16.48471096   -16.39078690   -16.48471096   -16.34926673
      375     0.09327122   -16.48401528   -16.39074406   -16.48401528   -16.34710340
      376     0.09266388   -16.48336470   -16.39070082   -16.48336470   -16.34473393
      377     0.09273585   -16.48342123   -16.39068538   -16.48342123   -16.34285505
      378     0.09368307   -16.48439763   -16.39071456   -16.48439763   -16.34174197
      379     0.09505763   -16.48583026   -16.39077263   -16.48583026   -16.34101954
      380     0.09598337   -16.48680797   -16.39082460   -16.48680797   -16.33987680
      381     0.09564474   -16.48648890   -16.39084416   -16.48648890   -16.33756877
      382     0.09368142   -16.48450799   -16.39082657   -16.48450799   -16.33381428
      383     0.09029069   -16.48107319   -16.39078250   -16.48107319   -16.32888914
      384     0.08609785   -16.47682480   -16.39072695   -16.47682480   -16.32348810
      385     0.08192910   -16.47260398   -16.39067488   -16.47260398   -16.31849846
      386     0.07857124   -16.46921063   -16.39063939   -16.46921063   -16.31476071
      387     0.07656304   -16.46719259   -16.39062955   -16.46719259   -16.31285489
      388     0.07605867   -16.46670531   -16.39064664   -16.46670531   -16.31295257
      389     0.07680488   -16.46748892   -16.39068404   -16.46748892   -16.31478659
      390     0.07824210   -16.46897147   -16.39072937   -16.46897147   -16.31775267
      391     0.07969110   -16.47045980   -16.39076870   -16.47045980   -16.32110465
      392     0.08056289   -16.47135455   -16.39079166   -16.47135455   -16.32417730
      393     0.08052392   -16.47131777   -16.39079385   -16.47131777   -16.32656466
      394     0.07955122   -16.47033199   -16.39078077   -16.47033199   -16.32819233
      395     0.07784893   -16.46861264   -16.39076371   -16.46861264   -16.32924399
      396     0.07569165   -16.46644082   -16.39074917   -16.46644082   -16.32999646
      397     0.07333507   -16.46406758   -16.39073251   -16.46406758   -16.33069438
      398     0.07105553   -16.46176457   -16.39070904   -16.46176457   -16.33155751
      399     0.06919172   -16.45987798   -16.39068626   -16.45987798   -16.33283003
      400     0.06803598   -16.45871519   -16.39067921   -16.45871519   -16.33472767
      401     0.06762248   -16.45831986   -16.39069738   -16.45831986   -16.33729750
      402     0.06765322   -16.45838250   -16.39072928   -16.45838250   -16.34039194
      403     0.06769179   -16.45843667   -16.39074488   -16.45843667   -16.34380636
      404     0.06750420   -16.45823375   -16.39072955   -16.45823375   -16.34739136
      405     0.06724220   -16.45793989   -16.39069769   -16.45793989   -16.35110611
      406     0.06731666   -16.45798292   -16.39066626   -16.45798292   -16.35507635
      407     0.06816402   -16.45880967   -16.39064565   -16.45880967   -16.35953792
      408     0.07007805   -16.46071878   -16.39064073   -16.46071878   -16.36467939
      409     0.07312288   -16.46377546   -16.39065258   -16.46377546   -16.37051704
      410     0.07711817   -16.46779633   -16.39067816   -16.46779633   -16.37685268
      411     0.08168161   -16.47239339   -16.39071178   -16.47239339   -16.38330585
      412     0.08631070   -16.47705730   -16.39074660   -16.47705730   -16.38939210
      413     0.09049286   -16.48126743   -16.39077457   -16.48126743   -16.39463049
      414     0.09383410   -16.48462112   -16.39078702   -16.48462112   -16.39866965
      415     0.09617988   -16.48695919   -16.39077931   -16.48695919   -16.40140827
      416     0.09766509   -16.48842198   -16.39075689   -16.48842198   -16.40304459
      417     0.09862249   -16.48935768   -16.39073519   -16.48935768   -16.40397743
      418     0.09936243   -16.49009096   -16.39072853   -16.49009096   -16.40456942
      419     0.09996930   -16.49070771   -16.39073841   -16.49070771   -16.40492921
      420     0.10028015   -16.49103321   -16.39075306   -16.49103321   -16.40489080
      421     0.10004376   -16.49080399   -16.39076023   -16.49080399   -16.40418802
      422     0.09909645   -16.48985380   -16.39075735   -16.48985380   -16.40264365
      423     0.09742337   -16.48817173   -16.39074836   -16.48817173   -16.40022991
      424     0.09512483   -16.48586107   -16.39073624   -16.48586107   -16.39702923
      425     0.09237694   -16.48309726   -16.39072032   -16.48309726   -16.39319358
      426     0.08943558   -16.48013337   -16.39069779   -16.48013337   -16.38895167
      427     0.08666363   -16.47733190   -16.39066827   -16.47733190   -16.38464278
      428     0.08453128   -16.47516699   -16.39063571   -16.47516699   -16.38072179
      429     0.08354890   -16.47415745   -16.39060855   -16.47415745   -16.37769528
      430     0.08413436   -16.47473109   -16.39059673   -16.47473109   -16.37598889
      431     0.08646895   -16.47707494   -16.39060599   -16.47707494   -16.37579979
      432     0.09041410   -16.48104901   -16.39063491   -16.48104901   -16.37701085
      433     0.09553077   -16.48620726   -16.39067649   -16.48620726   -16.37920995
      434     0.10118709   -16.49190789   -16.39072080   -16.49190789   -16.38179880
      435     0.10671053   -16.49746838   -16.39075785   -16.49746838   -16.38414644
      436     0.11154590   -16.50232414   -16.39077824   -16.50232414   -16.38574954
      437     0.11538982   -16.50616696   -16.39077714   -16.50616696   -16.38637402
      438     0.11825735   -16.50901523   -16.39075788   -16.50901523   -16.38612652
      439     0.12043146   -16.51116333   -16.39073187   -16.51116333   -16.38539547
      440     0.12230042   -16.51301209   -16.39071167   -16.51301209   -16.38465734
      441     0.12417585   -16.51487929   -16.39070344   -16.51487929   -16.38425927
      442     0.12619735   -16.51690350   -16.39070615   -16.51690350   -16.38431663
      443     0.12833627   -16.51905376   -16.39071749   -16.51905376   -16.38474524
      444     0.13043130   -16.52116715   -16.39073585   -16.52116715   -16.38532951
      445     0.13221608   -16.52297521   -16.39075913   -16.52297521   -16.38576673
      446     0.13337112   -16.52415047   -16.39077935   -16.52415047   -16.38571835
      447     0.13361689   -16.52440601   -16.39078912   -16.52440601   -16.38490584
      448     0.13282487   -16.52360992   -16.39078505   -16.52360992   -16.38321971
      449     0.13108232   -16.52185012   -16.39076780   -16.52185012   -16.38077929
      450     0.12866966   -16.51941263   -16.39074297   -16.51941263   -16.37790746
      451     0.12597605   -16.51669373   -16.39071768   -16.51669373   -16.37503900
      452     0.12338606   -16.51408457   -16.39069851   -16.51408457   -16.37260036
      453     0.12117210   -16.51186268   -16.39069058   -16.51186268   -16.37089461
      454     0.11941319   -16.51011109   -16.39069790   -16.51011109   -16.37001391
      455     0.11797160   -16.50869012   -16.39071852   -16.50869012   -16.36980473
      456     0.11653976   -16.50728198   -16.39074222   -16.50728198   -16.36990967
      457     0.11476531   -16.50552196   -16.39075665   -16.50552196   -16.36989987
      458     0.11243580   -16.50318672   -16.39075092   -16.50318672   -16.36946986
      459     0.10963435   -16.50035815   -16.39072380   -16.50035815   -16.36861014
      460     0.10675509   -16.49744171   -16.39068662   -16.49744171   -16.36763367
      461     0.10432285   -16.49498266   -16.39065981   -16.49498266   -16.36699781
      462     0.10271073   -16.49336782   -16.39065709   -16.49336782   -16.36701019
      463     0.10194305   -16.49261982   -16.39067677   -16.49261982   -16.36762616
      464     0.10171334   -16.49241933   -16.39070599   -16.49241933   -16.36847346
      465     0.10157275   -16.49230300   -16.39073025   -16.49230300   -16.36905181
      466     0.10114901   -16.49188851   -16.39073950   -16.49188851   -16.36895862
      467     0.10029877   -16.49102985   -16.39073108   -16.49102985   -16.36804422
      468     0.09915659   -16.48986540   -16.39070881   -16.48986540   -16.36645850
      469     0.09807328   -16.48875550   -16.39068222   -16.48875550   -16.36458660
      470     0.09747395   -16.48813524   -16.39066129   -16.48813524   -16.36289855
      471     0.09770589   -16.48835723   -16.39065134   -16.48835723   -16.36178899
      472     0.09894580   -16.48959836   -16.39065256   -16.48959836   -16.36148174
      473     0.10118473   -16.49184775   -16.39066302   -16.49184775   -16.36201738
      474     0.10425649   -16.49493778   -16.39068129   -16.49493778   -16.36328758
      475     0.10786674   -16.49857345   -16.39070671   -16.49857345   -16.36507013
      476     0.11161260   -16.50235019   -16.39073759   -16.50235019   -16.36705084
      477     0.11501362   -16.50578340   -16.39076978   -16.50578340   -16.36884513
      478     0.11757968   -16.50837620   -16.39079652   -16.50837620   -16.37003972
      479     0.11891759   -16.50972685   -16.39080926   -16.50972685   -16.37026752
      480     0.11885569   -16.50965678   -16.39080109   -16.50965678   -16.36932326
      481     0.11753634   -16.50830893   -16.39077259   -16.50830893   -16.36728250
      482     0.11540081   -16.50613532   -16.39073451   -16.50613532   -16.36452560
      483     0.11302099   -16.50372540   -16.39070441   -16.50372540   -16.36159289
      484     0.11084378   -16.50153893   -16.39069515   -16.50153893   -16.35893129
      485     0.10900630   -16.49971258   -16.39070628   -16.49971258   -16.35671017
      486     0.10733020   -16.49805827   -16.39072807   -16.49805827   -16.35482294
      487     0.10545787   -16.49620768   -16.39074981   -16.49620768   -16.35302023
      488     0.10302310   -16.49378709   -16.39076399   -16.49378709   -16.35105085
      489     0.09978570   -16.49054864   -16.39076294   -16.49054864   -16.34875612
      490     0.09571529   -16.48646207   -16.39074678   -16.48646207   -16.34610904
      491     0.09102393   -16.48174113   -16.39071720   -16.48174113   -16.34324301
      492     0.08614139   -16.47681982   -16.39067843   -16.47681982   -16.34045533
      493     0.08164075   -16.47227888   -16.39063813   -16.47227888   -16.33817281
      494     0.07812410   -16.46872869   -16.39060459   -16.46872869   -16.33686330
      495     0.07608370   -16.46666998   -16.39058628   -16.46666998   -16.33691258
      496     0.07577408   -16.46636278   -16.39058870   -16.46636278   -16.33849793
      497     0.07713472   -16.46774655   -16.39061183   -16.46774655   -16.34150817
      498     0.07979261   -16.47044221   -16.39064960   -16.47044221   -16.34554082
      499     0.08315228   -16.47384441   -16.39069213   -16.47384441   -16.34998731
      500     0.08655314   -16.47728017   -16.39072703   -16.47728017   -16.35418427
      501     0.08945700   -16.48020021   -16.39074321   -16.48020021   -16.35759855
      502     0.09161061   -16.48234595   -16.39073534   -16.48234595   -16.35998975
      503     0.09311663   -16.48382531   -16.39070868   -16.48382531   -16.36148266
      504     0.09435344   -16.48503138   -16.39067794   -16.48503138   -16.36248507
      505     0.09575305   -16.48641405   -16.39066100   -16.48641405   -16.36345998
      506     0.09755029   -16.48821789   -16.39066760   -16.48821789   -16.36466595
      507     0.09964738   -16.49034143   -16.39069405   -16.49034143   -16.36601889
      508     0.10165615   -16.49238492   -16.39072877   -16.49238492   -16.36714086
      509     0.10306247   -16.49382162   -16.39075915   -16.49382162   -16.36753086
      510     0.10340805   -16.49418510   -16.39077705   -16.49418510   -16.36675024
      511     0.10241727   -16.49319662   -16.39077935   -16.49319662   -16.36454821
      512     0.10005044   -16.49081743   -16.39076699   -16.49081743   -16.36091372
      513     0.09649714   -16.48723991   -16.39074277   -16.48723991   -16.35606747
      514     0.09213036   -16.48284137   -16.39071101   -16.48284137   -16.35041835
      515     0.08743858   -16.47811609   -16.39067751   -16.47811609   -16.34449802
      516     0.08293734   -16.47358622   -16.39064888   -16.47358622   -16.33887345
      517     0.07906620   -16.46969795   -16.39063175   -16.46969795   -16.33404301
      518     0.07609027   -16.46672079   -16.39063052   -16.46672079   -16.33033346
      519     0.07403440   -16.46468038   -16.39064598   -16.46468038   -16.32782857
      520     0.07267470   -16.46334892   -16.39067422   -16.46334892   -16.32635475
      521     0.07159806   -16.46230547   -16.39070741   -16.46230547   -16.32553622
      522     0.07032856   -16.46106276   -16.39073420   -16.46106276   -16.32491737
      523     0.06850767   -16.45924904   -16.39074137   -16.45924904   -16.32414002
      524     0.06608775   -16.45680742   -16.39071967   -16.45680742   -16.32313946
      525     0.06344677   -16.45411979   -16.39067302   -16.45411979   -16.32226576
      526     0.06131267   -16.45193412   -16.39062145   -16.45193412   -16.32221122
      527     0.06046616   -16.45105693   -16.39059077   -16.45105693   -16.32370535
      528     0.06136497   -16.45196102   -16.39059605   -16.45196102   -16.32712710
      529     0.06392774   -16.45455965   -16.39063191   -16.45455965   -16.33228593
      530     0.06760354   -16.45828260   -16.39067906   -16.45828260   -16.33850441
      531     0.07164699   -16.46236510   -16.39071811   -16.46236510   -16.34491371
      532     0.07541550   -16.46615372   -16.39073822   -16.46615372   -16.35076482
      533     0.07854858   -16.46928708   -16.39073850   -16.46928708   -16.35561427
      534     0.08099812   -16.47172229   -16.39072417   -16.47172229   -16.35935430
      535     0.08296157   -16.47366297   -16.39070140   -16.47366297   -16.36214345
      536     0.08478325   -16.47545940   -16.39067615   -16.47545940   -16.36430809
      537     0.08685832   -16.47751198   -16.39065366   -16.47751198   -16.36624602
      538     0.08954172   -16.48018140   -16.39063968   -16.48018140   -16.36833487
      539     0.09305363   -16.48369388   -16.39064025   -16.48369388   -16.37083503
      540     0.09738924   -16.48804867   -16.39065943   -16.48804867   -16.37379391
      541     0.10226351   -16.49295998   -16.39069647   -16.49295998   -16.37698500
      542     0.10712808   -16.49787279   -16.39074471   -16.49787279   -16.37992080
      543     0.11127934   -16.50207135   -16.39079201   -16.50207135   -16.38195888
      544     0.11404527   -16.50486857   -16.39082330   -16.50486857   -16.38248866
      545     0.11501120   -16.50583648   -16.39082528   -16.50583648   -16.38115859
      546     0.11420747   -16.50500152   -16.39079405   -16.50500152   -16.37806709
      547     0.11215518   -16.50289527   -16.39074009   -16.50289527   -16.37380900
      548     0.10969261   -16.50038011   -16.39068750   -16.50038011   -16.36929829
      549     0.10762077   -16.49828164   -16.39066087   -16.49828164   -16.36539854
      550     0.10635225   -16.49702165   -16.39066940   -16.49702165   -16.36255536
      551     0.10577427   -16.49647710   -16.39070283   -16.49647710   -16.36065693
      552     0.10538514   -16.49612709   -16.39074195   -16.49612709   -16.35918094
      553     0.10457517   -16.49534599   -16.39077082   -16.49534599   -16.35748892
      554     0.10286743   -16.49365101   -16.39078358   -16.49365101   -16.35507428
      555     0.10002834   -16.49080940   -16.39078106   -16.49080940   -16.35167163
      556     0.09607429   -16.48684018   -16.39076589   -16.48684018   -16.34726261
      557     0.09123718   -16.48197742   -16.39074024   -16.48197742   -16.34204423
      558     0.08592212   -16.47662947   -16.39070735   -16.47662947   -16.33639317
      559     0.08064852   -16.47132106   -16.39067254   -16.47132106   -16.33081159
      560     0.07595988   -16.46660308   -16.39064320   -16.46660308   -16.32583821
      561     0.07230891   -16.46293532   -16.39062641   -16.46293532   -16.32192990
      562     0.06995174   -16.46057783   -16.39062609   -16.46057783   -16.31935028
      563     0.06889317   -16.45953410   -16.39064093   -16.45953410   -16.31810964
      564     0.06890750   -16.45957267   -16.39066517   -16.45957267   -16.31798356
      565     0.06962843   -16.46031852   -16.39069009   -16.46031852   -16.31860217
      566     0.07068488   -16.46139060   -16.39070572   -16.46139060   -16.31958626
      567     0.07184887   -16.46255284   -16.39070397   -16.46255284   -16.32069779
      568     0.07314605   -16.46383008   -16.39068403   -16.46383008   -16.32195722
      569     0.07485584   -16.46551293   -16.39065709   -16.46551293   -16.32365226
      570     0.07734245   -16.46798645   -16.39064400   -16.46798645   -16.32617034
      571     0.08076326   -16.47142604   -16.39066278   -16.47142604   -16.32969911
      572     0.08482895   -16.47554299   -16.39071404   -16.47554299   -16.33397421
      573     0.08879961   -16.47957895   -16.39077934   -16.47957895   -16.33827189
      574     0.09173887   -16.48257261   -16.39083374   -16.48257261   -16.34166960
      575     0.09285800   -16.48371865   -16.39086065   -16.48371865   -16.34339526
      576     0.09175825   -16.48261524   -16.39085699   -16.48261524   -16.34306499
      577     0.08849591   -16.47932431   -16.39082840   -16.47932431   -16.34073642
      578     0.08350948   -16.47429329   -16.39078381   -16.47429329   -16.33682845
      579     0.07749092   -16.46822343   -16.39073251   -16.46822343   -16.33199302
      580     0.07124786   -16.46193072   -16.39068286   -16.46193072   -16.32698254
      581     0.06556906   -16.45621092   -16.39064186   -16.45621092   -16.32252234
      582     0.06110188   -16.45171742   -16.39061554   -16.45171742   -16.31919427
      583     0.05825735   -16.44886443   -16.39060708   -16.44886443   -16.31734281
      584     0.05716134   -16.44777718   -16.39061584   -16.44777718   -16.31702655
      585     0.05766325   -16.44830122   -16.39063797   -16.44830122   -16.31802708
      586     0.05939313   -16.45006141   -16.39066828   -16.45006141   -16.31990674
      587     0.06184623   -16.45254693   -16.39070070   -16.45254693   -16.32209219
      588     0.06447947   -16.45520863   -16.39072916   -16.45520863   -16.32396828
      589     0.06681391   -16.45756189   -16.39074798   -16.45756189   -16.32498723
      590     0.06850028   -16.45926685   -16.39076657   -16.45926685   -16.32482876
      591     0.06909881   -16.45995785   -16.39085904   -16.45995785   -16.32384139
      592     0.06807334   -16.45887009   -16.39079675   -16.45887009   -16.32352441
      593     0.06610086   -16.45677839   -16.39067753   -16.45677839   -16.32413524
      594     0.06459739   -16.45523673   -16.39063934   -16.45523673   -16.32500548
      595     0.06420946   -16.45485454   -16.39064508   -16.45485454   -16.32601361
      596     0.06487175   -16.45555166   -16.39067991   -16.45555166   -16.32694667
      597     0.06606986   -16.45679458   -16.39072472   -16.45679458   -16.32726687
      598     0.06712670   -16.45788526   -16.39075856   -16.45788526   -16.32630488
      599     0.06751048   -16.45828042   -16.39076994   -16.45828042   -16.32357801
      600     0.06699906   -16.45776635   -16.39076729   -16.45776635   -16.31904606
