#     Density Matrix: coherence Re-Im; see the manual for detail orders
        0     0.00000000     0.00000000
        1     0.00103116    -0.00163997
        2     0.00005987    -0.00324868
        3     0.00113584    -0.00463821
        4     0.00048459    -0.00743713
        5     0.00115659    -0.00906686
        6     0.00092281    -0.01269181
        7     0.00042928    -0.01384190
        8     0.00070178    -0.01581169
        9    -0.00062257    -0.01577779
       10     0.00001761    -0.01482926
       11    -0.00028729    -0.01493500
       12    -0.00102248    -0.01334143
       13    -0.00031533    -0.01194626
       14    -0.00039363    -0.01154859
       15    -0.00133416    -0.01005048
       16    -0.00133962    -0.00772981
       17    -0.00080128    -0.00612468
       18    -0.00104674    -0.00489906
       19    -0.00180684    -0.00288628
       20    -0.00190912    -0.00024101
       21    -0.00117141     0.00186244
       22    -0.00050783     0.00290329
       23    -0.00052320     0.00351037
       24    -0.00071891     0.00435878
       25    -0.00030868     0.00512478
       26     0.00051808     0.00497535
       27     0.00074000     0.00398522
       28     0.00006732     0.00335143
       29    -0.00041496     0.00371608
       30     0.00003156     0.00409457
       31     0.00034634     0.00366855
       32    -0.00037689     0.00359912
       33    -0.00077744     0.00477948
       34     0.00000065     0.00554531
       35     0.00005823     0.00523522
       36    -0.00069446     0.00594379
       37    -0.00002572     0.00691355
       38     0.00039611     0.00619329
       39    -0.00039360     0.00626404
       40     0.00039955     0.00654422
       41     0.00058990     0.00497228
       42    -0.00006162     0.00464152
       43     0.00098490     0.00363813
       44     0.00051261     0.00146299
       45     0.00042097     0.00084847
       46     0.00122002    -0.00138486
       47     0.00025073    -0.00318580
       48     0.00071242    -0.00391816
       49     0.00083360    -0.00610334
       50    -0.00015961    -0.00668577
       51     0.00047699    -0.00683056
       52     0.00033068    -0.00802737
       53    -0.00058323    -0.00762455
       54    -0.00004645    -0.00683280
       55     0.00009082    -0.00712429
       56    -0.00085678    -0.00644317
       57    -0.00084472    -0.00473375
       58    -0.00018327    -0.00391531
       59    -0.00053997    -0.00347635
       60    -0.00118490    -0.00197568
       61    -0.00073071    -0.00028346
       62    -0.00004504     0.00024466
       63    -0.00042031     0.00048182
       64    -0.00095270     0.00169364
       65    -0.00040130     0.00293043
       66     0.00019335     0.00297240
       67    -0.00034577     0.00298116
       68    -0.00066157     0.00403507
       69     0.00019439     0.00452674
       70     0.00039208     0.00375047
       71    -0.00033494     0.00373720
       72     0.00015233     0.00415667
       73     0.00078675     0.00300676
       74     0.00000724     0.00211880
       75     0.00017636     0.00225307
       76     0.00092618     0.00092916
       77     0.00015056    -0.00033293
       78     0.00017147    -0.00032702
       79     0.00095079    -0.00162998
       80     0.00022332    -0.00300223
       81     0.00003245    -0.00295734
       82     0.00082338    -0.00385195
       83     0.00030456    -0.00515599
       84    -0.00032418    -0.00494962
       85     0.00029869    -0.00482843
       86     0.00037477    -0.00562398
       87    -0.00053219    -0.00551390
       88    -0.00067940    -0.00434448
       89    -0.00006915    -0.00375459
       90    -0.00020260    -0.00369325
       91    -0.00100140    -0.00279176
       92    -0.00113606    -0.00109968
       93    -0.00048028     0.00008815
       94    -0.00016617     0.00044275
       95    -0.00060656     0.00092179
       96    -0.00090392     0.00203070
       97    -0.00034655     0.00296724
       98     0.00046756     0.00284676
       99     0.00052406     0.00205989
      100    -0.00008154     0.00173764
      101    -0.00029802     0.00210200
      102     0.00018532     0.00222282
      103     0.00034706     0.00172033
      104    -0.00042081     0.00169964
      105    -0.00098997     0.00293781
      106    -0.00043068     0.00420147
      107    -0.00003553     0.00443272
      108    -0.00073113     0.00503689
      109    -0.00073079     0.00664062
      110     0.00024187     0.00705700
      111    -0.00011829     0.00666420
      112    -0.00040110     0.00752392
      113     0.00066218     0.00720678
      114     0.00017767     0.00593737
      115     0.00013912     0.00602588
      116     0.00105430     0.00436680
      117     0.00021435     0.00276363
      118     0.00084379     0.00192911
      119     0.00110841    -0.00086936
      120     0.00036326    -0.00232326
      121     0.00129183    -0.00413084
      122     0.00078868    -0.00686496
      123     0.00025900    -0.00765477
      124     0.00098448    -0.00901671
      125     0.00027298    -0.01055494
      126    -0.00039206    -0.01020504
      127     0.00016669    -0.00994888
      128    -0.00010654    -0.01022468
      129    -0.00120913    -0.00912504
      130    -0.00147001    -0.00686147
      131    -0.00113014    -0.00491975
      132    -0.00143536    -0.00317611
      133    -0.00220151    -0.00061833
      134    -0.00222662     0.00254064
      135    -0.00121134     0.00493300
      136    -0.00015653     0.00578436
      137     0.00005707     0.00575229
      138    -0.00017800     0.00584694
      139     0.00009416     0.00599450
      140     0.00080264     0.00534688
      141     0.00087342     0.00398723
      142     0.00012540     0.00319678
      143    -0.00015589     0.00336575
      144     0.00046339     0.00316192
      145     0.00053786     0.00215417
      146    -0.00027018     0.00191263
      147    -0.00023223     0.00256912
      148     0.00049071     0.00226532
      149     0.00003778     0.00157275
      150    -0.00047889     0.00219083
      151     0.00031001     0.00244875
      152     0.00033906     0.00153994
      153    -0.00037763     0.00168840
      154     0.00027812     0.00199172
      155     0.00066786     0.00079622
      156    -0.00009108     0.00023226
      157     0.00027567     0.00030926
      158     0.00093367    -0.00102422
      159     0.00026047    -0.00227142
      160     0.00008331    -0.00235853
      161     0.00085325    -0.00319825
      162     0.00067968    -0.00472558
      163    -0.00006405    -0.00518393
      164     0.00016479    -0.00511635
      165     0.00074318    -0.00587596
      166     0.00044326    -0.00687131
      167    -0.00027065    -0.00697116
      168    -0.00035278    -0.00646091
      169     0.00013676    -0.00630222
      170     0.00039120    -0.00667725
      171     0.00007386    -0.00699008
      172    -0.00038806    -0.00680367
      173    -0.00042812    -0.00632538
      174     0.00007925    -0.00611198
      175     0.00078651    -0.00653276
      176     0.00122086    -0.00750781
      177     0.00112730    -0.00861972
      178     0.00058506    -0.00940771
      179    -0.00009487    -0.00962003
      180    -0.00056571    -0.00930908
      181    -0.00061078    -0.00877015
      182    -0.00022558    -0.00838681
      183     0.00040823    -0.00845620
      184     0.00103521    -0.00907775
      185     0.00146052    -0.01014722
      186     0.00162752    -0.01144959
      187     0.00159686    -0.01277620
      188     0.00145791    -0.01399293
      189     0.00120257    -0.01501634
      190     0.00066596    -0.01571432
      191    -0.00051048    -0.01582009
      192    -0.00299409    -0.01485364
      193    -0.00806017    -0.01204471
      194    -0.01834017    -0.00620343
      195    -0.03948332     0.00448203
      196    -0.08363336     0.02267296
      197    -0.17349442     0.05192333
      198    -0.31897946     0.09592336
      199    -0.43379123     0.15709866
      200    -0.43943150     0.23747725
      201    -0.36562368     0.33483849
      202    -0.23619247     0.43107940
      203    -0.04722041     0.48836764
      204     0.18468336     0.45452579
      205     0.39766848     0.28631323
      206     0.48853939    -0.00766752
      207     0.36169987    -0.32611405
      208     0.02089932    -0.48582876
      209    -0.35707986    -0.33083990
      210    -0.47910478     0.09165232
      211    -0.17910541     0.45433523
      212     0.31566204     0.37256278
      213     0.46825117    -0.13739168
      214     0.02611438    -0.48707424
      215    -0.46503553    -0.14839934
      216    -0.22374094     0.43488629
      217     0.41823834     0.25243259
      218     0.23007722    -0.42792760
      219    -0.46398799    -0.14967269
      220    -0.00240722     0.49136300
      221     0.43643945    -0.21328707
      222    -0.43331947    -0.21987808
      223     0.14942770     0.46909143
      224     0.16034866    -0.45678697
      225    -0.37703878     0.31204155
      226     0.47946160    -0.09098033
      227    -0.47027638    -0.12864487
      228     0.37323056     0.31523118
      229    -0.22024338    -0.43513999
      230     0.04874948     0.48573173
      231     0.11179950    -0.47508847
      232    -0.24320732     0.42298099
      233     0.34060045    -0.34981117
      234    -0.40711304     0.26847002
      235     0.45070776    -0.18904569
      236    -0.47613396     0.10462312
      237     0.48778332    -0.02159993
      238    -0.48096402    -0.08475311
      239     0.44240445     0.20330801
      240    -0.34382655    -0.34906833
      241     0.15461825     0.46023817
      242     0.11959366    -0.47515507
      243    -0.38984251     0.29214079
      244     0.48407651     0.05938863
      245    -0.27439070    -0.40455119
      246    -0.15159531     0.46351034
      247     0.46650938    -0.14294659
      248    -0.37617651    -0.31086875
      249    -0.05999428     0.48490592
      250     0.44008682    -0.20982926
      251    -0.41897940    -0.24936584
      252     0.03737217     0.48801887
      253     0.36106383    -0.32637476
      254    -0.48494079    -0.05395043
      255     0.30350993     0.38437026
      256     0.01848683    -0.48515042
      257    -0.30325041     0.38456181
      258     0.46034113    -0.16046027
      259    -0.48191308    -0.07454755
      260     0.40392555     0.27534491
      261    -0.26943083    -0.40590879
      262     0.11680878     0.47455930
      263     0.02907650    -0.48668474
      264    -0.15366174     0.46355068
      265     0.25229032    -0.41757369
      266    -0.32524214     0.36397836
      267     0.37634523    -0.31072453
      268    -0.40992897     0.26475479
      269     0.43067062    -0.22981865
      270    -0.44197911     0.20658478
      271     0.44703756    -0.19644912
      272    -0.44759333     0.19361320
      273     0.44662744    -0.19805876
      274    -0.44661833     0.19491792
      275     0.45318422    -0.18360505
      276    -0.46823623     0.13426901
      277     0.48641727    -0.04425724
      278    -0.47222891    -0.12647875
      279     0.35395382     0.33267678
      280    -0.06696868    -0.48607981
      281    -0.31524855     0.37020065
      282     0.48423283     0.05730948
      283    -0.15509374    -0.46441033
      284    -0.38812357     0.29489795
      285     0.37768398     0.30795657
      286     0.24512028    -0.42243627
      287    -0.44528426    -0.20037895
      288    -0.16882979     0.45801835
      289     0.46640062     0.14356175
      290     0.11525716    -0.47368335
      291    -0.48222902    -0.07538344
      292    -0.01674493     0.48879219
      293     0.48267323    -0.06977534
      294    -0.18997713    -0.44794670
      295    -0.36082123     0.33059155
      296     0.45035519     0.18992830
      297    -0.07073494    -0.48056984
      298    -0.34260638     0.34978308
      299     0.48793216     0.01485048
      300    -0.35846016    -0.32898964
      301     0.09409833     0.48064201
      302     0.17325673    -0.45481082
      303    -0.36926356     0.32002828
      304     0.47145300    -0.12601957
      305    -0.48221971    -0.07400500
      306     0.41746648     0.25298083
      307    -0.29439428    -0.38951858
      308     0.13246498     0.46915119
      309     0.05024538    -0.48624134
      310    -0.23196924     0.42842016
      311     0.38617714    -0.29947575
      312    -0.47774515     0.09862511
      313     0.46763956     0.13855137
      314    -0.32685622    -0.36348444
      315     0.06357959     0.48287305
      316     0.24748328    -0.42151204
      317    -0.46400921     0.15063831
      318     0.43550450     0.21950331
      319    -0.12621836    -0.47199401
      320    -0.28902345     0.39289955
      321     0.48797902     0.00291491
      322    -0.26682650    -0.40883720
      323    -0.20909379     0.44098787
      324     0.48641063    -0.03911404
      325    -0.26983175    -0.40648943
      326    -0.22883167     0.43149980
      327     0.48790766    -0.00557933
      328    -0.24617240    -0.42066877
      329    -0.23312466     0.42993182
      330     0.48584535    -0.04295043
      331    -0.32934126    -0.35843518
      332    -0.05128926     0.48755746
      333     0.36938567    -0.31604124
      334    -0.48725097     0.03069149
      335     0.42816074     0.23707463
      336    -0.27314553    -0.40212654
      337     0.09167266     0.48085454
      338     0.07654868    -0.48101687
      339    -0.20982429     0.44118962
      340     0.30410664    -0.38147465
      341    -0.36280992     0.32646011
      342     0.39447504    -0.28751491
      343    -0.40581114     0.27085534
      344     0.40140183    -0.27798362
      345    -0.38239682     0.30279657
      346     0.34963171    -0.34104921
      347    -0.30516973     0.38025032
      348     0.25490794    -0.41687335
      349    -0.20756486     0.44094142
      350     0.17361299    -0.45692724
      351    -0.16233422     0.45940402
      352     0.18062563    -0.45421913
      353    -0.23112176     0.42905351
      354     0.30936152    -0.37816500
      355    -0.39979961     0.27936143
      356     0.47141939    -0.12659427
      357    -0.48204201    -0.07705243
      358     0.39211745     0.29034164
      359    -0.19206430    -0.44865023
      360    -0.07884419     0.48191367
      361     0.33385261    -0.35542673
      362    -0.47713283     0.10375532
      363     0.45068369     0.18801618
      364    -0.26730730    -0.40727119
      365    -0.00084808     0.48920223
      366     0.25911916    -0.41236801
      367    -0.43258509     0.22702219
      368     0.48802809     0.00925147
      369    -0.43285752    -0.22446158
      370     0.30135222     0.38472937
      371    -0.13533500    -0.46720600
      372    -0.07296455     0.48297331
      373     0.30143556    -0.38459948
      374    -0.45607500     0.17519117
      375     0.48017426     0.09010332
      376    -0.36127226    -0.32892513
      377     0.14080514     0.46788390
      378     0.10707168    -0.47665169
      379    -0.31344447     0.37481249
      380     0.44120552    -0.20987546
      381    -0.48761698     0.03042076
      382     0.47052396     0.13157158
      383    -0.41182550    -0.26293364
      384     0.32784143     0.36219291
      385    -0.22639103    -0.43300495
      386     0.10852987     0.47635955
      387     0.02712985    -0.48778211
      388    -0.17867109     0.45484018
      389     0.33203040    -0.35823797
      390    -0.45288060     0.18358730
      391     0.48461637     0.06222473
      392    -0.36916137    -0.31975526
      393     0.09584462     0.47938376
      394     0.24499476    -0.42244142
      395    -0.47056670     0.13153087
      396     0.42015282     0.24956524
      397    -0.10231057    -0.47776596
      398    -0.27934827     0.40047199
      399     0.48219581    -0.08066262
      400    -0.40448251    -0.27480531
      401     0.13117982     0.46676810
      402     0.19335954    -0.45269935
      403    -0.43307467     0.23192081
      404     0.48429924     0.08035131
      405    -0.34253404    -0.35080548
      406     0.07542921     0.48598499
      407     0.21367787    -0.44100199
      408    -0.42561489     0.24544018
      409     0.48931009     0.04071811
      410    -0.37587640    -0.31498619
      411     0.11241153     0.47849928
      412     0.20999851    -0.44319220
      413    -0.44790724     0.20111374
      414     0.46652888     0.15318527
      415    -0.23440871    -0.43126174
      416    -0.12376641     0.47494013
      417     0.40751390    -0.27388159
      418    -0.48939980    -0.03839786
      419     0.38498691     0.30438000
      420    -0.19320932    -0.45150328
      421     0.00487532     0.49061515
      422     0.13767898    -0.47148260
      423    -0.23055146     0.43307592
      424     0.28626436    -0.39911392
      425    -0.31956941     0.37231554
      426     0.34291556    -0.35156459
      427    -0.36579303     0.32711997
      428     0.39410979    -0.29288272
      429    -0.42917653     0.23817100
      430     0.46534458    -0.15634464
      431    -0.48920263     0.04115710
      432     0.47970381     0.10414667
      433    -0.41454925    -0.26279286
      434     0.27958017     0.40380578
      435    -0.08221971    -0.48350867
      436    -0.14403829     0.46985086
      437     0.34553471    -0.34805967
      438    -0.46897620     0.14565713
      439     0.48230191     0.09216861
      440    -0.38613845    -0.30256338
      441     0.21040469     0.44395948
      442     0.00065961    -0.49054109
      443    -0.20310464     0.44720191
      444     0.36385357    -0.32927547
      445    -0.46263736     0.16440549
      446     0.49038137     0.02280175
      447    -0.44615866    -0.20450362
      448     0.33617117     0.35796542
      449    -0.17443313    -0.45866308
      450    -0.01612345     0.49076795
      451     0.20571252    -0.44567706
      452    -0.36251524     0.33091856
      453     0.46159643    -0.16735534
      454    -0.49058528    -0.01629428
      455     0.45316586     0.18842737
      456    -0.36393317    -0.33000835
      457     0.24329305     0.42553350
      458    -0.10842714    -0.47985216
      459    -0.02827470     0.48857629
      460     0.16263467    -0.46492768
      461    -0.29166317     0.39254241
      462     0.40829925    -0.27487316
      463    -0.48395626     0.08001444
      464     0.46148709     0.16484788
      465    -0.27710103    -0.40721304
      466    -0.06588125     0.48460633
      467     0.40629416    -0.27686701
      468    -0.46193990    -0.16768430
      469     0.09348368     0.48076516
      470     0.39144123    -0.29700404
      471    -0.42151707    -0.25247111
      472    -0.10375938     0.47928250
      473     0.48970993    -0.03303797
      474    -0.15129815    -0.46720495
      475    -0.42099829     0.25271165
      476     0.33949909     0.35471355
      477     0.26590365    -0.41207126
      478    -0.46713175    -0.15054346
      479    -0.00702036     0.49173398
      480     0.46317422    -0.16135946
      481    -0.33513801    -0.35753539
      482    -0.16151808     0.46477972
      483     0.47873271    -0.10736391
      484    -0.37069038    -0.32053884
      485    -0.00531404     0.49198344
      486     0.35654214    -0.33645615
      487    -0.49078342     0.00719506
      488     0.38019581     0.31129452
      489    -0.10924787    -0.47811907
      490    -0.19522049     0.45059234
      491     0.41967091    -0.25480525
      492    -0.48992293    -0.03002977
      493     0.38595545     0.30307316
      494    -0.14142346    -0.47052474
      495    -0.16096203     0.46323105
      496     0.40818323    -0.27323897
      497    -0.48908713    -0.04284560
      498     0.34388736     0.34982432
      499    -0.01531044    -0.49104528
      500    -0.33579077     0.35783355
      501     0.49084449     0.00299906
      502    -0.31674205    -0.37516950
      503    -0.09685343     0.48127136
      504     0.44420545    -0.20876750
      505    -0.42559518    -0.24452009
      506     0.03145638     0.49015614
      507     0.39587182    -0.28990068
      508    -0.45568002    -0.18225983
      509     0.08326853     0.48426374
      510     0.36770185    -0.32459271
      511    -0.47124114    -0.13704056
      512     0.14233691     0.47061802
      513     0.30600300    -0.38269744
      514    -0.49068964    -0.01703491
      515     0.29292191     0.39539823
      516     0.09957572    -0.47850772
      517    -0.41150528     0.27024240
      518     0.48511698     0.07760771
      519    -0.33164391    -0.35915368
      520     0.05689920     0.48920450
      521     0.22282127    -0.43684740
      522    -0.41714145     0.25786190
      523     0.49039959    -0.02419045
      524    -0.44890423    -0.20011551
      525     0.32588743     0.36769061
      526    -0.16700469    -0.46203545
      527     0.01201383     0.49120766
