#    Non-Adiabatic Coupling Matrix Elements: off-diagonal
         0     0.00000000     0.00000000     0.00000000
         1    -0.00002637    -0.00006564     0.00083307
         2    -0.00003306    -0.00009814     0.00086088
         3    -0.00003958    -0.00013191     0.00092027
         4    -0.00004555    -0.00016496     0.00103479
         5    -0.00005061    -0.00019495     0.00123224
         6    -0.00005443    -0.00022012     0.00154874
         7    -0.00005680    -0.00023939     0.00204087
         8    -0.00005753    -0.00025233     0.00280910
         9    -0.00005654    -0.00025900     0.00404677
        10    -0.00005373    -0.00026009     0.00615700
        11    -0.00004881    -0.00025678     0.01006572
        12    -0.00004075    -0.00025057     0.01806993
        13    -0.00002701    -0.00024244     0.03502641
        14    -0.00001080    -0.00023191     0.05704078
        15    -0.00000854    -0.00032908     0.06485746
        16    -0.00002875    -0.00018744     0.01794613
        17    -0.00002977    -0.00017771     0.01051178
        18    -0.00002919    -0.00017102     0.00668130
        19    -0.00002817    -0.00016632     0.00450857
        20    -0.00002706    -0.00016413     0.00315882
        21    -0.00002583    -0.00015782     0.00225131
        22    -0.00002529    -0.00015265     0.00159909
        23    -0.00002217    -0.00012983     0.00110572
        24    -0.00002145    -0.00012995     0.00069868
        25    -0.00002621    -0.00014421     0.00039929
        26    -0.00001779    -0.00011380     0.00009652
        27    -0.00001577    -0.00010653    -0.00023887
        28    -0.00001352    -0.00009964    -0.00052718
        29    -0.00001098    -0.00009316    -0.00082947
        30    -0.00001273    -0.00010757    -0.00106357
        31    -0.00000908    -0.00010149    -0.00154616
        32    -0.00000506    -0.00009601    -0.00201880
        33    -0.00000069    -0.00009122    -0.00262379
        34     0.00000397    -0.00008728    -0.00343667
        35     0.00000879    -0.00008440    -0.00458302
        36     0.00001347    -0.00008297    -0.00626914
        37     0.00001738    -0.00008345    -0.00879994
        38     0.00001950    -0.00008612    -0.01243185
        39     0.00002604    -0.00007901    -0.01545259
        40     0.00001588    -0.00009180    -0.01924377
        41     0.00000424    -0.00009868    -0.01892931
        42    -0.00000759    -0.00009987    -0.01827731
        43    -0.00003625    -0.00010650    -0.02184640
        44    -0.00005676    -0.00010033    -0.01819676
        45    -0.00007098    -0.00009952    -0.01210247
        46    -0.00008235    -0.00010205    -0.00797332
        47    -0.00009260    -0.00010618    -0.00561954
        48    -0.00010078    -0.00011190    -0.00421801
        49    -0.00011199    -0.00011575    -0.00329903
        50    -0.00012135    -0.00012033    -0.00262060
        51    -0.00012894    -0.00012844    -0.00179651
        52    -0.00013940    -0.00012862    -0.00131687
        53    -0.00014484    -0.00013636    -0.00087370
        54    -0.00015185    -0.00013962    -0.00062593
        55    -0.00015807    -0.00014248    -0.00016988
        56    -0.00016338    -0.00014498     0.00028543
        57    -0.00016767    -0.00014726     0.00074297
        58    -0.00017093    -0.00014932     0.00120461
        59    -0.00017310    -0.00015124     0.00167244
        60    -0.00018385    -0.00013829     0.00224013
        61    -0.00018465    -0.00013816     0.00264322
        62    -0.00018434    -0.00013785     0.00314173
        63    -0.00018295    -0.00013740     0.00365094
        64    -0.00018053    -0.00013679     0.00416771
        65    -0.00017713    -0.00013603     0.00468555
        66    -0.00015909    -0.00016047     0.00518876
        67    -0.00015330    -0.00016094     0.00565680
        68    -0.00016169    -0.00013297     0.00612430
        69    -0.00015499    -0.00013173     0.00650764
        70    -0.00014365    -0.00013968     0.00681162
        71    -0.00013584    -0.00013850     0.00701531
        72    -0.00011668    -0.00015556     0.00707857
        73    -0.00012335    -0.00012534     0.00709509
        74    -0.00011486    -0.00012346     0.00695080
        75    -0.00010640    -0.00012164     0.00672223
        76    -0.00009391    -0.00012967     0.00642338
        77    -0.00008821    -0.00011935     0.00606402
        78    -0.00008092    -0.00011466     0.00566399
        79    -0.00006996    -0.00012187     0.00525451
        80    -0.00006509    -0.00011158     0.00484214
        81    -0.00005756    -0.00011072     0.00444035
        82    -0.00005031    -0.00011069     0.00405699
        83    -0.00004461    -0.00009947     0.00369573
        84    -0.00003614    -0.00011557     0.00335811
        85    -0.00003001    -0.00011787     0.00304543
        86    -0.00002519    -0.00011810     0.00275643
        87    -0.00002153    -0.00011705     0.00249112
        88    -0.00001238    -0.00011459     0.00218439
        89    -0.00001096    -0.00011163     0.00194966
        90    -0.00001057    -0.00010857     0.00174273
        91    -0.00000926    -0.00010459     0.00155525
        92    -0.00001135    -0.00010137     0.00137900
        93    -0.00002055    -0.00010230     0.00130708
        94    -0.00001883    -0.00009521     0.00107628
        95    -0.00003248    -0.00007361     0.00092984
        96    -0.00003830    -0.00007242     0.00080401
        97    -0.00004523    -0.00007150     0.00068644
        98    -0.00005325    -0.00007085     0.00057729
        99    -0.00006761    -0.00007305     0.00056417
       100    -0.00007247    -0.00007042     0.00038352
       101    -0.00008862    -0.00007159     0.00037775
       102    -0.00009205    -0.00007913     0.00020955
       103    -0.00010878    -0.00007202     0.00013115
       104    -0.00011998    -0.00007841     0.00005966
       105    -0.00013739    -0.00007471    -0.00000859
       106    -0.00015098    -0.00007936    -0.00007131
       107    -0.00016747    -0.00008049    -0.00012620
       108    -0.00018454    -0.00008207    -0.00018123
       109    -0.00020212    -0.00008409    -0.00023252
       110    -0.00022013    -0.00008656    -0.00028019
       111    -0.00023850    -0.00008946    -0.00032432
       112    -0.00025718    -0.00009277    -0.00036496
       113    -0.00027608    -0.00009650    -0.00040214
       114    -0.00029514    -0.00010062    -0.00043586
       115    -0.00031429    -0.00010512    -0.00046615
       116    -0.00033148    -0.00011603    -0.00049919
       117    -0.00035266    -0.00011518    -0.00052245
       118    -0.00037181    -0.00012068    -0.00053645
       119    -0.00039093    -0.00012646    -0.00055318
       120    -0.00041004    -0.00013247    -0.00056665
