#    Step     Kinetic(H)     Potential(H)   Total(H)       E(0)(H)        E(1)(H)        
        0     0.00374012    -6.14652065    -6.14278053    -6.41589976    -6.14652065
        1     0.00334811    -6.14612483    -6.14277672    -6.41576347    -6.14612483
        2     0.00327166    -6.14604077    -6.14276911    -6.41565440    -6.14604077
        3     0.00351928    -6.14627609    -6.14275681    -6.41558140    -6.14627609
        4     0.00408767    -6.14682598    -6.14273831    -6.41554690    -6.14682598
        5     0.00496325    -6.14767564    -6.14271239    -6.41554873    -6.14767564
        6     0.00612276    -6.14880232    -6.14267956    -6.41558147    -6.14880232
        7     0.00753264    -6.15017643    -6.14264379    -6.41563685    -6.15017643
        8     0.00914722    -6.15176164    -6.14261442    -6.41570306    -6.15176164
        9     0.01090566    -6.15351347    -6.14260781    -6.41576248    -6.15351347
       10     0.01272920    -6.15537714    -6.14264794    -6.41578905    -6.15537714
       11     0.01452069    -6.15728675    -6.14276606    -6.41574636    -6.15728675
       12     0.01616823    -6.15916609    -6.14299786    -6.41558833    -6.15916609
       13     0.01755365    -6.16093247    -6.14337882    -6.41526212    -6.16093247
       14     0.01856635    -6.16250367    -6.14393732    -6.41471451    -6.16250367
       15     0.01912022    -6.16380761    -6.14468739    -6.41390095    -6.16380761
