#     Density Matrix: population Re; see the manual for detail orders
        0     0.00000000     1.00000000
        1     0.00000119     0.99999881
        2     0.00000468     0.99999532
        3     0.00000895     0.99999105
        4     0.00002877     0.99997123
        5     0.00005225     0.99994775
        6     0.00007969     0.99992031
        7     0.00010791     0.99989209
        8     0.00012416     0.99987584
        9     0.00013648     0.99986352
       10     0.00014218     0.99985782
       11     0.00014104     0.99985896
       12     0.00013356     0.99986644
       13     0.00011744     0.99988256
       14     0.00009255     0.99990745
       15     0.00006254     0.99993746
       16     0.00003367     0.99996633
       17     0.00001256     0.99998744
       18     0.00000339     0.99999661
       19     0.00000626     0.99999374
       20     0.00001792     0.99998208
       21     0.00003356     0.99996644
       22     0.00004831     0.99995169
       23     0.00005847     0.99994153
       24     0.00006254     0.99993746
       25     0.00006130     0.99993870
       26     0.00005670     0.99994330
       27     0.00005052     0.99994948
       28     0.00004389     0.99995611
       29     0.00003756     0.99996244
       30     0.00003191     0.99996809
       31     0.00002690     0.99997310
       32     0.00002233     0.99997767
       33     0.00001804     0.99998196
       34     0.00001390     0.99998610
       35     0.00000998     0.99999002
       36     0.00000647     0.99999353
       37     0.00000361     0.99999639
       38     0.00000158     0.99999842
       39     0.00000042     0.99999958
       40     0.00000007     0.99999993
       41     0.00000041     0.99999959
       42     0.00000133     0.99999867
       43     0.00000269     0.99999731
       44     0.00000434     0.99999566
       45     0.00000612     0.99999388
       46     0.00000790     0.99999210
       47     0.00000957     0.99999043
       48     0.00001105     0.99998895
       49     0.00001233     0.99998767
       50     0.00001342     0.99998658
       51     0.00001446     0.99998554
       52     0.00001549     0.99998451
       53     0.00001654     0.99998346
       54     0.00001758     0.99998242
       55     0.00001845     0.99998155
       56     0.00001886     0.99998114
       57     0.00001848     0.99998152
       58     0.00001705     0.99998295
       59     0.00001456     0.99998544
       60     0.00001128     0.99998872
       61     0.00000767     0.99999233
       62     0.00000432     0.99999568
       63     0.00000179     0.99999821
       64     0.00000046     0.99999954
       65     0.00000047     0.99999953
       66     0.00000169     0.99999831
       67     0.00000377     0.99999623
       68     0.00000620     0.99999380
       69     0.00000842     0.99999158
       70     0.00000994     0.99999006
       71     0.00001048     0.99998952
       72     0.00000998     0.99999002
       73     0.00000864     0.99999136
       74     0.00000672     0.99999328
       75     0.00000458     0.99999542
       76     0.00000258     0.99999742
       77     0.00000107     0.99999893
       78     0.00000026     0.99999974
       79     0.00000014     0.99999986
       80     0.00000050     0.99999950
       81     0.00000105     0.99999895
       82     0.00000149     0.99999851
       83     0.00000163     0.99999837
       84     0.00000141     0.99999859
       85     0.00000093     0.99999907
       86     0.00000040     0.99999960
       87     0.00000012     0.99999988
       88     0.00000036     0.99999964
       89     0.00000127     0.99999873
       90     0.00000280     0.99999720
       91     0.00000465     0.99999535
       92     0.00000634     0.99999366
       93     0.00000732     0.99999268
       94     0.00000723     0.99999277
       95     0.00000603     0.99999397
       96     0.00000410     0.99999590
       97     0.00000211     0.99999789
       98     0.00000072     0.99999928
       99     0.00000038     0.99999962
      100     0.00000109     0.99999891
      101     0.00000249     0.99999751
      102     0.00000417     0.99999583
      103     0.00000583     0.99999417
      104     0.00000740     0.99999260
      105     0.00000886     0.99999114
      106     0.00001028     0.99998972
      107     0.00001174     0.99998826
      108     0.00001331     0.99998669
      109     0.00001504     0.99998496
      110     0.00001685     0.99998315
      111     0.00001862     0.99998138
      112     0.00002012     0.99997988
      113     0.00002108     0.99997892
      114     0.00002121     0.99997879
      115     0.00002028     0.99997972
      116     0.00001809     0.99998191
      117     0.00001462     0.99998538
      118     0.00001014     0.99998986
      119     0.00000549     0.99999451
      120     0.00000239     0.99999761
      121     0.00000365     0.99999635
      122     0.00001320     0.99998680
      123     0.00003574     0.99996426
      124     0.00007621     0.99992379
      125     0.00013890     0.99986110
      126     0.00022633     0.99977367
      127     0.00033784     0.99966216
      128     0.00046826     0.99953174
      129     0.00060759     0.99939241
      130     0.00074279     0.99925721
      131     0.00086139     0.99913861
      132     0.00095577     0.99904423
      133     0.00102567     0.99897433
      134     0.00107778     0.99892222
      135     0.00112317     0.99887683
      136     0.00117363     0.99882637
      137     0.00123837     0.99876163
      138     0.00132178     0.99867822
      139     0.00142307     0.99857693
      140     0.00153808     0.99846192
      141     0.00166317     0.99833683
      142     0.00180033     0.99819967
      143     0.00196337     0.99803663
      144     0.00218536     0.99781464
      145     0.00253021     0.99746979
      146     0.00311381     0.99688619
      147     0.00414277     0.99585723
      148     0.00597458     0.99402542
      149     0.00917567     0.99082433
      150     0.01447215     0.98552785
      151     0.02235016     0.97764984
      152     0.03206994     0.96793006
      153     0.04050248     0.95949752
      154     0.04243880     0.95756120
      155     0.03443244     0.96556756
      156     0.02188943     0.97811057
      157     0.01954165     0.98045835
      158     0.03340608     0.96659392
      159     0.05197471     0.94802529
      160     0.06382739     0.93617261
      161     0.06664444     0.93335556
      162     0.06278624     0.93721376
      163     0.05525389     0.94474611
      164     0.04636128     0.95363872
      165     0.03759006     0.96240994
      166     0.02976794     0.97023206
      167     0.02328910     0.97671090
      168     0.01830690     0.98169310
      169     0.01488946     0.98511054
      170     0.01314639     0.98685361
      171     0.01333389     0.98666611
      172     0.01593491     0.98406509
      173     0.02168752     0.97831248
      174     0.03151171     0.96848829
      175     0.04625112     0.95374888
      176     0.06616667     0.93383333
      177     0.09031237     0.90968763
      178     0.11621986     0.88378014
      179     0.14036900     0.85963100
      180     0.15935341     0.84064659
      181     0.17098251     0.82901749
      182     0.17464833     0.82535167
      183     0.17102161     0.82897839
      184     0.16149230     0.83850770
      185     0.14771331     0.85228669
      186     0.13139799     0.86860201
      187     0.11425610     0.88574390
      188     0.09792582     0.90207418
      189     0.08382135     0.91617865
      190     0.07292095     0.92707905
      191     0.06558084     0.93441916
      192     0.06145140     0.93854860
      193     0.05953665     0.94046335
      194     0.05841036     0.94158964
      195     0.05657888     0.94342112
      196     0.05292163     0.94707837
      197     0.04704894     0.95295106
      198     0.03939261     0.96060739
      199     0.03096807     0.96903193
      200     0.02293852     0.97706148
      201     0.01620973     0.98379027
      202     0.01121829     0.98878171
      203     0.00793277     0.99206723
      204     0.00598948     0.99401052
      205     0.00486890     0.99513110
      206     0.00406738     0.99593262
      207     0.00323564     0.99676436
      208     0.00225764     0.99774236
      209     0.00124441     0.99875559
      210     0.00043331     0.99956669
      211     0.00003504     0.99996496
      212     0.00010931     0.99989069
      213     0.00053367     0.99946633
      214     0.00106837     0.99893163
      215     0.00146825     0.99853175
      216     0.00158154     0.99841846
      217     0.00139547     0.99860453
      218     0.00101628     0.99898372
      219     0.00059994     0.99940006
      220     0.00027281     0.99972719
      221     0.00008463     0.99991537
      222     0.00001241     0.99998759
      223     0.00000029     0.99999971
      224     0.00000226     0.99999774
      225     0.00000146     0.99999854
      226     0.00000217     0.99999783
      227     0.00001068     0.99998932
      228     0.00002401     0.99997599
      229     0.00003307     0.99996693
      230     0.00003226     0.99996774
      231     0.00002377     0.99997623
      232     0.00001395     0.99998605
      233     0.00000744     0.99999256
      234     0.00000511     0.99999489
      235     0.00000543     0.99999457
      236     0.00000655     0.99999345
      237     0.00000731     0.99999269
      238     0.00000728     0.99999272
      239     0.00000659     0.99999341
      240     0.00000556     0.99999444
      241     0.00000447     0.99999553
      242     0.00000342     0.99999658
      243     0.00000242     0.99999758
      244     0.00000151     0.99999849
      245     0.00000079     0.99999921
      246     0.00000046     0.99999954
      247     0.00000085     0.99999915
      248     0.00000248     0.99999752
      249     0.00000611     0.99999389
      250     0.00001271     0.99998729
      251     0.00002329     0.99997671
      252     0.00003863     0.99996137
      253     0.00005905     0.99994095
      254     0.00008419     0.99991581
      255     0.00011275     0.99988725
      256     0.00014229     0.99985771
      257     0.00016875     0.99983125
      258     0.00018676     0.99981324
      259     0.00019125     0.99980875
      260     0.00017972     0.99982028
      261     0.00015385     0.99984615
      262     0.00011871     0.99988129
      263     0.00008075     0.99991925
      264     0.00004666     0.99995334
      265     0.00002408     0.99997592
      266     0.00002346     0.99997654
      267     0.00005992     0.99994008
      268     0.00015420     0.99984580
      269     0.00033276     0.99966724
      270     0.00062789     0.99937211
      271     0.00107835     0.99892165
      272     0.00173088     0.99826912
      273     0.00264210     0.99735790
      274     0.00387949     0.99612051
      275     0.00551738     0.99448262
      276     0.00762079     0.99237921
      277     0.01020960     0.98979040
      278     0.01320690     0.98679310
      279     0.01639405     0.98360595
      280     0.01941164     0.98058836
      281     0.02184045     0.97815955
      282     0.02334353     0.97665647
      283     0.02379391     0.97620609
      284     0.02330808     0.97669192
      285     0.02217360     0.97782640
      286     0.02073321     0.97926679
      287     0.01929605     0.98070395
      288     0.01810235     0.98189765
      289     0.01733120     0.98266880
      290     0.01713026     0.98286974
      291     0.01764001     0.98235999
      292     0.01692700     0.98307300
      293     0.01671938     0.98328062
      294     0.01685226     0.98314774
      295     0.01758614     0.98241386
      296     0.01917761     0.98082239
      297     0.02182850     0.97817150
      298     0.02569475     0.97430525
      299     0.03089033     0.96910967
      300     0.03751709     0.96248291
      301     0.04568326     0.95431674
      302     0.05551464     0.94448536
      303     0.06715442     0.93284558
      304     0.08069707     0.91930293
      305     0.09593258     0.90406742
      306     0.11184825     0.88815175
      307     0.12622537     0.87377463
      308     0.13603403     0.86396597
      309     0.13876377     0.86123623
      310     0.13365433     0.86634567
      311     0.12181854     0.87818146
      312     0.10545157     0.89454843
      313     0.08692049     0.91307951
      314     0.06820023     0.93179977
      315     0.05068773     0.94931227
      316     0.03525013     0.96474987
      317     0.02236479     0.97763521
      318     0.01227364     0.98772636
      319     0.00513298     0.99486702
      320     0.00116007     0.99883993
      321     0.00074992     0.99925008
      322     0.00447614     0.99552386
      323     0.01283206     0.98716794
      324     0.02561845     0.97438155
      325     0.04122723     0.95877277
      326     0.05654869     0.94345131
      327     0.06802968     0.93197032
      328     0.24785519     0.75214481
      329     0.41503726     0.58496274
      330     0.55722986     0.44277014
      331     0.66249376     0.33750624
      332     0.74818577     0.25181423
      333     0.82459433     0.17540567
      334     0.89124101     0.10875899
      335     0.94168239     0.05831761
      336     0.97151642     0.02848358
      337     0.98381885     0.01618115
      338     0.98749878     0.01250122
      339     0.99045160     0.00954840
      340     0.99476757     0.00523243
      341     0.99841109     0.00158891
      342     0.99987941     0.00012059
      343     0.99990821     0.00009179
      344     0.99976918     0.00023082
      345     0.99983807     0.00016193
      346     0.99992603     0.00007397
      347     0.99994800     0.00005200
      348     0.99995538     0.00004462
      349     0.99996762     0.00003238
      350     0.99997579     0.00002421
      351     0.99998020     0.00001980
      352     0.99998330     0.00001670
      353     0.99998517     0.00001483
      354     0.99998613     0.00001387
      355     0.99998654     0.00001346
      356     0.99998666     0.00001334
      357     0.99998688     0.00001312
      358     0.99998756     0.00001244
      359     0.99998900     0.00001100
      360     0.99999117     0.00000883
      361     0.99999374     0.00000626
      362     0.99999616     0.00000384
      363     0.99999805     0.00000195
      364     0.99999926     0.00000074
      365     0.99999985     0.00000015
      366     0.99999999     0.00000001
      367     0.99999989     0.00000011
      368     0.99999975     0.00000025
      369     0.99999967     0.00000033
      370     0.99999970     0.00000030
      371     0.99999980     0.00000020
      372     0.99999992     0.00000008
      373     0.99999999     0.00000001
      374     0.99999998     0.00000002
      375     0.99999988     0.00000012
      376     0.99999970     0.00000030
      377     0.99999946     0.00000054
      378     0.99999922     0.00000078
      379     0.99999903     0.00000097
      380     0.99999895     0.00000105
      381     0.99999895     0.00000105
      382     0.99999900     0.00000100
      383     0.99999907     0.00000093
      384     0.99999912     0.00000088
      385     0.99999917     0.00000083
      386     0.99999923     0.00000077
      387     0.99999931     0.00000069
      388     0.99999942     0.00000058
      389     0.99999956     0.00000044
      390     0.99999970     0.00000030
      391     0.99999982     0.00000018
      392     0.99999991     0.00000009
      393     0.99999997     0.00000003
      394     1.00000000     0.00000000
      395     0.99999999     0.00000001
      396     0.99999997     0.00000003
      397     0.99999994     0.00000006
      398     0.99999991     0.00000009
      399     0.99999988     0.00000012
      400     0.99999985     0.00000015
      401     0.99999982     0.00000018
      402     0.99999979     0.00000021
      403     0.99999977     0.00000023
      404     0.99999975     0.00000025
      405     0.99999973     0.00000027
      406     0.99999970     0.00000030
      407     0.99999967     0.00000033
      408     0.99999966     0.00000034
      409     0.99999967     0.00000033
      410     0.99999973     0.00000027
      411     0.99999982     0.00000018
      412     0.99999993     0.00000007
      413     0.99999999     0.00000001
      414     0.99999995     0.00000005
      415     0.99999976     0.00000024
      416     0.99999944     0.00000056
      417     0.99999906     0.00000094
      418     0.99999871     0.00000129
      419     0.99999847     0.00000153
      420     0.99999835     0.00000165
      421     0.99999836     0.00000164
      422     0.99999848     0.00000152
      423     0.99999870     0.00000130
      424     0.99999898     0.00000102
      425     0.99999928     0.00000072
      426     0.99999954     0.00000046
      427     0.99999975     0.00000025
      428     0.99999989     0.00000011
      429     0.99999997     0.00000003
      430     1.00000000     0.00000000
      431     0.99999999     0.00000001
      432     0.99999995     0.00000005
      433     0.99999989     0.00000011
      434     0.99999983     0.00000017
      435     0.99999977     0.00000023
      436     0.99999973     0.00000027
      437     0.99999971     0.00000029
      438     0.99999972     0.00000028
      439     0.99999975     0.00000025
      440     0.99999978     0.00000022
      441     0.99999982     0.00000018
      442     0.99999986     0.00000014
      443     0.99999990     0.00000010
      444     0.99999993     0.00000007
      445     0.99999996     0.00000004
      446     0.99999998     0.00000002
      447     1.00000000     0.00000000
      448     1.00000000     0.00000000
      449     1.00000000     0.00000000
      450     1.00000000     0.00000000
      451     1.00000000     0.00000000
      452     1.00000000     0.00000000
      453     1.00000000     0.00000000
      454     0.99999999     0.00000001
      455     0.99999998     0.00000002
      456     0.99999997     0.00000003
      457     0.99999994     0.00000006
      458     0.99999991     0.00000009
      459     0.99999986     0.00000014
      460     0.99999979     0.00000021
      461     0.99999971     0.00000029
      462     0.99999962     0.00000038
      463     0.99999953     0.00000047
      464     0.99999946     0.00000054
      465     0.99999944     0.00000056
      466     0.99999947     0.00000053
      467     0.99999958     0.00000042
      468     0.99999975     0.00000025
      469     0.99999990     0.00000010
      470     0.99999999     0.00000001
      471     0.99999998     0.00000002
      472     0.99999990     0.00000010
      473     0.99999980     0.00000020
      474     0.99999973     0.00000027
      475     0.99999968     0.00000032
      476     0.99999966     0.00000034
      477     0.99999967     0.00000033
      478     0.99999970     0.00000030
      479     0.99999975     0.00000025
      480     0.99999981     0.00000019
      481     0.99999987     0.00000013
      482     0.99999992     0.00000008
      483     0.99999995     0.00000005
      484     0.99999997     0.00000003
      485     0.99999999     0.00000001
      486     0.99999999     0.00000001
      487     1.00000000     0.00000000
      488     1.00000000     0.00000000
      489     1.00000000     0.00000000
      490     1.00000000     0.00000000
      491     1.00000000     0.00000000
      492     1.00000000     0.00000000
      493     1.00000000     0.00000000
      494     1.00000000     0.00000000
      495     1.00000000     0.00000000
      496     1.00000000     0.00000000
      497     0.99999999     0.00000001
      498     0.99999999     0.00000001
      499     0.99999999     0.00000001
      500     0.99999998     0.00000002
      501     0.99999997     0.00000003
      502     0.99999995     0.00000005
      503     0.99999993     0.00000007
      504     0.99999991     0.00000009
      505     0.99999991     0.00000009
      506     0.99999991     0.00000009
      507     0.99999992     0.00000008
      508     0.99999994     0.00000006
      509     0.99999997     0.00000003
      510     0.99999999     0.00000001
      511     1.00000000     0.00000000
      512     0.99999999     0.00000001
      513     0.99999997     0.00000003
      514     0.99999994     0.00000006
      515     0.99999989     0.00000011
      516     0.99999983     0.00000017
      517     0.99999975     0.00000025
      518     0.99999966     0.00000034
      519     0.99999955     0.00000045
      520     0.99999942     0.00000058
      521     0.99999928     0.00000072
      522     0.99999912     0.00000088
      523     0.99999894     0.00000106
      524     0.99999873     0.00000127
      525     0.99999850     0.00000150
      526     0.99999828     0.00000172
      527     0.99999816     0.00000184
      528     0.99999825     0.00000175
      529     0.99999855     0.00000145
      530     0.99999898     0.00000102
      531     0.99999941     0.00000059
      532     0.99999975     0.00000025
      533     0.99999994     0.00000006
      534     0.99999999     0.00000001
      535     0.99999990     0.00000010
      536     0.99999967     0.00000033
      537     0.99999936     0.00000064
      538     0.99999904     0.00000096
      539     0.99999878     0.00000122
      540     0.99999866     0.00000134
      541     0.99999869     0.00000131
      542     0.99999886     0.00000114
      543     0.99999913     0.00000087
      544     0.99999943     0.00000057
      545     0.99999971     0.00000029
      546     0.99999991     0.00000009
      547     0.99999999     0.00000001
      548     0.99999993     0.00000007
      549     0.99999970     0.00000030
      550     0.99999934     0.00000066
      551     0.99999888     0.00000112
      552     0.99999835     0.00000165
      553     0.99999785     0.00000215
      554     0.99999743     0.00000257
      555     0.99999718     0.00000282
      556     0.99999713     0.00000287
      557     0.99999728     0.00000272
      558     0.99999764     0.00000236
      559     0.99999816     0.00000184
      560     0.99999877     0.00000123
      561     0.99999936     0.00000064
      562     0.99999980     0.00000020
      563     0.99999998     0.00000002
      564     0.99999985     0.00000015
      565     0.99999944     0.00000056
      566     0.99999885     0.00000115
      567     0.99999828     0.00000172
      568     0.99999789     0.00000211
      569     0.99999776     0.00000224
      570     0.99999787     0.00000213
      571     0.99999816     0.00000184
      572     0.99999854     0.00000146
      573     0.99999894     0.00000106
      574     0.99999930     0.00000070
      575     0.99999960     0.00000040
      576     0.99999982     0.00000018
      577     0.99999996     0.00000004
      578     0.99999999     0.00000001
      579     0.99999988     0.00000012
      580     0.99999956     0.00000044
      581     0.99999897     0.00000103
      582     0.99999812     0.00000188
      583     0.99999718     0.00000282
      584     0.99999641     0.00000359
      585     0.99999612     0.00000388
      586     0.99999650     0.00000350
      587     0.99999743     0.00000257
      588     0.99999858     0.00000142
      589     0.99999953     0.00000047
      590     0.99999995     0.00000005
      591     0.99999973     0.00000027
      592     0.99999897     0.00000103
      593     0.99999798     0.00000202
      594     0.99999709     0.00000291
      595     0.99999653     0.00000347
      596     0.99999635     0.00000365
      597     0.99999646     0.00000354
      598     0.99999675     0.00000325
      599     0.99999710     0.00000290
      600     0.99999746     0.00000254
