#    Step     Kinetic(H)     Potential(H)   Total(H)       E(0)(H)        E(1)(H)        
        0     0.00680600    -6.15117793    -6.14437193    -6.41651325    -6.15117793
        1     0.00545148    -6.14981686    -6.14436538    -6.41555934    -6.14981686
        2     0.00429110    -6.14864854    -6.14435744    -6.41457984    -6.14864854
        3     0.00341285    -6.14776002    -6.14434717    -6.41365711    -6.14776002
        4     0.00288783    -6.14722237    -6.14433454    -6.41286119    -6.14722237
        5     0.00276777    -6.14708664    -6.14431887    -6.41224567    -6.14708664
        6     0.00308310    -6.14738095    -6.14429785    -6.41184475    -6.14738095
        7     0.00384083    -6.14810864    -6.14426781    -6.41167120    -6.14810864
        8     0.00502211    -6.14924735    -6.14422524    -6.41171534    -6.14924735
        9     0.00657973    -6.15074922    -6.14416949    -6.41194505    -6.15074922
       10     0.00843637    -6.15254231    -6.14410594    -6.41230713    -6.15254231
       11     0.01048482    -6.15453373    -6.14404891    -6.41273007    -6.15453373
       12     0.01259131    -6.15661443    -6.14402312    -6.41312842    -6.15661443
       13     0.01460330    -6.15866573    -6.14406243    -6.41340912    -6.15866573
       14     0.01636242    -6.16056805    -6.14420563    -6.41347932    -6.16056805
       15     0.01772202    -6.16221162    -6.14448960    -6.41325634    -6.16221162
       16     0.01856673    -6.16350732    -6.14494059    -6.41267752    -6.16350732
       17     0.01883121    -6.16439803    -6.14556682    -6.41171066    -6.16439803
       18     0.01851324    -6.16486735    -6.14635411    -6.41036173    -6.16486735
       19     0.01767666    -6.16494358    -6.14726692    -6.40867805    -6.16494358
       20     0.01644245    -6.16469713    -6.14825468    -6.40674525    -6.16469713
       21     0.01496864    -6.16423079    -6.14926215    -6.40467718    -6.16423079
       22     0.01342328    -6.16366393    -6.15024065    -6.40260013    -6.16366393
       23     0.01195698    -6.16311251    -6.15115553    -6.40063328    -6.16311251
       24     0.01068189    -6.16267096    -6.15198907    -6.39887102    -6.16267096
       25     0.01058090    -6.14803024    -6.13744934    -6.39083720    -6.14803024
       26     0.01192856    -6.15038042    -6.13845186    -6.38976708    -6.15038042
       27     0.01375366    -6.15325192    -6.13949826    -6.38868051    -6.15325192
       28     0.01575726    -6.15642998    -6.14067272    -6.38758967    -6.15642998
       29     0.01778446    -6.15976380    -6.14197934    -6.38642680    -6.15976380
       30     0.01969886    -6.16311240    -6.14341354    -6.38511132    -6.16311240
       31     0.02138269    -6.16634713    -6.14496444    -6.38356614    -6.16634713
       32     0.02274351    -6.16935934    -6.14661583    -6.38172865    -6.16935934
       33     0.02371934    -6.17206673    -6.14834739    -6.37955798    -6.17206673
       34     0.02428144    -6.17441692    -6.15013548    -6.37703917    -6.17441692
       35     0.02443462    -6.17638968    -6.15195506    -6.37418504    -6.17638968
       36     0.02421440    -6.17799564    -6.15378124    -6.37103505    -6.17799564
       37     0.02368197    -6.17927307    -6.15559110    -6.36765212    -6.17927307
       38     0.02291705    -6.18028278    -6.15736573    -6.36411736    -6.18028278
       39     0.02200835    -6.18109975    -6.15909140    -6.36052177    -6.18109975
       40     0.02104422    -6.18180462    -6.16076040    -6.35695821    -6.18180462
       41     0.02010357    -6.18247516    -6.16237159    -6.35351283    -6.18247516
       42     0.01924816    -6.18317709    -6.16392893    -6.35025644    -6.18317709
       43     0.01851770    -6.18395817    -6.16544047    -6.34723889    -6.18395817
       44     0.01792764    -6.18484412    -6.16691648    -6.34448565    -6.18484412
       45     0.01747023    -6.18583745    -6.16836722    -6.34199689    -6.18583745
       46     0.01711877    -6.18691997    -6.16980120    -6.33975054    -6.18691997
       47     0.01683381    -6.18805744    -6.17122363    -6.33770733    -6.18805744
       48     0.01656999    -6.18920550    -6.17263551    -6.33581702    -6.18920550
       49     0.01628330    -6.19031668    -6.17403338    -6.33402556    -6.19031668
       50     0.01593733    -6.19134701    -6.17540968    -6.33228210    -6.19134701
       51     0.01550760    -6.19226140    -6.17675380    -6.33054436    -6.19226140
       52     0.01498370    -6.19303716    -6.17805346    -6.32878223    -6.19303716
       53     0.01436947    -6.19366588    -6.17929641    -6.32697992    -6.19366588
       54     0.01368144    -6.19415351    -6.18047207    -6.32513588    -6.19415351
       55     0.01294578    -6.19451865    -6.18157287    -6.32326138    -6.19451865
       56     0.01219469    -6.19478978    -6.18259509    -6.32137755    -6.19478978
       57     0.01146248    -6.19500161    -6.18353913    -6.31951193    -6.19500161
       58     0.01078198    -6.19519114    -6.18440916    -6.31769459    -6.19519114
       59     0.01018156    -6.19539412    -6.18521256    -6.31595447    -6.19539412
       60     0.00968300    -6.19564190    -6.18595890    -6.31431638    -6.19564190
       61     0.00930020    -6.19595919    -6.18665899    -6.31279879    -6.19595919
       62     0.00903877    -6.19636280    -6.18732403    -6.31141243    -6.19636280
       63     0.00889639    -6.19686125    -6.18796486    -6.31016007    -6.19686125
       64     0.00886399    -6.19745539    -6.18859140    -6.30903710    -6.19745539
       65     0.00892740    -6.19813982    -6.18921242    -6.30803284    -6.19813982
       66     0.00906922    -6.19890472    -6.18983550    -6.30713243    -6.19890472
       67     0.00927087    -6.19973779    -6.19046692    -6.30631884    -6.19973779
       68     0.00951448    -6.20062633    -6.19111185    -6.30557480    -6.20062633
       69     0.00978450    -6.20155895    -6.19177445    -6.30488451    -6.20155895
       70     0.01006875    -6.20252684    -6.19245809    -6.30423500    -6.20252684
       71     0.01035905    -6.20352468    -6.19316563    -6.30361683    -6.20352468
       72     0.01065127    -6.20455085    -6.19389958    -6.30302445    -6.20455085
       73     0.01094496    -6.20560729    -6.19466233    -6.30245596    -6.20560729
       74     0.01124253    -6.20669891    -6.19545638    -6.30191247    -6.20669891
       75     0.01154821    -6.20783266    -6.19628445    -6.30139725    -6.20783266
       76     0.01186693    -6.20901654    -6.19714961    -6.30091463    -6.20901654
       77     0.01220319    -6.21025843    -6.19805524    -6.30046893    -6.21025843
       78     0.01256012    -6.21156522    -6.19900510    -6.30006348    -6.21156522
       79     0.01293894    -6.21294195    -6.20000301    -6.29969991    -6.21294195
       80     0.01333862    -6.21439154    -6.20105292    -6.29937773    -6.21439154
       81     0.01375596    -6.21591456    -6.20215860    -6.29909430    -6.21591456
       82     0.01418609    -6.21750954    -6.20332345    -6.29884495    -6.21750954
       83     0.01462324    -6.21917342    -6.20455018    -6.29862362    -6.21917342
       84     0.01506122    -6.22090215    -6.20584093    -6.29842341    -6.22090215
       85     0.01549430    -6.22269141    -6.20719711    -6.29823726    -6.22269141
       86     0.01591778    -6.22453717    -6.20861939    -6.29805855    -6.22453717
       87     0.01632843    -6.22643613    -6.21010770    -6.29788162    -6.22643613
       88     0.01672464    -6.22838617    -6.21166153    -6.29770204    -6.22838617
       89     0.01710634    -6.23038630    -6.21327996    -6.29751664    -6.23038630
       90     0.01747476    -6.23243662    -6.21496186    -6.29732360    -6.23243662
       91     0.01783198    -6.23453815    -6.21670617    -6.29712200    -6.23453815
       92     0.01818051    -6.23669241    -6.21851190    -6.29691164    -6.23669241
       93     0.01852274    -6.23890112    -6.22037838    -6.29669259    -6.23890112
       94     0.01886055    -6.24116568    -6.22230513    -6.29646483    -6.24116568
       95     0.01919503    -6.24348702    -6.22429199    -6.29622789    -6.24348702
       96     0.01952627    -6.24586521    -6.22633894    -6.29598078    -6.24586521
       97     0.01985337    -6.24829938    -6.22844601    -6.29572179    -6.24829938
       98     0.02017456    -6.25078776    -6.23061320    -6.29544862    -6.25078776
       99     0.02048727    -6.25332754    -6.23284027    -6.29515841    -6.25332754
      100     0.02078844    -6.25591510    -6.23512666    -6.29484805    -6.25591510
      101     0.02107482    -6.25854617    -6.23747135    -6.29451465    -6.25854617
      102     0.02134307    -6.26121598    -6.23987291    -6.29415604    -6.26121598
      103     0.02158983    -6.26391913    -6.24232930    -6.29377137    -6.26391913
      104     0.02181135    -6.26664912    -6.24483777    -6.29336166    -6.26664912
      105     0.02200271    -6.26939748    -6.24739477    -6.29293109    -6.26939748
      106     0.02215634    -6.27215198    -6.24999564    -6.29248912    -6.27215198
      107     0.02225812    -6.27489257    -6.25263445    -6.29205447    -6.27489257
      108     0.02228098    -6.27758217    -6.25530119    -6.29166387    -6.27758217
      109     0.02216690    -6.28014656    -6.25797966    -6.29139198    -6.28014656
      110     0.02179320    -6.28243245    -6.26063925    -6.29139342    -6.28243245
      111     0.02783349    -6.29193671    -6.26410322    -6.29193671    -6.28417249
      112     0.02603935    -6.29346477    -6.26742542    -6.29346477    -6.28488733
      113     0.02514758    -6.29585439    -6.27070681    -6.29585439    -6.28464816
      114     0.02471750    -6.29866572    -6.27394822    -6.29866572    -6.28390356
      115     0.02450013    -6.30167229    -6.27717216    -6.30167229    -6.28288272
      116     0.02438883    -6.30477973    -6.28039090    -6.30477973    -6.28167756
      117     0.02433344    -6.30794463    -6.28361119    -6.30794463    -6.28032574
      118     0.02430671    -6.31114352    -6.28683681    -6.31114352    -6.27884308
      119     0.02429130    -6.31436147    -6.29007017    -6.31436147    -6.27723592
      120     0.02427502    -6.31758735    -6.29331233    -6.31758735    -6.27550608
      121     0.02424897    -6.32081212    -6.29656315    -6.32081212    -6.27365334
      122     0.02420688    -6.32402804    -6.29982116    -6.32402804    -6.27167689
      123     0.02414456    -6.32722851    -6.30308395    -6.32722851    -6.26957594
      124     0.02405940    -6.33040750    -6.30634810    -6.33040750    -6.26735018
      125     0.02395010    -6.33355956    -6.30960946    -6.33355956    -6.26499977
      126     0.02381636    -6.33667975    -6.31286339    -6.33667975    -6.26252577
      127     0.02365869    -6.33976371    -6.31610502    -6.33976371    -6.25993007
      128     0.02347802    -6.34280742    -6.31932940    -6.34280742    -6.25721529
      129     0.02327538    -6.34580696    -6.32253158    -6.34580696    -6.25438467
      130     0.02305169    -6.34875859    -6.32570690    -6.34875859    -6.25144210
      131     0.02280793    -6.35165874    -6.32885081    -6.35165874    -6.24839225
      132     0.02254521    -6.35450393    -6.33195872    -6.35450393    -6.24524041
      133     0.02226433    -6.35729064    -6.33502631    -6.35729064    -6.24199241
      134     0.02196590    -6.36001540    -6.33804950    -6.36001540    -6.23865465
      135     0.02165052    -6.36267492    -6.34102440    -6.36267492    -6.23523425
      136     0.02131866    -6.36526622    -6.34394756    -6.36526622    -6.23173910
      137     0.02097118    -6.36778669    -6.34681551    -6.36778669    -6.22817790
      138     0.02060930    -6.37023415    -6.34962485    -6.37023415    -6.22456001
      139     0.02023455    -6.37260716    -6.35237261    -6.37260716    -6.22089556
      140     0.01984903    -6.37490538    -6.35505635    -6.37490538    -6.21719543
      141     0.01945595    -6.37712979    -6.35767384    -6.37712979    -6.21347114
      142     0.01905980    -6.37928345    -6.36022365    -6.37928345    -6.20973447
      143     0.01866660    -6.38137223    -6.36270563    -6.38137223    -6.20599682
      144     0.01828538    -6.38340644    -6.36512106    -6.38340644    -6.20226819
      145     0.01793095    -6.38540397    -6.36747302    -6.38540397    -6.19855488
      146     0.01762793    -6.38739576    -6.36976783    -6.38739576    -6.19485531
      147     0.01741751    -6.38943520    -6.37201769    -6.38943520    -6.19115270
      148     0.01735873    -6.39160531    -6.37424658    -6.39160531    -6.18741007
      149     0.01748599    -6.39398236    -6.37649637    -6.39398236    -6.18360424
      150     0.01770968    -6.39649891    -6.37878923    -6.39649891    -6.17984385
      151     0.01784124    -6.39893394    -6.38109270    -6.39893394    -6.17635138
      152     0.01776432    -6.40114207    -6.38337775    -6.40114207    -6.17323806
      153     0.01748261    -6.40310637    -6.38562376    -6.40310637    -6.17048041
      154     0.01704562    -6.40485561    -6.38780999    -6.40485561    -6.16801898
      155     0.01650340    -6.40642235    -6.38991895    -6.40642235    -6.16580175
      156     0.01589562    -6.40783355    -6.39193793    -6.40783355    -6.16379098
      157     0.01525171    -6.40911024    -6.39385853    -6.40911024    -6.16196065
      158     0.01459249    -6.41026883    -6.39567634    -6.41026883    -6.16029286
      159     0.01393221    -6.41132222    -6.39739001    -6.41132222    -6.15877517
      160     0.01328065    -6.41228075    -6.39900010    -6.41228075    -6.15739859
      161     0.01264384    -6.41315285    -6.40050901    -6.41315285    -6.15615617
      162     0.01202557    -6.41394543    -6.40191986    -6.41394543    -6.15504220
      163     0.01142810    -6.41466425    -6.40323615    -6.41466425    -6.15405148
      164     0.01085214    -6.41531421    -6.40446207    -6.41531421    -6.15317908
      165     0.01029760    -6.41589953    -6.40560193    -6.41589953    -6.15242008
      166     0.00976386    -6.41642392    -6.40666006    -6.41642392    -6.15176949
      167     0.00925008    -6.41689076    -6.40764068    -6.41689076    -6.15122219
      168     0.00875528    -6.41730319    -6.40854791    -6.41730319    -6.15077293
      169     0.00827852    -6.41766426    -6.40938574    -6.41766426    -6.15041640
      170     0.00781898    -6.41797691    -6.41015793    -6.41797691    -6.15014718
      171     0.00737599    -6.41824407    -6.41086808    -6.41824407    -6.14995988
      172     0.00694892    -6.41846869    -6.41151977    -6.41846869    -6.14984908
      173     0.00653729    -6.41865371    -6.41211642    -6.41865371    -6.14980940
      174     0.00614072    -6.41880206    -6.41266134    -6.41880206    -6.14983553
      175     0.00575896    -6.41891666    -6.41315770    -6.41891666    -6.14992218
      176     0.00539179    -6.41900038    -6.41360859    -6.41900038    -6.15006410
      177     0.00503902    -6.41905594    -6.41401692    -6.41905594    -6.15025615
      178     0.00470051    -6.41908612    -6.41438561    -6.41908612    -6.15049310
      179     0.00437605    -6.41909347    -6.41471742    -6.41909347    -6.15076984
      180     0.00406545    -6.41908033    -6.41501488    -6.41908033    -6.15108141
      181     0.00376846    -6.41904901    -6.41528055    -6.41904901    -6.15142278
      182     0.00348482    -6.41900164    -6.41551682    -6.41900164    -6.15178908
      183     0.00321423    -6.41894023    -6.41572600    -6.41894023    -6.15217554
      184     0.00295639    -6.41886666    -6.41591027    -6.41886666    -6.15257753
      185     0.00271101    -6.41878270    -6.41607169    -6.41878270    -6.15299063
      186     0.00247779    -6.41869007    -6.41621228    -6.41869007    -6.15341059
      187     0.00225651    -6.41859038    -6.41633387    -6.41859038    -6.15383344
      188     0.00204696    -6.41848526    -6.41643830    -6.41848526    -6.15425547
      189     0.00184901    -6.41837624    -6.41652723    -6.41837624    -6.15467325
      190     0.00166256    -6.41826486    -6.41660230    -6.41826486    -6.15508364
      191     0.00148760    -6.41815264    -6.41666504    -6.41815264    -6.15548384
      192     0.00132411    -6.41804104    -6.41671693    -6.41804104    -6.15587130
      193     0.00117216    -6.41793151    -6.41675935    -6.41793151    -6.15624380
      194     0.00103189    -6.41782543    -6.41679354    -6.41782543    -6.15659937
      195     0.00090346    -6.41772414    -6.41682068    -6.41772414    -6.15693630
      196     0.00078700    -6.41762887    -6.41684187    -6.41762887    -6.15725311
      197     0.00068266    -6.41754076    -6.41685810    -6.41754076    -6.15754852
      198     0.00059057    -6.41746083    -6.41687026    -6.41746083    -6.15782145
      199     0.00051081    -6.41738997    -6.41687916    -6.41738997    -6.15807095
      200     0.00044346    -6.41732891    -6.41688545    -6.41732891    -6.15829622
      201     0.00038852    -6.41727823    -6.41688971    -6.41727823    -6.15849660
      202     0.00034597    -6.41723836    -6.41689239    -6.41723836    -6.15867150
      203     0.00031572    -6.41720953    -6.41689381    -6.41720953    -6.15882045
      204     0.00029765    -6.41719185    -6.41689420    -6.41719185    -6.15894306
      205     0.00029161    -6.41718524    -6.41689363    -6.41718524    -6.15903904
      206     0.00029740    -6.41718949    -6.41689209    -6.41718949    -6.15910819
      207     0.00031481    -6.41720425    -6.41688944    -6.41720425    -6.15915043
      208     0.00034362    -6.41722907    -6.41688545    -6.41722907    -6.15916578
      209     0.00038364    -6.41726339    -6.41687975    -6.41726339    -6.15915439
      210     0.00043467    -6.41730656    -6.41687189    -6.41730656    -6.15911657
      211     0.00049655    -6.41735790    -6.41686135    -6.41735790    -6.15905278
      212     0.00056918    -6.41741669    -6.41684751    -6.41741669    -6.15896369
      213     0.00065252    -6.41748215    -6.41682963    -6.41748215    -6.15885014
      214     0.00074658    -6.41755355    -6.41680697    -6.41755355    -6.15871319
      215     0.00085145    -6.41763012    -6.41677867    -6.41763012    -6.15855413
      216     0.00096729    -6.41771111    -6.41674382    -6.41771111    -6.15837446
      217     0.00109430    -6.41779581    -6.41670151    -6.41779581    -6.15817591
      218     0.00123276    -6.41788347    -6.41665071    -6.41788347    -6.15796045
      219     0.00138295    -6.41797338    -6.41659043    -6.41797338    -6.15773022
      220     0.00154515    -6.41806476    -6.41651961    -6.41806476    -6.15748759
      221     0.00171959    -6.41815686    -6.41643727    -6.41815686    -6.15723507
      222     0.00190646    -6.41824880    -6.41634234    -6.41824880    -6.15697533
      223     0.00210586    -6.41833969    -6.41623383    -6.41833969    -6.15671114
      224     0.00231773    -6.41842851    -6.41611078    -6.41842851    -6.15644541
      225     0.00254176    -6.41851414    -6.41597238    -6.41851414    -6.15618109
      226     0.00277746    -6.41859534    -6.41581788    -6.41859534    -6.15592116
      227     0.00302403    -6.41867075    -6.41564672    -6.41867075    -6.15566868
      228     0.00328042    -6.41873890    -6.41545848    -6.41873890    -6.15542669
      229     0.00354525    -6.41879823    -6.41525298    -6.41879823    -6.15519822
      230     0.00381686    -6.41884708    -6.41503022    -6.41884708    -6.15498631
      231     0.00409333    -6.41888379    -6.41479046    -6.41888379    -6.15479396
      232     0.00437244    -6.41890662    -6.41453418    -6.41890662    -6.15462419
      233     0.00465180    -6.41891397    -6.41426217    -6.41891397    -6.15447981
      234     0.00492880    -6.41890421    -6.41397541    -6.41890421    -6.15436369
      235     0.00520071    -6.41887582    -6.41367511    -6.41887582    -6.15427851
      236     0.00546467    -6.41882737    -6.41336270    -6.41882737    -6.15422675
      237     0.00571778    -6.41875764    -6.41303986    -6.41875764    -6.15421066
      238     0.00595713    -6.41866537    -6.41270824    -6.41866537    -6.15423224
      239     0.00617977    -6.41854958    -6.41236981    -6.41854958    -6.15429300
      240     0.00638281    -6.41840934    -6.41202653    -6.41840934    -6.15439401
      241     0.00656338    -6.41824381    -6.41168043    -6.41824381    -6.15453581
      242     0.00671871    -6.41805223    -6.41133352    -6.41805223    -6.15471831
      243     0.00684609    -6.41783391    -6.41098782    -6.41783391    -6.15494075
      244     0.00694284    -6.41758818    -6.41064534    -6.41758818    -6.15520170
      245     0.00700646    -6.41731444    -6.41030798    -6.41731444    -6.15549905
      246     0.00703467    -6.41701213    -6.40997746    -6.41701213    -6.15582998
      247     0.00702545    -6.41668078    -6.40965533    -6.41668078    -6.15619107
      248     0.00697707    -6.41632005    -6.40934298    -6.41632005    -6.15657840
      249     0.00688822    -6.41592979    -6.40904157    -6.41592979    -6.15698757
      250     0.00675802    -6.41551010    -6.40875208    -6.41551010    -6.15741394
      251     0.00658617    -6.41506144    -6.40847527    -6.41506144    -6.15785267
      252     0.00637296    -6.41458468    -6.40821172    -6.41458468    -6.15829892
      253     0.00611942    -6.41408125    -6.40796183    -6.41408125    -6.15874795
      254     0.00582729    -6.41355318    -6.40772589    -6.41355318    -6.15919521
      255     0.00549914    -6.41300320    -6.40750406    -6.41300320    -6.15963649
      256     0.00513804    -6.41243483    -6.40729679    -6.41243483    -6.16006786
      257     0.00474819    -6.41185242    -6.40710423    -6.41185242    -6.16048577
      258     0.00433486    -6.41126117    -6.40692631    -6.41126117    -6.16088696
      259     0.00390384    -6.41066707    -6.40676323    -6.41066707    -6.16126847
      260     0.00346169    -6.41007697    -6.40661528    -6.41007697    -6.16162749
      261     0.00301567    -6.40949842    -6.40648275    -6.40949842    -6.16196126
      262     0.00257370    -6.40893966    -6.40636596    -6.40893966    -6.16226690
      263     0.00214429    -6.40840942    -6.40626513    -6.40840942    -6.16254137
      264     0.00173647    -6.40791674    -6.40618027    -6.40791674    -6.16278141
      265     0.00135978    -6.40747081    -6.40611103    -6.40747081    -6.16298345
      266     0.00102402    -6.40708060    -6.40605658    -6.40708060    -6.16314380
      267     0.00073914    -6.40675474    -6.40601560    -6.40675474    -6.16325862
      268     0.00051524    -6.40650111    -6.40598587    -6.40650111    -6.16332419
      269     0.00036239    -6.40632657    -6.40596418    -6.40632657    -6.16333718
      270     0.00029039    -6.40623662    -6.40594623    -6.40623662    -6.16329492
      271     0.00030862    -6.40623529    -6.40592667    -6.40623529    -6.16319557
      272     0.00042588    -6.40632487    -6.40589899    -6.40632487    -6.16303839
      273     0.00065022    -6.40650595    -6.40585573    -6.40650595    -6.16282376
      274     0.00098876    -6.40677736    -6.40578860    -6.40677736    -6.16255320
      275     0.00144761    -6.40713633    -6.40568872    -6.40713633    -6.16222922
      276     0.00203149    -6.40757861    -6.40554712    -6.40757861    -6.16185514
      277     0.00274331    -6.40809866    -6.40535535    -6.40809866    -6.16143482
      278     0.00358397    -6.40868973    -6.40510576    -6.40868973    -6.16097245
      279     0.00455171    -6.40934403    -6.40479232    -6.40934403    -6.16047231
      280     0.00564149    -6.41005272    -6.40441123    -6.41005272    -6.15993865
      281     0.00684394    -6.41080598    -6.40396204    -6.41080598    -6.15937550
      282     0.00814515    -6.41159290    -6.40344775    -6.41159290    -6.15878683
      283     0.00952622    -6.41240158    -6.40287536    -6.41240158    -6.15817645
      284     0.01096205    -6.41321906    -6.40225701    -6.41321906    -6.15754821
      285     0.01242149    -6.41403147    -6.40160998    -6.41403147    -6.15690619
      286     0.01386769    -6.41482415    -6.40095646    -6.41482415    -6.15625495
      287     0.01525897    -6.41558199    -6.40032302    -6.41558199    -6.15559977
      288     0.01655046    -6.41628983    -6.39973937    -6.41628983    -6.15494689
      289     0.01769629    -6.41693300    -6.39923671    -6.41693300    -6.15430371
      290     0.01865247    -6.41749801    -6.39884554    -6.41749801    -6.15367885
      291     0.01938005    -6.41797311    -6.39859306    -6.41797311    -6.15308217
      292     0.01984856    -6.41834905    -6.39850049    -6.41834905    -6.15252453
      293     0.02003867    -6.41861955    -6.39858088    -6.41861955    -6.15201749
      294     0.01994427    -6.41878173    -6.39883746    -6.41878173    -6.15157283
      295     0.01957351    -6.41883627    -6.39926276    -6.41883627    -6.15120189
      296     0.01894836    -6.41878740    -6.39983904    -6.41878740    -6.15091484
      297     0.01810262    -6.41864240    -6.40053978    -6.41864240    -6.15072021
      298     0.01707875    -6.41841123    -6.40133248    -6.41841123    -6.15062415
      299     0.01592389    -6.41810555    -6.40218166    -6.41810555    -6.15063028
      300     0.01468571    -6.41773823    -6.40305252    -6.41773823    -6.15073929
