#    Step     Kinetic(H)     Potential(H)   Total(H)       E(0)(H)        E(1)(H)        
        0     0.00536701    -6.15862953    -6.15326252    -6.41563641    -6.15862953
        1     0.00521166    -6.15847004    -6.15325838    -6.41478739    -6.15847004
        2     0.00508996    -6.15834217    -6.15325221    -6.41386500    -6.15834217
        3     0.00505845    -6.15830276    -6.15324431    -6.41293551    -6.15830276
        4     0.00516961    -6.15840487    -6.15323526    -6.41206199    -6.15840487
        5     0.00546239    -6.15868827    -6.15322588    -6.41129464    -6.15868827
        6     0.00595353    -6.15917098    -6.15321745    -6.41066217    -6.15917098
        7     0.00663158    -6.15984367    -6.15321209    -6.41016615    -6.15984367
        8     0.00745516    -6.16066850    -6.15321334    -6.40977980    -6.16066850
        9     0.00835626    -6.16158285    -6.15322659    -6.40945168    -6.16158285
       10     0.00924850    -6.16250740    -6.15325890    -6.40911360    -6.16250740
       11     0.01003902    -6.16335724    -6.15331822    -6.40869170    -6.16335724
       12     0.01064183    -6.16405360    -6.15341177    -6.40811792    -6.16405360
       13     0.01098990    -6.16453406    -6.15354416    -6.40733997    -6.16453406
       14     0.01205204    -6.14337257    -6.13132053    -6.39981737    -6.14337257
       15     0.01415198    -6.14578615    -6.13163417    -6.39857884    -6.14578615
       16     0.01629992    -6.14839101    -6.13209109    -6.39693073    -6.14839101
       17     0.01833673    -6.15109038    -6.13275365    -6.39491294    -6.15109038
       18     0.02014216    -6.15381992    -6.13367776    -6.39256375    -6.15381992
       19     0.02162285    -6.15653154    -6.13490869    -6.38993700    -6.15653154
       20     0.02272166    -6.15919375    -6.13647209    -6.38710113    -6.15919375
       21     0.02342504    -6.16178971    -6.13836467    -6.38413376    -6.16178971
       22     0.02376459    -6.16431256    -6.14054797    -6.38111299    -6.16431256
       23     0.02381049    -6.16676037    -6.14294988    -6.37810810    -6.16676037
       24     0.02365550    -6.16912925    -6.14547375    -6.37516981    -6.16912925
       25     0.02339413    -6.17140963    -6.14801550    -6.37232507    -6.17140963
       26     0.02310211    -6.17358463    -6.15048252    -6.36957650    -6.17358463
       27     0.02282209    -6.17563041    -6.15280832    -6.36690562    -6.17563041
       28     0.02256012    -6.17751944    -6.15495932    -6.36428047    -6.17751944
       29     0.02229189    -6.17922347    -6.15693158    -6.36166322    -6.17922347
       30     0.02197675    -6.18071858    -6.15874183    -6.35901884    -6.18071858
       31     0.02157348    -6.18198993    -6.16041645    -6.35632235    -6.18198993
       32     0.02105258    -6.18303487    -6.16198229    -6.35356286    -6.18303487
       33     0.02040387    -6.18386547    -6.16346160    -6.35074614    -6.18386547
       34     0.01963854    -6.18450885    -6.16487031    -6.34789445    -6.18450885
       35     0.01878604    -6.18500447    -6.16621843    -6.34504322    -6.18500447
       36     0.01788804    -6.18540007    -6.16751203    -6.34223647    -6.18540007
       37     0.01699077    -6.18574606    -6.16875529    -6.33952070    -6.18574606
       38     0.01613705    -6.18608893    -6.16995188    -6.33693805    -6.18608893
       39     0.01535997    -6.18646593    -6.17110596    -6.33452093    -6.18646593
       40     0.01467896    -6.18690128    -6.17222232    -6.33228805    -6.18690128
       41     0.01409821    -6.18740399    -6.17330578    -6.33024253    -6.18740399
       42     0.01360773    -6.18796822    -6.17436049    -6.32837214    -6.18796822
       43     0.01318682    -6.18857595    -6.17538913    -6.32665239    -6.18857595
       44     0.01280873    -6.18920125    -6.17639252    -6.32505063    -6.18920125
       45     0.01244554    -6.18981491    -6.17736937    -6.32353108    -6.18981491
       46     0.01207259    -6.19038907    -6.17831648    -6.32205938    -6.19038907
       47     0.01167169    -6.19090102    -6.17922933    -6.32060647    -6.19090102
       48     0.01123300    -6.19133570    -6.18010270    -6.31915129    -6.19133570
       49     0.01075554    -6.19168711    -6.18093157    -6.31768201    -6.19168711
       50     0.01024657    -6.19195840    -6.18171183    -6.31619634    -6.19195840
       51     0.00972010    -6.19216106    -6.18244096    -6.31470052    -6.19216106
       52     0.00919490    -6.19231333    -6.18311843    -6.31320781    -6.19231333
       53     0.00869243    -6.19243826    -6.18374583    -6.31173655    -6.19243826
       54     0.00823486    -6.19256169    -6.18432683    -6.31030802    -6.19256169
       55     0.00784320    -6.19271014    -6.18486694    -6.30894434    -6.19271014
       56     0.00753565    -6.19290872    -6.18537307    -6.30766631    -6.19290872
       57     0.00732609    -6.19317915    -6.18585306    -6.30649150    -6.19317915
       58     0.00722298    -6.19353823    -6.18631525    -6.30543254    -6.19353823
       59     0.00722858    -6.19399653    -6.18676795    -6.30449586    -6.19399653
       60     0.00733861    -6.19455768    -6.18721907    -6.30368106    -6.19455768
       61     0.00754252    -6.19521844    -6.18767592    -6.30298078    -6.19521844
       62     0.00782428    -6.19596920    -6.18814492    -6.30238136    -6.19596920
       63     0.00816387    -6.19679536    -6.18863149    -6.30186413    -6.19679536
       64     0.00853907    -6.19767909    -6.18914002    -6.30140731    -6.19767909
       65     0.00892776    -6.19860154    -6.18967378    -6.30098809    -6.19860154
       66     0.00931011    -6.19954515    -6.19023504    -6.30058503    -6.19954515
       67     0.00967066    -6.20049574    -6.19082508    -6.30018017    -6.20049574
       68     0.00999976    -6.20144423    -6.19144447    -6.29976078    -6.20144423
       69     0.01029441    -6.20238762    -6.19209321    -6.29932032    -6.20238762
       70     0.01055812    -6.20332932    -6.19277120    -6.29885880    -6.20332932
       71     0.01079994    -6.20427853    -6.19347859    -6.29838222    -6.20427853
       72     0.01103299    -6.20524902    -6.19421603    -6.29790130    -6.20524902
       73     0.01127220    -6.20625731    -6.19498511    -6.29742967    -6.20625731
       74     0.01153215    -6.20732052    -6.19578837    -6.29698178    -6.20732052
       75     0.01182492    -6.20845426    -6.19662934    -6.29657084    -6.20845426
       76     0.01215842    -6.20967086    -6.19751244    -6.29620693    -6.20967086
       77     0.01253536    -6.21097804    -6.19844268    -6.29589578    -6.21097804
       78     0.01295303    -6.21237824    -6.19942521    -6.29563807    -6.21237824
       79     0.01340375    -6.21386872    -6.20046497    -6.29542964    -6.21386872
       80     0.01387604    -6.21544226    -6.20156622    -6.29526203    -6.21544226
       81     0.01435620    -6.21708838    -6.20273218    -6.29512379    -6.21708838
       82     0.01483005    -6.21879482    -6.20396477    -6.29500192    -6.21879482
       83     0.01528470    -6.22054911    -6.20526441    -6.29488338    -6.22054911
       84     0.01570993    -6.22233991    -6.20662998    -6.29475653    -6.22233991
       85     0.01609914    -6.22415828    -6.20805914    -6.29461208    -6.22415828
       86     0.01644978    -6.22599829    -6.20954851    -6.29444384    -6.22599829
       87     0.01676323    -6.22785730    -6.21109407    -6.29424896    -6.22785730
       88     0.01704422    -6.22973592    -6.21269170    -6.29402766    -6.22973592
       89     0.01729993    -6.23163761    -6.21433768    -6.29378290    -6.23163761
       90     0.01753906    -6.23356802    -6.21602896    -6.29351954    -6.23356802
       91     0.01777072    -6.23553405    -6.21776333    -6.29324374    -6.23553405
       92     0.01800330    -6.23754323    -6.21953993    -6.29296185    -6.23754323
       93     0.01824379    -6.23960273    -6.22135894    -6.29267971    -6.23960273
       94     0.01849708    -6.24171867    -6.22322159    -6.29240196    -6.24171867
       95     0.01876568    -6.24389563    -6.22512995    -6.29213139    -6.24389563
       96     0.01904969    -6.24613616    -6.22708647    -6.29186892    -6.24613616
       97     0.01934698    -6.24844090    -6.22909392    -6.29161320    -6.24844090
       98     0.01965359    -6.25080845    -6.23115486    -6.29136099    -6.25080845
       99     0.01996422    -6.25323580    -6.23327158    -6.29110728    -6.25323580
      100     0.02027282    -6.25571839    -6.23544557    -6.29084577    -6.25571839
      101     0.02057313    -6.25825069    -6.23767756    -6.29056935    -6.25825069
      102     0.02085932    -6.26082668    -6.23996736    -6.29027069    -6.26082668
      103     0.02112637    -6.26344018    -6.24231381    -6.28994284    -6.26344018
      104     0.02137019    -6.26608513    -6.24471494    -6.28957977    -6.26608513
      105     0.02158743    -6.26875532    -6.24716789    -6.28917687    -6.26875532
      106     0.02177481    -6.27144395    -6.24966914    -6.28873170    -6.27144395
      107     0.02192761    -6.27414189    -6.25221428    -6.28824596    -6.27414189
      108     0.02203492    -6.27683300    -6.25479808    -6.28772980    -6.27683300
      109     0.02206291    -6.27947734    -6.25741443    -6.28721794    -6.27947734
      110     0.02187336    -6.28193522    -6.26006186    -6.28684398    -6.28193522
      111     0.02410505    -6.28718782    -6.26308277    -6.28718782    -6.28361780
      112     0.02304648    -6.28906453    -6.26601805    -6.28906453    -6.28372831
      113     0.02281505    -6.29167317    -6.26885812    -6.29167317    -6.28308625
      114     0.02277728    -6.29446317    -6.27168589    -6.29446317    -6.28223094
      115     0.02279507    -6.29732226    -6.27452719    -6.29732226    -6.28126612
      116     0.02283166    -6.30021855    -6.27738689    -6.30021855    -6.28021569
      117     0.02287221    -6.30313835    -6.28026614    -6.30313835    -6.27908509
      118     0.02290843    -6.30607320    -6.28316477    -6.30607320    -6.27787378
      119     0.02293452    -6.30901628    -6.28608176    -6.30901628    -6.27657875
      120     0.02294611    -6.31196145    -6.28901534    -6.31196145    -6.27519616
      121     0.02293997    -6.31490299    -6.29196302    -6.31490299    -6.27372196
      122     0.02291365    -6.31783537    -6.29492172    -6.31783537    -6.27215212
      123     0.02286543    -6.32075322    -6.29788779    -6.32075322    -6.27048275
      124     0.02279438    -6.32365146    -6.30085708    -6.32365146    -6.26871059
      125     0.02270027    -6.32652560    -6.30382533    -6.32652560    -6.26683293
      126     0.02258338    -6.32937139    -6.30678801    -6.32937139    -6.26484769
      127     0.02244427    -6.33218483    -6.30974056    -6.33218483    -6.26275328
      128     0.02228359    -6.33496235    -6.31267876    -6.33496235    -6.26054878
      129     0.02210246    -6.33770075    -6.31559829    -6.33770075    -6.25823406
      130     0.02190236    -6.34039710    -6.31849474    -6.34039710    -6.25580955
      131     0.02168442    -6.34304852    -6.32136410    -6.34304852    -6.25327616
      132     0.02144985    -6.34565248    -6.32420263    -6.34565248    -6.25063552
      133     0.02119992    -6.34820671    -6.32700679    -6.34820671    -6.24789003
      134     0.02093584    -6.35070918    -6.32977334    -6.35070918    -6.24504278
      135     0.02065874    -6.35315798    -6.33249924    -6.35315798    -6.24209747
      136     0.02036986    -6.35555160    -6.33518174    -6.35555160    -6.23905869
      137     0.02007042    -6.35788899    -6.33781857    -6.35788899    -6.23593195
      138     0.01976196    -6.36016956    -6.34040760    -6.36016956    -6.23272380
      139     0.01944633    -6.36239324    -6.34294691    -6.36239324    -6.22944150
      140     0.01912568    -6.36456057    -6.34543489    -6.36456057    -6.22609325
      141     0.01880242    -6.36667297    -6.34787055    -6.36667297    -6.22268814
      142     0.01847946    -6.36873287    -6.35025341    -6.36873287    -6.21923601
      143     0.01816029    -6.37074380    -6.35258351    -6.37074380    -6.21574728
      144     0.01784903    -6.37271085    -6.35486182    -6.37271085    -6.21223244
      145     0.01755100    -6.37464086    -6.35708986    -6.37464086    -6.20870185
      146     0.01727318    -6.37654353    -6.35927035    -6.37654353    -6.20516480
      147     0.01702498    -6.37843219    -6.36140721    -6.37843219    -6.20162876
      148     0.01681921    -6.38032558    -6.36350637    -6.38032558    -6.19809779
      149     0.01667281    -6.38224906    -6.36557625    -6.38224906    -6.19457154
      150     0.01660549    -6.38423441    -6.36762892    -6.38423441    -6.19104560
      151     0.01663162    -6.38631181    -6.36968019    -6.38631181    -6.18751893
      152     0.01674174    -6.38848787    -6.37174613    -6.38848787    -6.18401333
      153     0.01688663    -6.39071979    -6.37383316    -6.39071979    -6.18059370
      154     0.01699261    -6.39292805    -6.37593544    -6.39292805    -6.17734935
      155     0.01700136    -6.39504054    -6.37803918    -6.39504054    -6.17434893
      156     0.01689162    -6.39702153    -6.38012991    -6.39702153    -6.17161652
      157     0.01667098    -6.39886412    -6.38219314    -6.39886412    -6.16914508
      158     0.01635969    -6.40057520    -6.38421551    -6.40057520    -6.16691492
      159     0.01598016    -6.40216582    -6.38618566    -6.40216582    -6.16490447
      160     0.01555242    -6.40364705    -6.38809463    -6.40364705    -6.16309431
      161     0.01509273    -6.40502855    -6.38993582    -6.40502855    -6.16146808
      162     0.01461367    -6.40631829    -6.39170462    -6.40631829    -6.16001219
      163     0.01412448    -6.40752277    -6.39339829    -6.40752277    -6.15871506
      164     0.01363168    -6.40864719    -6.39501551    -6.40864719    -6.15756662
      165     0.01313985    -6.40969577    -6.39655592    -6.40969577    -6.15655775
      166     0.01265196    -6.41067195    -6.39801999    -6.41067195    -6.15567992
      167     0.01216987    -6.41157858    -6.39940871    -6.41157858    -6.15492491
      168     0.01169449    -6.41241810    -6.40072361    -6.41241810    -6.15428471
      169     0.01122638    -6.41319269    -6.40196631    -6.41319269    -6.15375146
      170     0.01076587    -6.41390435    -6.40313848    -6.41390435    -6.15331734
      171     0.01031300    -6.41455506    -6.40424206    -6.41455506    -6.15297461
      172     0.00986770    -6.41514676    -6.40527906    -6.41514676    -6.15271567
      173     0.00942997    -6.41568152    -6.40625155    -6.41568152    -6.15253312
      174     0.00899982    -6.41616147    -6.40716165    -6.41616147    -6.15241974
      175     0.00857745    -6.41658892    -6.40801147    -6.41658892    -6.15236858
      176     0.00816318    -6.41696628    -6.40880310    -6.41696628    -6.15237302
      177     0.00775734    -6.41729614    -6.40953880    -6.41729614    -6.15242674
      178     0.00736033    -6.41758117    -6.41022084    -6.41758117    -6.15252380
      179     0.00697261    -6.41782418    -6.41085157    -6.41782418    -6.15265860
      180     0.00659469    -6.41802803    -6.41143334    -6.41802803    -6.15282592
      181     0.00622711    -6.41819565    -6.41196854    -6.41819565    -6.15302088
      182     0.00587041    -6.41832994    -6.41245953    -6.41832994    -6.15323896
      183     0.00552512    -6.41843389    -6.41290877    -6.41843389    -6.15347584
      184     0.00519170    -6.41851028    -6.41331858    -6.41851028    -6.15372770
      185     0.00487059    -6.41856194    -6.41369135    -6.41856194    -6.15399088
      186     0.00456215    -6.41859157    -6.41402942    -6.41859157    -6.15426202
      187     0.00426667    -6.41860174    -6.41433507    -6.41860174    -6.15453802
      188     0.00398438    -6.41859495    -6.41461057    -6.41859495    -6.15481600
      189     0.00371541    -6.41857353    -6.41485812    -6.41857353    -6.15509334
      190     0.00345986    -6.41853967    -6.41507981    -6.41853967    -6.15536763
      191     0.00321775    -6.41849546    -6.41527771    -6.41849546    -6.15563665
      192     0.00298905    -6.41844282    -6.41545377    -6.41844282    -6.15589843
      193     0.00277368    -6.41838355    -6.41560987    -6.41838355    -6.15615114
      194     0.00257154    -6.41831933    -6.41574779    -6.41831933    -6.15639317
      195     0.00238247    -6.41825170    -6.41586923    -6.41825170    -6.15662308
      196     0.00220632    -6.41818207    -6.41597575    -6.41818207    -6.15683962
      197     0.00204284    -6.41811173    -6.41606889    -6.41811173    -6.15704168
      198     0.00189183    -6.41804187    -6.41615004    -6.41804187    -6.15722830
      199     0.00175308    -6.41797352    -6.41622044    -6.41797352    -6.15739867
      200     0.00162635    -6.41790762    -6.41628127    -6.41790762    -6.15755211
      201     0.00151135    -6.41784498    -6.41633363    -6.41784498    -6.15768805
      202     0.00140782    -6.41778629    -6.41637847    -6.41778629    -6.15780604
      203     0.00131543    -6.41773213    -6.41641670    -6.41773213    -6.15790573
      204     0.00123387    -6.41768294    -6.41644907    -6.41768294    -6.15798687
      205     0.00116278    -6.41763908    -6.41647630    -6.41763908    -6.15804928
      206     0.00110181    -6.41760077    -6.41649896    -6.41760077    -6.15809291
      207     0.00105059    -6.41756817    -6.41651758    -6.41756817    -6.15811777
      208     0.00100874    -6.41754131    -6.41653257    -6.41754131    -6.15812396
      209     0.00097590    -6.41752016    -6.41654426    -6.41752016    -6.15811169
      210     0.00095171    -6.41750461    -6.41655290    -6.41750461    -6.15808127
      211     0.00093581    -6.41749451    -6.41655870    -6.41749451    -6.15803309
      212     0.00092789    -6.41748966    -6.41656177    -6.41748966    -6.15796770
      213     0.00092768    -6.41748982    -6.41656214    -6.41748982    -6.15788572
      214     0.00093494    -6.41749475    -6.41655981    -6.41749475    -6.15778792
      215     0.00094949    -6.41750417    -6.41655468    -6.41750417    -6.15767523
      216     0.00097119    -6.41751784    -6.41654665    -6.41751784    -6.15754868
      217     0.00100000    -6.41753549    -6.41653549    -6.41753549    -6.15740944
      218     0.00103591    -6.41755690    -6.41652099    -6.41755690    -6.15725885
      219     0.00107897    -6.41758181    -6.41650284    -6.41758181    -6.15709834
      220     0.00112933    -6.41761002    -6.41648069    -6.41761002    -6.15692951
      221     0.00118716    -6.41764130    -6.41645414    -6.41764130    -6.15675405
      222     0.00125269    -6.41767543    -6.41642274    -6.41767543    -6.15657377
      223     0.00132618    -6.41771219    -6.41638601    -6.41771219    -6.15639059
      224     0.00140793    -6.41775134    -6.41634341    -6.41775134    -6.15620649
      225     0.00149823    -6.41779259    -6.41629436    -6.41779259    -6.15602353
      226     0.00159743    -6.41783564    -6.41623821    -6.41783564    -6.15584380
      227     0.00170581    -6.41788011    -6.41617430    -6.41788011    -6.15566946
      228     0.00182364    -6.41792560    -6.41610196    -6.41792560    -6.15550268
      229     0.00195112    -6.41797161    -6.41602049    -6.41797161    -6.15534561
      230     0.00208837    -6.41801757    -6.41592920    -6.41801757    -6.15520040
      231     0.00223542    -6.41806283    -6.41582741    -6.41806283    -6.15506915
      232     0.00239219    -6.41810667    -6.41571448    -6.41810667    -6.15495389
      233     0.00255844    -6.41814823    -6.41558979    -6.41814823    -6.15485657
      234     0.00273380    -6.41818660    -6.41545280    -6.41818660    -6.15477902
      235     0.00291769    -6.41822074    -6.41530305    -6.41822074    -6.15472294
      236     0.00310933    -6.41824951    -6.41514018    -6.41824951    -6.15468988
      237     0.00330773    -6.41827170    -6.41496397    -6.41827170    -6.15468111
      238     0.00351167    -6.41828599    -6.41477432    -6.41828599    -6.15469774
      239     0.00371966    -6.41829095    -6.41457129    -6.41829095    -6.15474060
      240     0.00392999    -6.41828508    -6.41435509    -6.41828508    -6.15481023
      241     0.00414068    -6.41826682    -6.41412614    -6.41826682    -6.15490682
      242     0.00434950    -6.41823449    -6.41388499    -6.41823449    -6.15503032
      243     0.00455402    -6.41818642    -6.41363240    -6.41818642    -6.15518024
      244     0.00475161    -6.41812093    -6.41336932    -6.41812093    -6.15535576
      245     0.00493950    -6.41803634    -6.41309684    -6.41803634    -6.15555573
      246     0.00511479    -6.41793101    -6.41281622    -6.41793101    -6.15577863
      247     0.00527457    -6.41780342    -6.41252885    -6.41780342    -6.15602266
      248     0.00541597    -6.41765219    -6.41223622    -6.41765219    -6.15628574
      249     0.00553621    -6.41747611    -6.41193990    -6.41747611    -6.15656553
      250     0.00563266    -6.41727424    -6.41164158    -6.41727424    -6.15685955
      251     0.00570298    -6.41704592    -6.41134294    -6.41704592    -6.15716519
      252     0.00574533    -6.41679085    -6.41104552    -6.41679085    -6.15747974
      253     0.00575829    -6.41650913    -6.41075084    -6.41650913    -6.15780052
      254     0.00574096    -6.41620126    -6.41046030    -6.41620126    -6.15812486
      255     0.00569304    -6.41586822    -6.41017518    -6.41586822    -6.15845019
      256     0.00561485    -6.41551148    -6.40989663    -6.41551148    -6.15877407
      257     0.00550736    -6.41513297    -6.40962561    -6.41513297    -6.15909417
      258     0.00537216    -6.41473511    -6.40936295    -6.41473511    -6.15940836
      259     0.00521148    -6.41432078    -6.40910930    -6.41432078    -6.15971460
      260     0.00502817    -6.41389330    -6.40886513    -6.41389330    -6.16001101
      261     0.00482560    -6.41345639    -6.40863079    -6.41345639    -6.16029580
      262     0.00460767    -6.41301414    -6.40840647    -6.41301414    -6.16056722
      263     0.00437872    -6.41257094    -6.40819222    -6.41257094    -6.16082354
      264     0.00414334    -6.41213146    -6.40798812    -6.41213146    -6.16106300
      265     0.00390665    -6.41170058    -6.40779393    -6.41170058    -6.16128373
      266     0.00367423    -6.41128331    -6.40760908    -6.41128331    -6.16148378
      267     0.00345174    -6.41088472    -6.40743298    -6.41088472    -6.16166108
      268     0.00324503    -6.41050985    -6.40726482    -6.41050985    -6.16181342
      269     0.00306010    -6.41016367    -6.40710357    -6.41016367    -6.16193851
      270     0.00290306    -6.40985094    -6.40694788    -6.40985094    -6.16203396
      271     0.00278004    -6.40957616    -6.40679612    -6.40957616    -6.16209735
      272     0.00269715    -6.40934340    -6.40664625    -6.40934340    -6.16212638
      273     0.00266036    -6.40915624    -6.40649588    -6.40915624    -6.16211882
      274     0.00267539    -6.40901765    -6.40634226    -6.40901765    -6.16207270
      275     0.00274763    -6.40892985    -6.40618222    -6.40892985    -6.16198642
      276     0.00288198    -6.40889427    -6.40601229    -6.40889427    -6.16185870
      277     0.00308266    -6.40891144    -6.40582878    -6.40891144    -6.16168876
      278     0.00335308    -6.40898090    -6.40562782    -6.40898090    -6.16147634
      279     0.00369565    -6.40910123    -6.40540558    -6.40910123    -6.16122159
      280     0.00411152    -6.40927001    -6.40515849    -6.40927001    -6.16092521
      281     0.00460043    -6.40948381    -6.40488338    -6.40948381    -6.16058834
      282     0.00516047    -6.40973824    -6.40457777    -6.40973824    -6.16021254
      283     0.00578783    -6.41002800    -6.40424017    -6.41002800    -6.15979982
      284     0.00647668    -6.41034698    -6.40387030    -6.41034698    -6.15935256
      285     0.00721894    -6.41068829    -6.40346935    -6.41068829    -6.15887361
      286     0.00800427    -6.41104449    -6.40304022    -6.41104449    -6.15836629
      287     0.00882000    -6.41140762    -6.40258762    -6.41140762    -6.15783446
      288     0.00965132    -6.41176948    -6.40211816    -6.41176948    -6.15728264
      289     0.01048150    -6.41212176    -6.40164026    -6.41212176    -6.15671612
      290     0.01129230    -6.41245632    -6.40116402    -6.41245632    -6.15614101
      291     0.01206451    -6.41276541    -6.40070090    -6.41276541    -6.15556434
      292     0.01277873    -6.41304195    -6.40026322    -6.41304195    -6.15499411
      293     0.01341614    -6.41327977    -6.39986363    -6.41327977    -6.15443921
      294     0.01395946    -6.41347384    -6.39951438    -6.41347384    -6.15390938
      295     0.01439367    -6.41362050    -6.39922683    -6.41362050    -6.15341497
      296     0.01470713    -6.41371756    -6.39901043    -6.41371756    -6.15296672
      297     0.01489223    -6.41376441    -6.39887218    -6.41376441    -6.15257536
      298     0.01494562    -6.41376197    -6.39881635    -6.41376197    -6.15225119
      299     0.01486846    -6.41371262    -6.39884416    -6.41371262    -6.15200366
      300     0.01466644    -6.41362001    -6.39895357    -6.41362001    -6.15184089
