#    Step     Kinetic(H)     Potential(H)   Total(H)       E(0)(H)        E(1)(H)        E(2)(H)        
        0     0.00693380    -4.93736729    -4.93043348    -5.27498319    -5.04441802    -4.93736729
        1     0.00948374    -4.93993075    -4.93044701    -5.27596643    -5.04635675    -4.93993075
        2     0.01282451    -4.94332620    -4.93050169    -5.27686293    -5.04857622    -4.94332620
        3     0.01690964    -4.94762377    -4.93071413    -5.27752232    -5.05092608    -4.94762377
        4     0.02146398    -4.95260308    -4.93113910    -5.27779771    -5.05318594    -4.95260308
        5     0.02596074    -4.95791203    -4.93195129    -5.27755752    -5.05515070    -4.95791203
        6     0.02995905    -4.96324027    -4.93328122    -5.27671187    -5.05669376    -4.96324027
        7     0.03310834    -4.96844770    -4.93533936    -5.27523093    -5.05771177    -4.96844770
        8     0.03519433    -4.97338771    -4.93819338    -5.27315182    -5.05813161    -4.97338771
        9     0.03618266    -4.97793578    -4.94175312    -5.27057053    -5.05801252    -4.97793578
       10     0.03622469    -4.98215446    -4.94592977    -5.26762309    -5.05741705    -4.98215446
       11     0.03560906    -4.98600933    -4.95040027    -5.26445884    -5.05645775    -4.98600933
       12     0.03466624    -4.98959339    -4.95492714    -5.26120753    -5.05526440    -4.98959339
       13     0.03367007    -4.99288559    -4.95921552    -5.25795835    -5.05392619    -4.99288559
       14     0.03277832    -4.99600400    -4.96322568    -5.25475589    -5.05248769    -4.99600400
       15     0.03202447    -4.99887930    -4.96685483    -5.25160429    -5.05095307    -4.99887930
       16     0.03135020    -5.00148577    -4.97013557    -5.24847787    -5.04929662    -5.00148577
       17     0.03065409    -5.00389309    -4.97323900    -5.24533605    -5.04755127    -5.00389309
       18     0.02983350    -5.00594892    -4.97611542    -5.24213672    -5.04563817    -5.00594892
       19     0.02881130    -5.00769260    -4.97888130    -5.23884575    -5.04355992    -5.00769260
       20     0.02754846    -5.00910506    -4.98155660    -5.23544405    -5.04126071    -5.00910506
       21     0.02604589    -5.01018495    -4.98413905    -5.23193028    -5.03881266    -5.01018495
       22     0.02433885    -5.01091239    -4.98657354    -5.22832130    -5.03619592    -5.01091239
       23     0.02248713    -5.01132014    -4.98883301    -5.22464988    -5.03344323    -5.01132014
       24     0.02056318    -5.01152626    -4.99096308    -5.22096057    -5.03063590    -5.01152626
       25     0.01864127    -5.01150850    -4.99286722    -5.21730462    -5.02782519    -5.01150850
       26     0.01678935    -5.01135715    -4.99456780    -5.21373560    -5.02506465    -5.01135715
       27     0.01506366    -5.01116032    -4.99609667    -5.21030483    -5.02244236    -5.01116032
       28     0.01350555    -5.01092656    -4.99742101    -5.20705762    -5.01993014    -5.01092656
       29     0.01213931    -5.01072754    -4.99858823    -5.20402890    -5.01767316    -5.01072754
       30     0.01097172    -5.01058701    -4.99961529    -5.20124243    -5.01562167    -5.01058701
       31     0.00998940    -5.01051904    -5.00052965    -5.19871225    -5.01382648    -5.01051904
       32     0.00913068    -5.01046002    -5.00132934    -5.19644827    -5.01237098    -5.01046002
       33     0.00817258    -5.01024574    -5.00207315    -5.19447002    -5.01149521    -5.01024574
       34     0.00712206    -5.00971295    -5.00259088    -5.19287150    -5.01140341    -5.00971295
       35     0.00842637    -5.01169329    -5.00326693    -5.19169141    -5.01169329    -5.00941484
       36     0.00821066    -5.01212846    -5.00391780    -5.19058310    -5.01212846    -5.00922526
       37     0.00800764    -5.01252483    -5.00451720    -5.18950951    -5.01252483    -5.00903365
       38     0.00777637    -5.01284888    -5.00507251    -5.18843708    -5.01284888    -5.00880646
       39     0.00749550    -5.01311321    -5.00561771    -5.18734168    -5.01311321    -5.00851954
       40     0.00715670    -5.01330332    -5.00614663    -5.18620882    -5.01330332    -5.00812167
       41     0.00676223    -5.01337796    -5.00661573    -5.18503398    -5.01337796    -5.00764507
       42     0.00632322    -5.01334219    -5.00701897    -5.18382223    -5.01334219    -5.00709481
       43     0.00585765    -5.01324626    -5.00738861    -5.18258708    -5.01324626    -5.00644764
       44     0.00538823    -5.01314710    -5.00775887    -5.18134868    -5.01314710    -5.00579724
       45     0.00493985    -5.01299564    -5.00805579    -5.18013150    -5.01299564    -5.00505779
       46     0.00453697    -5.01285448    -5.00831752    -5.17896136    -5.01285448    -5.00436539
       47     0.00420096    -5.01274781    -5.00854684    -5.17786245    -5.01274781    -5.00367073
       48     0.00394794    -5.01273211    -5.00878418    -5.17685453    -5.01273211    -5.00303030
       49     0.00378695    -5.01274686    -5.00895991    -5.17595054    -5.01274686    -5.00242031
       50     0.00371904    -5.01287018    -5.00915113    -5.17515512    -5.01287018    -5.00188213
       51     0.00373709    -5.01306104    -5.00932396    -5.17446401    -5.01306104    -5.00141151
       52     0.00382661    -5.01334362    -5.00951700    -5.17386460    -5.01334362    -5.00103260
       53     0.00396740    -5.01366173    -5.00969433    -5.17333748    -5.01366173    -5.00065247
       54     0.00413569    -5.01399138    -5.00985569    -5.17285864    -5.01399138    -5.00028389
       55     0.00430677    -5.01434341    -5.01003664    -5.17240219    -5.01434341    -4.99993768
       56     0.00445747    -5.01469271    -5.01023524    -5.17194300    -5.01469271    -4.99955199
       57     0.00456849    -5.01498073    -5.01041224    -5.17145928    -5.01498073    -4.99910502
       58     0.00462612    -5.01522762    -5.01060150    -5.17093444    -5.01522762    -4.99861693
       59     0.00462330    -5.01538659    -5.01076329    -5.17035843    -5.01538659    -4.99807767
       60     0.00455997    -5.01549140    -5.01093143    -5.16972825    -5.01549140    -4.99748424
       61     0.00444261    -5.01550917    -5.01106656    -5.16904779    -5.01550917    -4.99684053
       62     0.00428337    -5.01548667    -5.01120330    -5.16832705    -5.01548667    -4.99615653
       63     0.00409862    -5.01543871    -5.01134009    -5.16758085    -5.01543871    -4.99544708
       64     0.00390727    -5.01538327    -5.01147600    -5.16682717    -5.01538327    -4.99476691
       65     0.00372902    -5.01530295    -5.01157394    -5.16608537    -5.01530295    -4.99409860
       66     0.00358264    -5.01529012    -5.01170747    -5.16537430    -5.01529012    -4.99349778
       67     0.00348444    -5.01528789    -5.01180345    -5.16471058    -5.01528789    -4.99294431
       68     0.00344694    -5.01530918    -5.01186223    -5.16410713    -5.01530918    -4.99248786
       69     0.00347805    -5.01543554    -5.01195750    -5.16357201    -5.01543554    -4.99213648
       70     0.00358056    -5.01563293    -5.01205237    -5.16310791    -5.01563293    -4.99189288
       71     0.00375217    -5.01589850    -5.01214633    -5.16271199    -5.01589850    -4.99175420
       72     0.00398589    -5.01618757    -5.01220168    -5.16237632    -5.01618757    -4.99171253
       73     0.00427084    -5.01656147    -5.01229063    -5.16208874    -5.01656147    -4.99171894
       74     0.00459347    -5.01700512    -5.01241165    -5.16183415    -5.01700512    -4.99179509
       75     0.00493897    -5.01742854    -5.01248956    -5.16159607    -5.01742854    -4.99192452
       76     0.00529287    -5.01788905    -5.01259618    -5.16135835    -5.01788905    -4.99205429
       77     0.00564246    -5.01833566    -5.01269320    -5.16110672    -5.01833566    -4.99217015
       78     0.00597814    -5.01879413    -5.01281599    -5.16083021    -5.01879413    -4.99229788
       79     0.00629429    -5.01922107    -5.01292678    -5.16052216    -5.01922107    -4.99239407
       80     0.00658969    -5.01965136    -5.01306167    -5.16018071    -5.01965136    -4.99242012
       81     0.00686733    -5.02005113    -5.01318380    -5.15980875    -5.02005113    -4.99245240
       82     0.00713372    -5.02046413    -5.01333041    -5.15941326    -5.02046413    -4.99242441
       83     0.00739763    -5.02090037    -5.01350275    -5.15900428    -5.02090037    -4.99234616
       84     0.00766866    -5.02133479    -5.01366613    -5.15859346    -5.02133479    -4.99226609
       85     0.00795567    -5.02181593    -5.01386026    -5.15819262    -5.02181593    -4.99215924
       86     0.00826525    -5.02235426    -5.01408901    -5.15781221    -5.02235426    -4.99203608
       87     0.00860061    -5.02292098    -5.01432037    -5.15746020    -5.02292098    -4.99190457
       88     0.00896100    -5.02355760    -5.01459660    -5.15714134    -5.02355760    -4.99176945
       89     0.00934170    -5.02426551    -5.01492381    -5.15685702    -5.02426551    -4.99163213
       90     0.00973462    -5.02496959    -5.01523497    -5.15660561    -5.02496959    -4.99145422
       91     0.01012935    -5.02577625    -5.01564689    -5.15638329    -5.02577625    -4.99130539
       92     0.01051459    -5.02657023    -5.01605564    -5.15618504    -5.02657023    -4.99110715
       93     0.01087958    -5.02742006    -5.01654047    -5.15600589    -5.02742006    -4.99092799
       94     0.01121551    -5.02828508    -5.01706957    -5.15584193    -5.02828508    -4.99069054
       95     0.01151642    -5.02916323    -5.01764680    -5.15569110    -5.02916323    -4.99039271
       96     0.01177986    -5.03005472    -5.01827485    -5.15555361    -5.03005472    -4.99010822
       97     0.01200686    -5.03096211    -5.01895525    -5.15543202    -5.03096211    -4.98980288
       98     0.01220160    -5.03188998    -5.01968837    -5.15533090    -5.03188998    -4.98948127
       99     0.01237060    -5.03284428    -5.02047368    -5.15525623    -5.03284428    -4.98911260
      100     0.01252174    -5.03383162    -5.02130987    -5.15521458    -5.03383162    -4.98877696
      101     0.01266325    -5.03482155    -5.02215831    -5.15521229    -5.03482155    -4.98844393
      102     0.01280266    -5.03589286    -5.02309020    -5.15525461    -5.03589286    -4.98815550
      103     0.01294613    -5.03701234    -5.02406621    -5.15534511    -5.03701234    -4.98787851
      104     0.01309792    -5.03814470    -5.02504677    -5.15548524    -5.03814470    -4.98761440
      105     0.01326025    -5.03936261    -5.02610236    -5.15567417    -5.03936261    -4.98739908
      106     0.01343335    -5.04062631    -5.02719296    -5.15590889    -5.04062631    -4.98719281
      107     0.01361583    -5.04193093    -5.02831510    -5.15618453    -5.04193093    -4.98702746
      108     0.01380515    -5.04327018    -5.02946503    -5.15649480    -5.04327018    -4.98689674
      109     0.01399814    -5.04463699    -5.03063885    -5.15683263    -5.04463699    -4.98679357
      110     0.01419160    -5.04606077    -5.03186917    -5.15719068    -5.04606077    -4.98671064
      111     0.01438276    -5.04749784    -5.03311508    -5.15756202    -5.04749784    -4.98664098
      112     0.01456969    -5.04897886    -5.03440916    -5.15794056    -5.04897886    -4.98657853
      113     0.01475157    -5.05046222    -5.03571065    -5.15832144    -5.05046222    -4.98651842
      114     0.01492876    -5.05198133    -5.03705256    -5.15870132    -5.05198133    -4.98645731
      115     0.01510286    -5.05349770    -5.03839485    -5.15907846    -5.05349770    -4.98639346
      116     0.01527647    -5.05508471    -5.03980824    -5.15945275    -5.05508471    -4.98636350
      117     0.01545304    -5.05667016    -5.04121713    -5.15982547    -5.05667016    -4.98629524
      118     0.01563615    -5.05829316    -5.04265701    -5.16019899    -5.05829316    -4.98626451
      119     0.01582831    -5.05995524    -5.04412693    -5.16057484    -5.05995524    -4.98619937
      120     0.01603058    -5.06165686    -5.04562628    -5.16095349    -5.06165686    -4.98617378
