#     Density Matrix: coherence Re-Im; see the manual for detail orders
        0     0.00000000     0.00000000
        1     0.00061481    -0.00094731
        2     0.00025580    -0.00211078
        3     0.00052257    -0.00292458
        4     0.00048552    -0.00408691
        5     0.00058812    -0.00499670
        6     0.00065601    -0.00605305
        7     0.00066332    -0.00684867
        8     0.00069752    -0.00744624
        9     0.00068008    -0.00774003
       10     0.00070141    -0.00778178
       11     0.00073001    -0.00769486
       12     0.00075962    -0.00753459
       13     0.00079583    -0.00736210
       14     0.00082443    -0.00720817
       15     0.00084360    -0.00707967
       16     0.00084942    -0.00698207
       17     0.00082468    -0.00689898
       18     0.00075485    -0.00678562
       19     0.00063671    -0.00658221
       20     0.00047944    -0.00623039
       21     0.00030228    -0.00569225
       22     0.00012344    -0.00496520
       23    -0.00005368    -0.00407830
       24    -0.00024416    -0.00306943
       25    -0.00046203    -0.00196322
       26    -0.00070471    -0.00077203
       27    -0.00095125     0.00049763
       28    -0.00116257     0.00182615
       29    -0.00129485     0.00315494
       30    -0.00132809     0.00437851
       31    -0.00128977     0.00538853
       32    -0.00122823     0.00614322
       33    -0.00115347     0.00666759
       34    -0.00103929     0.00698392
       35    -0.00087766     0.00708806
       36    -0.00068346     0.00697523
       37    -0.00047003     0.00663634
       38    -0.00025700     0.00605654
       39    -0.00007313     0.00525004
       40     0.00006941     0.00427416
       41     0.00017589     0.00320420
       42     0.00025371     0.00212038
       43     0.00031512     0.00109148
       44     0.00036947     0.00015732
       45     0.00041943    -0.00066545
       46     0.00046392    -0.00137700
       47     0.00049771    -0.00198484
       48     0.00051174    -0.00249269
       49     0.00049990    -0.00289353
       50     0.00045630    -0.00316893
       51     0.00038271    -0.00328807
       52     0.00029264    -0.00323477
       53     0.00019578    -0.00301991
       54     0.00009261    -0.00266879
       55    -0.00001723    -0.00220690
       56    -0.00012538    -0.00165959
       57    -0.00021734    -0.00106067
       58    -0.00027999    -0.00045478
       59    -0.00030754     0.00010588
       60    -0.00030204     0.00057274
       61    -0.00027014     0.00091122
       62    -0.00021745     0.00110629
       63    -0.00014579     0.00115561
       64    -0.00005869     0.00106395
       65     0.00003702     0.00084340
       66     0.00013405     0.00051292
       67     0.00022655     0.00009669
       68     0.00030979    -0.00037740
       69     0.00038065    -0.00088068
       70     0.00043459    -0.00138703
       71     0.00046134    -0.00186540
       72     0.00045603    -0.00227331
       73     0.00042640    -0.00257072
       74     0.00038875    -0.00273664
       75     0.00035914    -0.00278297
       76     0.00034066    -0.00274542
       77     0.00032360    -0.00265606
       78     0.00029921    -0.00252890
       79     0.00026400    -0.00236603
       80     0.00021904    -0.00216520
       81     0.00016959    -0.00192990
       82     0.00012390    -0.00167410
       83     0.00009262    -0.00142289
       84     0.00008751    -0.00120875
       85     0.00011942    -0.00106747
       86     0.00019449    -0.00103296
       87     0.00030987    -0.00112967
       88     0.00045047    -0.00136319
       89     0.00059246    -0.00171422
       90     0.00070917    -0.00214236
       91     0.00077207    -0.00259186
       92     0.00075246    -0.00299244
       93     0.00063177    -0.00325954
       94     0.00042141    -0.00330796
       95     0.00017806    -0.00309053
       96    -0.00001299    -0.00264621
       97    -0.00009016    -0.00210363
       98    -0.00005406    -0.00161464
       99     0.00005061    -0.00127693
      100     0.00017971    -0.00111439
      101     0.00030723    -0.00110511
      102     0.00041209    -0.00120671
      103     0.00046649    -0.00136109
      104     0.00044335    -0.00149529
      105     0.00033312    -0.00153426
      106     0.00015226    -0.00142261
      107    -0.00006286    -0.00114127
      108    -0.00026894    -0.00071113
      109    -0.00042878    -0.00018614
      110    -0.00052439     0.00036228
      111    -0.00056425     0.00086914
      112    -0.00058243     0.00130091
      113    -0.00062572     0.00167204
      114    -0.00074150     0.00204097
      115    -0.00097768     0.00249806
      116    -0.00138228     0.00315165
      117    -0.00199974     0.00411272
      118    -0.00285447     0.00547656
      119    -0.00395317     0.00730466
      120    -0.00527965     0.00962629
      121    -0.00677224     0.01242321
      122    -0.00831801     0.01561014
      123    -0.00975846     0.01902642
      124    -0.01091607     0.02245671
      125    -0.01162891     0.02567525
      126    -0.01177824     0.02848213
      127    -0.01131000     0.03071291
      128    -0.01025471     0.03223118
      129    -0.00874281     0.03292718
      130    -0.00700448     0.03274063
      131    -0.00534027     0.03170844
      132    -0.00405552     0.03000966
      133    -0.00338835     0.02796307
      134    -0.00343849     0.02595676
      135    -0.00419081     0.02433585
      136    -0.00562389     0.02333952
      137    -0.00781163     0.02309708
      138    -0.01103663     0.02366400
      139    -0.01596774     0.02506306
      140    -0.02415100     0.02731308
      141    -0.03989196     0.03044527
      142    -0.08237062     0.03456420
      143    -0.47890715     0.04227789
      144    -0.29978424     0.05146618
      145    -0.22147913     0.06344175
      146    -0.19910887     0.07939498
      147    -0.18537898     0.09792432
      148    -0.17478482     0.11741992
      149    -0.16743299     0.13668037
      150    -0.16548840     0.15518327
      151    -0.17229263     0.17319597
      152    -0.19149252     0.19172718
      153    -0.22470176     0.21230662
      154    -0.26646773     0.23659757
      155    -0.30097625     0.26587126
      156    -0.31066172     0.30026476
      157    -0.28826997     0.33751701
      158    -0.23501362     0.37147821
      159    -0.15488194     0.39179852
      160    -0.05575708     0.38595778
      161     0.04759680     0.34367840
      162     0.13399101     0.26279497
      163     0.18140449     0.15432888
      164     0.17677769     0.04277856
      165     0.12515638    -0.04185149
      166     0.05071137    -0.07838994
      167    -0.01403967    -0.06649893
      168    -0.04542101    -0.02697917
      169    -0.04064229     0.01108002
      170    -0.01616606     0.02765253
      171     0.00594384     0.02142395
      172     0.01311527     0.00564970
      173     0.00776088    -0.00515392
      174     0.00035484    -0.00622151
      175    -0.00203555    -0.00256548
      176    -0.00043239    -0.00039823
      177     0.00086257    -0.00072344
      178     0.00029465    -0.00107101
      179    -0.00084021    -0.00012875
      180    -0.00151977     0.00143213
      181    -0.00190183     0.00290022
      182    -0.00220840     0.00422299
      183    -0.00232736     0.00537655
      184    -0.00217898     0.00617461
      185    -0.00177075     0.00645593
      186    -0.00113710     0.00608662
      187    -0.00046401     0.00505774
      188    -0.00002274     0.00367814
      189     0.00012429     0.00242658
      190     0.00013725     0.00154387
      191     0.00012811     0.00096116
      192     0.00013136     0.00052393
      193     0.00015049     0.00009210
      194     0.00013958    -0.00037424
      195     0.00006578    -0.00076452
      196     0.00000173    -0.00099106
      197    -0.00000581    -0.00110835
      198     0.00003178    -0.00122353
      199     0.00009854    -0.00141221
      200     0.00018921    -0.00170629
      201     0.00030121    -0.00209835
      202     0.00042582    -0.00254032
      203     0.00054117    -0.00294516
      204     0.00061746    -0.00320837
      205     0.00062656    -0.00324745
      206     0.00055687    -0.00302965
      207     0.00041894    -0.00257915
      208     0.00023712    -0.00196190
      209     0.00003642    -0.00125741
      210    -0.00016402    -0.00053340
      211    -0.00035045     0.00016373
      212    -0.00051278     0.00080577
      213    -0.00064424     0.00137567
      214    -0.00074120     0.00186172
      215    -0.00080268     0.00225403
      216    -0.00082949     0.00254390
      217    -0.00082265     0.00272457
      218    -0.00078378     0.00279276
      219    -0.00071544     0.00275055
      220    -0.00062230     0.00260555
      221    -0.00051250     0.00237245
      222    -0.00039662     0.00207348
      223    -0.00028504     0.00173575
      224    -0.00018527     0.00138584
      225    -0.00010052     0.00104387
      226    -0.00003013     0.00072019
      227     0.00002894     0.00041573
      228     0.00008038     0.00012515
      229     0.00012820    -0.00016092
      230     0.00017627    -0.00045596
      231     0.00022767    -0.00077733
      232     0.00028587    -0.00114568
      233     0.00034349    -0.00157045
      234     0.00038587    -0.00202371
      235     0.00038945    -0.00242597
      236     0.00034565    -0.00266347
      237     0.00027690    -0.00266748
      238     0.00021474    -0.00246735
      239     0.00017231    -0.00215489
      240     0.00014654    -0.00181620
      241     0.00012887    -0.00150103
      242     0.00010920    -0.00122211
      243     0.00008539    -0.00097250
      244     0.00005149    -0.00073972
      245     0.00000187    -0.00050030
      246    -0.00006844    -0.00022851
      247    -0.00016366     0.00010304
      248    -0.00028487     0.00051843
      249    -0.00042874     0.00103185
      250    -0.00058662     0.00164081
      251    -0.00074553     0.00232537
      252    -0.00088887     0.00305515
      253    -0.00099389     0.00379256
      254    -0.00102559     0.00447655
      255    -0.00093973     0.00499054
      256    -0.00070781     0.00514981
      257    -0.00037555     0.00477491
      258    -0.00007588     0.00387151
      259     0.00010215     0.00269913
      260     0.00019358     0.00154755
      261     0.00025619     0.00053960
      262     0.00032038    -0.00032313
      263     0.00039844    -0.00108656
      264     0.00049587    -0.00180546
      265     0.00061217    -0.00252456
      266     0.00073906    -0.00326004
      267     0.00085435    -0.00397826
      268     0.00092828    -0.00458392
      269     0.00093739    -0.00495013
      270     0.00087676    -0.00498210
      271     0.00076310    -0.00467156
      272     0.00062775    -0.00410324
      273     0.00049780    -0.00341369
      274     0.00038302    -0.00272629
      275     0.00028065    -0.00211057
      276     0.00018703    -0.00158511
      277     0.00009970    -0.00114038
      278     0.00001600    -0.00075400
      279    -0.00006735    -0.00040069
      280    -0.00015459    -0.00005742
      281    -0.00025016     0.00029307
      282    -0.00035827     0.00066164
      283    -0.00048199     0.00105592
      284    -0.00062236     0.00148361
      285    -0.00077858     0.00195419
      286    -0.00094902     0.00247928
      287    -0.00113105     0.00307227
      288    -0.00131405     0.00374148
      289    -0.00147267     0.00447234
      290    -0.00155166     0.00519589
      291    -0.00145318     0.00572901
      292    -0.00108590     0.00574976
      293    -0.00053633     0.00499419
      294    -0.00011335     0.00366093
      295     0.00006112     0.00232515
      296     0.00010556     0.00132632
      297     0.00010387     0.00066552
      298     0.00008427     0.00025338
      299     0.00005767     0.00000854
      300     0.00002855    -0.00012312
      301    -0.00000146    -0.00016871
      302    -0.00002918    -0.00013611
      303    -0.00003432    -0.00005427
      304     0.00002867    -0.00006508
      305     0.00008499    -0.00028687
      306     0.00002086    -0.00055998
      307    -0.00007382    -0.00066513
      308    -0.00007581    -0.00064608
      309    -0.00005721    -0.00061969
      310    -0.00004161    -0.00060871
      311    -0.00002989    -0.00059681
      312    -0.00002416    -0.00056186
      313    -0.00002943    -0.00047664
      314    -0.00005351    -0.00031032
      315    -0.00010342    -0.00003835
      316    -0.00018174     0.00034344
      317    -0.00028441     0.00081411
      318    -0.00040070     0.00133432
      319    -0.00051508     0.00185588
      320    -0.00060856     0.00232860
      321    -0.00066282     0.00270533
      322    -0.00066122     0.00294476
      323    -0.00059492     0.00301065
      324    -0.00046699     0.00287723
      325    -0.00029469     0.00253515
      326    -0.00010826     0.00200428
      327     0.00005850     0.00134466
      328     0.00017990     0.00065224
      329     0.00025263     0.00002754
      330     0.00028473    -0.00046539
      331     0.00028159    -0.00080053
      332     0.00024690    -0.00097747
      333     0.00018390    -0.00100581
      334     0.00008725    -0.00088430
      335    -0.00006233    -0.00057094
      336    -0.00040266     0.00014847
      337     0.00092921    -0.00041129
      338    -0.00029142    -0.00132453
      339    -0.00005082    -0.00008853
      340     0.00006956    -0.00031815
      341     0.00000150    -0.00022249
      342     0.00002628    -0.00022171
      343     0.00001145    -0.00021197
      344     0.00000716    -0.00019723
      345    -0.00000087    -0.00017666
      346    -0.00000692    -0.00014550
      347    -0.00001171    -0.00010488
      348    -0.00001442    -0.00005726
      349    -0.00001528    -0.00000836
      350    -0.00001405     0.00003660
      351    -0.00001233     0.00007658
      352    -0.00001043     0.00011499
      353    -0.00001141     0.00016196
      354    -0.00002546     0.00025257
      355     0.00052131    -0.00066781
      356    -0.00072585    -0.00039031
      357     0.00019983     0.00018441
      358    -0.00002672     0.00006155
      359     0.00003400     0.00001666
      360     0.00002734    -0.00006792
      361     0.00004651    -0.00016693
      362     0.00006994    -0.00029406
      363     0.00010379    -0.00045102
      364     0.00014410    -0.00063977
      365     0.00018367    -0.00084797
      366     0.00021079    -0.00104548
      367     0.00021558    -0.00118792
      368     0.00019659    -0.00123726
      369     0.00016096    -0.00118262
      370     0.00011849    -0.00104343
      371     0.00007721    -0.00085515
      372     0.00004164    -0.00065283
      373     0.00001472    -0.00046250
      374    -0.00000244    -0.00030097
      375    -0.00001018    -0.00017670
      376    -0.00000994    -0.00009240
      377    -0.00000420    -0.00004658
      378     0.00000372    -0.00003408
      379     0.00001034    -0.00004614
      380     0.00001315    -0.00007138
      381     0.00001207    -0.00009915
      382     0.00000896    -0.00012368
      383     0.00000796    -0.00014854
      384     0.00001210    -0.00018816
      385     0.00002127    -0.00026292
      386     0.00002639    -0.00038122
      387     0.00001664    -0.00051933
      388    -0.00000834    -0.00062619
      389    -0.00003541    -0.00065518
      390    -0.00005219    -0.00059230
      391    -0.00005658    -0.00045721
      392    -0.00005726    -0.00028015
      393    -0.00006131    -0.00008337
      394    -0.00007415     0.00012216
      395    -0.00009486     0.00033025
      396    -0.00012254     0.00053285
      397    -0.00015437     0.00072200
      398    -0.00018775     0.00088985
      399    -0.00022108     0.00103216
      400    -0.00025417     0.00115017
      401    -0.00028791     0.00125035
      402    -0.00032369     0.00134230
      403    -0.00036207     0.00143552
      404    -0.00040198     0.00153598
      405    -0.00044117     0.00164490
      406    -0.00047589     0.00175886
      407    -0.00050090     0.00186899
      408    -0.00051079     0.00196130
      409    -0.00049971     0.00201744
      410    -0.00046369     0.00201573
      411    -0.00040288     0.00193775
      412    -0.00032220     0.00177484
      413    -0.00023059     0.00153285
      414    -0.00013827     0.00123138
      415    -0.00005399     0.00089767
      416     0.00001652     0.00055904
      417     0.00007089     0.00023728
      418     0.00010926    -0.00005342
      419     0.00013299    -0.00030477
      420     0.00014372    -0.00051100
      421     0.00014319    -0.00066649
      422     0.00013391    -0.00076705
      423     0.00011978    -0.00081487
      424     0.00010504    -0.00082086
      425     0.00009288    -0.00080100
      426     0.00008484    -0.00077051
      427     0.00008090    -0.00073998
      428     0.00007998    -0.00071425
      429     0.00008043    -0.00069302
      430     0.00008036    -0.00067206
      431     0.00007733    -0.00064426
      432     0.00007013    -0.00060200
      433     0.00005835    -0.00054076
      434     0.00004483    -0.00046253
      435     0.00003311    -0.00037780
      436     0.00002941    -0.00030391
      437     0.00003958    -0.00026475
      438     0.00006543    -0.00028213
      439     0.00010137    -0.00036446
      440     0.00013428    -0.00049577
      441     0.00015036    -0.00063570
      442     0.00014575    -0.00073825
      443     0.00013064    -0.00078121
      444     0.00011998    -0.00077996
      445     0.00012101    -0.00077055
      446     0.00013679    -0.00078777
      447     0.00015716    -0.00084776
      448     0.00017742    -0.00094158
      449     0.00019080    -0.00105208
      450     0.00019265    -0.00115054
      451     0.00018338    -0.00121113
      452     0.00016624    -0.00121948
      453     0.00014521    -0.00117529
      454     0.00012211    -0.00108744
      455     0.00010031    -0.00096992
      456     0.00007624    -0.00083469
      457     0.00005143    -0.00068586
      458     0.00002737    -0.00053168
      459     0.00000473    -0.00037828
      460    -0.00001442    -0.00023263
      461    -0.00002862    -0.00010279
      462    -0.00003755     0.00000483
      463    -0.00004195     0.00008736
      464    -0.00004310     0.00014587
      465    -0.00004259     0.00018434
      466    -0.00004211     0.00020871
      467    -0.00004381     0.00022650
      468    -0.00005043     0.00024756
      469    -0.00006541     0.00028480
      470    -0.00009255     0.00035444
      471    -0.00013534     0.00047504
      472    -0.00019592     0.00066514
      473    -0.00027423     0.00093981
      474    -0.00036740     0.00130706
      475    -0.00046789     0.00176314
      476    -0.00056313     0.00228539
      477    -0.00063291     0.00282280
      478    -0.00065220     0.00328643
      479    -0.00060176     0.00356119
      480    -0.00048349     0.00354860
      481    -0.00032791     0.00322537
      482    -0.00017605     0.00266539
      483    -0.00005056     0.00199178
      484     0.00004303     0.00131147
      485     0.00010633     0.00069291
      486     0.00014307     0.00016956
      487     0.00015314    -0.00024288
      488     0.00013991    -0.00053593
      489     0.00011062    -0.00071308
      490     0.00007555    -0.00079160
      491     0.00004540    -0.00080231
      492     0.00003004    -0.00078727
      493     0.00003758    -0.00080019
      494     0.00007255    -0.00090550
      495     0.00014625    -0.00118766
      496     0.00036219    -0.00189231
      497    -0.00050410    -0.00164812
      498     0.00028271    -0.00095744
      499     0.00015784    -0.00149862
      500     0.00015438    -0.00155504
      501     0.00012726    -0.00156298
      502     0.00008684    -0.00141141
      503     0.00004605    -0.00116911
      504    -0.00000016    -0.00086397
      505    -0.00005867    -0.00051552
      506    -0.00015013    -0.00010272
      507    -0.00029355     0.00043025
      508    -0.00050621     0.00115269
      509    -0.00080476     0.00213845
      510    -0.00119091     0.00344697
      511    -0.00158634     0.00502822
      512    -0.00172376     0.00648305
      513    -0.00133234     0.00699088
      514    -0.00067455     0.00606986
      515    -0.00011320     0.00423886
      516     0.00032525     0.00219496
      517     0.00065929     0.00028988
      518     0.00084969    -0.00125867
      519     0.00087007    -0.00230294
      520     0.00072399    -0.00276489
      521     0.00048272    -0.00267489
      522     0.00025683    -0.00221404
      523     0.00010861    -0.00163316
      524     0.00003124    -0.00111178
      525    -0.00000384    -0.00071391
      526    -0.00001800    -0.00043413
      527    -0.00002222    -0.00024474
      528    -0.00002349    -0.00011640
      529    -0.00002417    -0.00002394
      530    -0.00002488     0.00005024
      531    -0.00002506     0.00011744
      532    -0.00002227     0.00018051
      533    -0.00001292     0.00022950
      534     0.00000550     0.00023971
      535     0.00002250     0.00019387
      536     0.00002014     0.00012120
      537    -0.00000344     0.00008668
      538    -0.00003381     0.00013112
      539    -0.00005950     0.00024463
      540    -0.00007919     0.00039121
      541    -0.00009334     0.00053521
      542    -0.00009848     0.00064596
      543    -0.00008685     0.00069317
      544    -0.00004730     0.00064282
      545     0.00002616     0.00046192
      546     0.00013066     0.00013505
      547     0.00024973    -0.00032001
      548     0.00035895    -0.00084195
      549     0.00043681    -0.00134211
      550     0.00047115    -0.00173588
      551     0.00045783    -0.00196725
      552     0.00039837    -0.00201229
      553     0.00030000    -0.00187215
      554     0.00017678    -0.00156747
      555     0.00004782    -0.00113866
      556    -0.00006820    -0.00064411
      557    -0.00015963    -0.00014818
      558    -0.00022380     0.00029913
      559    -0.00026318     0.00067424
      560    -0.00028149     0.00097634
      561    -0.00028245     0.00121617
      562    -0.00026963     0.00140626
      563    -0.00024677     0.00155585
      564    -0.00021876     0.00167124
      565    -0.00019145     0.00175920
      566    -0.00017144     0.00183093
      567    -0.00016277     0.00190181
      568    -0.00016557     0.00198419
      569    -0.00017579     0.00207803
      570    -0.00018885     0.00216675
      571    -0.00019740     0.00221946
      572    -0.00019578     0.00220075
      573    -0.00018287     0.00209186
      574    -0.00015732     0.00189645
      575    -0.00011805     0.00162764
      576    -0.00006413     0.00129719
      577     0.00000495     0.00091109
      578     0.00008682     0.00047400
      579     0.00017631    -0.00000296
      580     0.00026648    -0.00050021
      581     0.00035273    -0.00099610
      582     0.00043188    -0.00147590
      583     0.00050130    -0.00193216
      584     0.00055717    -0.00236096
      585     0.00059709    -0.00275827
      586     0.00061575    -0.00311557
      587     0.00060542    -0.00340828
      588     0.00055852    -0.00359089
      589     0.00047202    -0.00360125
      590     0.00035785    -0.00338943
      591     0.00023784    -0.00295959
      592     0.00012845    -0.00237622
      593     0.00003516    -0.00172988
      594    -0.00004309    -0.00109789
      595    -0.00011105    -0.00052222
      596    -0.00017079    -0.00001039
      597    -0.00022201     0.00044672
      598    -0.00026286     0.00086045
      599    -0.00029099     0.00123329
      600    -0.00030517     0.00155594
