#     Density Matrix: population Re; see the manual for detail orders
        0     0.00000000     1.00000000
        1     0.00002087     0.99997913
        2     0.00000921     0.99999079
        3     0.00006199     0.99993801
        4     0.00006079     0.99993921
        5     0.00015102     0.99984898
        6     0.00018663     0.99981337
        7     0.00021539     0.99978461
        8     0.00029730     0.99970270
        9     0.00019955     0.99980045
       10     0.00026513     0.99973487
       11     0.00025441     0.99974559
       12     0.00016748     0.99983252
       13     0.00020343     0.99979657
       14     0.00022537     0.99977463
       15     0.00014860     0.99985140
       16     0.00008373     0.99991627
       17     0.00007313     0.99992687
       18     0.00005861     0.99994139
       19     0.00002773     0.99997227
       20     0.00001890     0.99998110
       21     0.00003258     0.99996742
       22     0.00003795     0.99996205
       23     0.00004020     0.99995980
       24     0.00006622     0.99993378
       25     0.00009760     0.99990240
       26     0.00008806     0.99991194
       27     0.00004590     0.99995410
       28     0.00002958     0.99997042
       29     0.00005155     0.99994845
       30     0.00005751     0.99994249
       31     0.00002838     0.99997162
       32     0.00002155     0.99997845
       33     0.00005042     0.99994958
       34     0.00004484     0.99995516
       35     0.00001623     0.99998377
       36     0.00003430     0.99996570
       37     0.00004102     0.99995898
       38     0.00001016     0.99998984
       39     0.00001790     0.99998210
       40     0.00002224     0.99997776
       41     0.00000174     0.99999826
       42     0.00000541     0.99999459
       43     0.00000595     0.99999405
       44     0.00000372     0.99999628
       45     0.00000128     0.99999872
       46     0.00000446     0.99999554
       47     0.00002030     0.99997970
       48     0.00000972     0.99999028
       49     0.00001182     0.99998818
       50     0.00003768     0.99996232
       51     0.00002461     0.99997539
       52     0.00001072     0.99998928
       53     0.00003126     0.99996874
       54     0.00003128     0.99996872
       55     0.00000801     0.99999199
       56     0.00000483     0.99999517
       57     0.00001334     0.99998666
       58     0.00000974     0.99999026
       59     0.00000179     0.99999821
       60     0.00000114     0.99999886
       61     0.00000465     0.99999535
       62     0.00000540     0.99999460
       63     0.00000192     0.99999808
       64     0.00000045     0.99999955
       65     0.00000572     0.99999428
       66     0.00001034     0.99998966
       67     0.00000603     0.99999397
       68     0.00000015     0.99999985
       69     0.00000453     0.99999547
       70     0.00001329     0.99998671
       71     0.00001116     0.99998884
       72     0.00000195     0.99999805
       73     0.00000462     0.99999538
       74     0.00001788     0.99998212
       75     0.00001951     0.99998049
       76     0.00000710     0.99999290
       77     0.00000321     0.99999679
       78     0.00001431     0.99998569
       79     0.00002093     0.99997907
       80     0.00001261     0.99998739
       81     0.00000208     0.99999792
       82     0.00000224     0.99999776
       83     0.00000968     0.99999032
       84     0.00001341     0.99998659
       85     0.00000933     0.99999067
       86     0.00000272     0.99999728
       87     0.00000000     1.00000000
       88     0.00000135     0.99999865
       89     0.00000266     0.99999734
       90     0.00000286     0.99999714
       91     0.00000593     0.99999407
       92     0.00001488     0.99998512
       93     0.00002611     0.99997389
       94     0.00003176     0.99996824
       95     0.00002765     0.99997235
       96     0.00001738     0.99998262
       97     0.00000802     0.99999198
       98     0.00000312     0.99999688
       99     0.00000255     0.99999745
      100     0.00001001     0.99998999
      101     0.00003695     0.99996305
      102     0.00009282     0.99990718
      103     0.00016760     0.99983240
      104     0.00022771     0.99977229
      105     0.00023718     0.99976282
      106     0.00018847     0.99981153
      107     0.00011101     0.99988899
      108     0.00004631     0.99995369
      109     0.00001438     0.99998562
      110     0.00000611     0.99999389
      111     0.00000438     0.99999562
      112     0.00000534     0.99999466
      113     0.00001751     0.99998249
      114     0.00004686     0.99995314
      115     0.00008904     0.99991096
      116     0.00013769     0.99986231
      117     0.00020321     0.99979679
      118     0.00033520     0.99966480
      119     0.00064919     0.99935081
      120     0.00136521     0.99863479
      121     0.00286899     0.99713101
      122     0.00579940     0.99420060
      123     0.01112655     0.98887345
      124     0.02008984     0.97991016
      125     0.03378072     0.96621928
      126     0.05227283     0.94772717
      127     0.07378787     0.92621213
      128     0.09492558     0.90507442
      129     0.11212871     0.88787129
      130     0.12319821     0.87680179
      131     0.12776357     0.87223643
      132     0.12680601     0.87319399
      133     0.12188432     0.87811568
      134     0.11447812     0.88552188
      135     0.10559452     0.89440548
      136     0.09566799     0.90433201
      137     0.08472115     0.91527885
      138     0.07269838     0.92730162
      139     0.05984541     0.94015459
      140     0.04700916     0.95299084
      141     0.03577576     0.96422424
      142     0.02843523     0.97156477
      143     0.02788451     0.97211549
      144     0.03810828     0.96189172
      145     0.07020051     0.92979949
      146     0.30165356     0.69834644
      147     0.38997953     0.61002047
      148     0.18536251     0.81463749
      149     0.12362526     0.87637474
      150     0.08441206     0.91558794
      151     0.05635375     0.94364625
      152     0.03668694     0.96331306
      153     0.02431991     0.97568009
      154     0.01847006     0.98152994
      155     0.01827743     0.98172257
      156     0.02276062     0.97723938
      157     0.03093916     0.96906084
      158     0.04197111     0.95802889
      159     0.05515654     0.94484346
      160     0.06974089     0.93025911
      161     0.08461053     0.91538947
      162     0.09807405     0.90192595
      163     0.10800254     0.89199746
      164     0.11238705     0.88761295
      165     0.11007541     0.88992459
      166     0.10126407     0.89873593
      167     0.08740796     0.91259204
      168     0.07067203     0.92932797
      169     0.05331562     0.94668438
      170     0.03729871     0.96270129
      171     0.02415873     0.97584127
      172     0.01505937     0.98494063
      173     0.01085944     0.98914056
      174     0.01203990     0.98796010
      175     0.01839578     0.98160422
      176     0.02859567     0.97140433
      177     0.03997685     0.96002315
      178     0.04904992     0.95095008
      179     0.05284939     0.94715061
      180     0.05054153     0.94945847
      181     0.04412901     0.95587099
      182     0.03739736     0.96260264
      183     0.03348337     0.96651663
      184     0.03270232     0.96729768
      185     0.03243924     0.96756076
      186     0.02956326     0.97043674
      187     0.02369224     0.97630776
      188     0.01838331     0.98161669
      189     0.01852374     0.98147626
      190     0.02561118     0.97438882
      191     0.03533617     0.96466383
      192     0.04056573     0.95943427
      193     0.03765566     0.96234434
      194     0.02997032     0.97002968
      195     0.02461979     0.97538021
      196     0.02548606     0.97451394
      197     0.03422708     0.96577292
      198     0.04207240     0.95792760
      199     0.03571987     0.96428013
      200     0.02879410     0.97120590
      201     0.03060445     0.96939555
      202     0.03375136     0.96624864
      203     0.03206991     0.96793009
      204     0.03025350     0.96974650
      205     0.03179068     0.96820932
      206     0.03235062     0.96764938
      207     0.03146769     0.96853231
      208     0.03146043     0.96853957
      209     0.03135040     0.96864960
      210     0.03202533     0.96797467
      211     0.03238829     0.96761171
      212     0.03025337     0.96974663
      213     0.03137440     0.96862560
      214     0.03438682     0.96561318
      215     0.03056695     0.96943305
      216     0.02817619     0.97182381
      217     0.03479206     0.96520794
      218     0.03662332     0.96337668
      219     0.02809101     0.97190899
      220     0.02494085     0.97505915
      221     0.03405285     0.96594715
      222     0.04183326     0.95816674
      223     0.03762279     0.96237721
      224     0.02810435     0.97189565
      225     0.02441526     0.97558474
      226     0.02723766     0.97276234
      227     0.02999143     0.97000857
      228     0.03026468     0.96973532
      229     0.03172931     0.96827069
      230     0.03624012     0.96375988
      231     0.03950297     0.96049703
      232     0.03676834     0.96323166
      233     0.03002061     0.96997939
      234     0.02618797     0.97381203
      235     0.02866020     0.97133980
      236     0.03354122     0.96645878
      237     0.03517495     0.96482505
      238     0.03290574     0.96709426
      239     0.03049970     0.96950030
      240     0.03058287     0.96941713
      241     0.03209964     0.96790036
      242     0.03275933     0.96724067
      243     0.03201632     0.96798368
      244     0.03120547     0.96879453
      245     0.03144085     0.96855915
      246     0.03213330     0.96786670
      247     0.03220605     0.96779395
      248     0.03191180     0.96808820
      249     0.03186360     0.96813640
      250     0.03158857     0.96841143
      251     0.03113865     0.96886135
      252     0.03181767     0.96818233
      253     0.03312998     0.96687002
      254     0.03259093     0.96740907
      255     0.03048982     0.96951018
      256     0.03026641     0.96973359
      257     0.03259842     0.96740158
      258     0.03395567     0.96604433
      259     0.03237091     0.96762909
      260     0.03028132     0.96971868
      261     0.03033976     0.96966024
      262     0.03186889     0.96813111
      263     0.03278206     0.96721794
      264     0.03262114     0.96737886
      265     0.03236832     0.96763168
      266     0.03252209     0.96747791
      267     0.03249564     0.96750436
      268     0.03159572     0.96840428
      269     0.02999747     0.97000253
      270     0.02873432     0.97126568
      271     0.02893910     0.97106090
      272     0.03103175     0.96896825
      273     0.03433886     0.96566114
      274     0.03734296     0.96265704
      275     0.03848062     0.96151938
      276     0.03708123     0.96291877
      277     0.03384133     0.96615867
      278     0.03044236     0.96955764
      279     0.02849009     0.97150991
      280     0.02848070     0.97151930
      281     0.02957448     0.97042552
      282     0.03043260     0.96956740
      283     0.03048609     0.96951391
      284     0.03051174     0.96948826
      285     0.03185933     0.96814067
      286     0.03488768     0.96511232
      287     0.03803324     0.96196676
      288     0.03857676     0.96142324
      289     0.03473125     0.96526875
      290     0.02742464     0.97257536
      291     0.02023208     0.97976792
      292     0.01735657     0.98264343
      293     0.02108081     0.97891919
      294     0.03046172     0.96953828
      295     0.04203401     0.95796599
      296     0.05183709     0.94816291
      297     0.05738784     0.94261216
      298     0.05864050     0.94135950
      299     0.05795538     0.94204462
      300     0.05994569     0.94005431
      301     0.07272633     0.92727367
      302     0.11299673     0.88700327
      303     0.21347777     0.78652223
      304     0.39347597     0.60652403
      305     0.58552090     0.41447910
      306     0.71143175     0.28856825
      307     0.77623369     0.22376631
      308     0.80765355     0.19234645
      309     0.82171158     0.17828842
      310     0.82558673     0.17441327
      311     0.82235129     0.17764871
      312     0.81354641     0.18645359
      313     0.80053694     0.19946306
      314     0.78512266     0.21487734
      315     0.76954794     0.23045206
      316     0.75605482     0.24394518
      317     0.74625584     0.25374416
      318     0.74066106     0.25933894
      319     0.73858268     0.26141732
      320     0.73841895     0.26158105
      321     0.73812921     0.26187079
      322     0.73564748     0.26435252
      323     0.72903715     0.27096285
      324     0.71628530     0.28371470
      325     0.69467551     0.30532449
      326     0.65945645     0.34054355
      327     0.60111476     0.39888524
      328     0.50130980     0.49869020
      329     0.34474240     0.65525760
      330     0.19112481     0.80887519
      331     0.12868228     0.87131772
      332     0.13041018     0.86958982
      333     0.14654467     0.85345533
      334     0.16016826     0.83983174
      335     0.16720717     0.83279283
      336     0.16697386     0.83302614
      337     0.16021480     0.83978520
      338     0.14890390     0.85109610
      339     0.13625640     0.86374360
      340     0.12657722     0.87342278
      341     0.12484091     0.87515909
      342     0.13607317     0.86392683
      343     0.16444176     0.83555824
      344     0.21190207     0.78809793
      345     0.27649641     0.72350359
      346     0.35128441     0.64871559
      347     0.42551395     0.57448605
      348     0.48822576     0.51177424
      349     0.53188638     0.46811362
      350     0.55361831     0.44638169
      351     0.55424245     0.44575755
      352     0.53684043     0.46315957
      353     0.50587136     0.49412864
      354     0.46681295     0.53318705
      355     0.42584095     0.57415905
      356     0.38915081     0.61084919
      357     0.36189256     0.63810744
      358     0.34707905     0.65292095
      359     0.34496472     0.65503528
      360     0.35316719     0.64683281
      361     0.36745143     0.63254857
      362     0.38288950     0.61711050
      363     0.39515875     0.60484125
      364     0.40173235     0.59826765
      365     0.40256331     0.59743669
      366     0.39980699     0.60019301
      367     0.39649977     0.60350023
      368     0.39480098     0.60519902
      369     0.39485043     0.60514957
      370     0.39500534     0.60499466
      371     0.39329810     0.60670190
      372     0.38907182     0.61092818
      373     0.38362759     0.61637241
      374     0.37948378     0.62051622
      375     0.37885217     0.62114783
      376     0.38238208     0.61761792
      377     0.38888869     0.61111131
      378     0.39607210     0.60392790
      379     0.40169828     0.59830172
      380     0.40460151     0.59539849
      381     0.40511057     0.59488943
      382     0.40487964     0.59512036
      383     0.40641978     0.59358022
      384     0.41283314     0.58716686
      385     0.42857866     0.57142134
      386     0.46418858     0.53581142
      387     0.57014635     0.42985365
      388     0.99981102     0.00018898
      389     0.53460495     0.46539505
      390     0.41740291     0.58259709
      391     0.37940812     0.62059188
      392     0.36220757     0.63779243
      393     0.35610396     0.64389604
      394     0.35895298     0.64104702
      395     0.37137292     0.62862708
      396     0.39822805     0.60177195
      397     0.46183231     0.53816769
      398     0.61448766     0.38551234
      399     0.67889365     0.32110635
      400     0.66061457     0.33938543
      401     0.63264126     0.36735874
      402     0.60314384     0.39685616
      403     0.57617959     0.42382041
      404     0.55094808     0.44905192
      405     0.53181870     0.46818130
      406     0.52314493     0.47685507
      407     0.52692083     0.47307917
      408     0.54086995     0.45913005
      409     0.55840899     0.44159101
      410     0.57104186     0.42895814
      411     0.57038863     0.42961137
      412     0.54892651     0.45107349
      413     0.54333138     0.45666862
      414     0.54038747     0.45961253
      415     0.54086390     0.45913610
      416     0.54263550     0.45736450
      417     0.54333799     0.45666201
      418     0.54299468     0.45700532
      419     0.54388672     0.45611328
      420     0.54780633     0.45219367
      421     0.55359166     0.44640834
      422     0.55752453     0.44247547
      423     0.55626255     0.44373745
      424     0.54957966     0.45042034
      425     0.54056832     0.45943168
      426     0.53342510     0.46657490
      427     0.53087517     0.46912483
      428     0.53307550     0.46692450
      429     0.53823526     0.46176474
      430     0.54396371     0.45603629
      431     0.54832578     0.45167422
      432     0.55023383     0.44976617
      433     0.54937390     0.45062610
      434     0.54603206     0.45396794
      435     0.54102088     0.45897912
      436     0.53565375     0.46434625
      437     0.53156508     0.46843492
      438     0.53026831     0.46973169
      439     0.53257501     0.46742499
      440     0.53816548     0.46183452
      441     0.54558674     0.45441326
      442     0.55275137     0.44724863
      443     0.55775030     0.44224970
      444     0.55968185     0.44031815
      445     0.55931486     0.44068514
      446     0.55979436     0.44020564
      447     0.56853488     0.43146512
      448     0.60445633     0.39554367
      449     0.71210006     0.28789994
      450     0.81236596     0.18763404
      451     0.80737395     0.19262605
      452     0.79841420     0.20158580
      453     0.79865456     0.20134544
      454     0.79999744     0.20000256
      455     0.79809481     0.20190519
      456     0.79201217     0.20798783
      457     0.78424797     0.21575203
      458     0.77969590     0.22030410
      459     0.78218736     0.21781264
      460     0.79024744     0.20975256
      461     0.79686618     0.20313382
      462     0.79594078     0.20405922
      463     0.78956923     0.21043077
      464     0.78628212     0.21371788
      465     0.79017556     0.20982444
      466     0.79461368     0.20538632
      467     0.79165571     0.20834429
      468     0.78672491     0.21327509
      469     0.79095173     0.20904827
      470     0.79546567     0.20453433
      471     0.78752858     0.21247142
      472     0.78819362     0.21180638
      473     0.79731857     0.20268143
      474     0.78536897     0.21463103
      475     0.79152262     0.20847738
      476     0.79498827     0.20501173
      477     0.78332274     0.21667726
      478     0.79906532     0.20093468
      479     0.78334469     0.21665531
      480     0.79657186     0.20342814
      481     0.78664912     0.21335088
      482     0.79359838     0.20640162
      483     0.78907851     0.21092149
      484     0.79173090     0.20826910
      485     0.79051805     0.20948195
      486     0.79069351     0.20930649
      487     0.79115772     0.20884228
      488     0.79050972     0.20949028
      489     0.79085187     0.20914813
      490     0.79125055     0.20874945
      491     0.78992493     0.21007507
      492     0.79187685     0.20812315
      493     0.79020036     0.20979964
      494     0.79028075     0.20971925
      495     0.79288863     0.20711137
      496     0.78757937     0.21242063
      497     0.79389892     0.20610108
      498     0.78954140     0.21045860
      499     0.78929063     0.21070937
      500     0.79434742     0.20565258
      501     0.78740742     0.21259258
      502     0.79219003     0.20780997
      503     0.79151482     0.20848518
      504     0.78959964     0.21040036
      505     0.79113514     0.20886486
      506     0.79141071     0.20858929
      507     0.79041093     0.20958907
      508     0.79013207     0.20986793
      509     0.79259194     0.20740806
      510     0.78861770     0.21138230
      511     0.79276772     0.20723228
      512     0.78942768     0.21057232
      513     0.79166297     0.20833703
      514     0.79035269     0.20964731
      515     0.79108060     0.20891940
      516     0.79062847     0.20937153
      517     0.79103084     0.20896916
      518     0.79053231     0.20946769
      519     0.79120236     0.20879764
      520     0.79036637     0.20963363
      521     0.79127427     0.20872573
      522     0.79040412     0.20959588
      523     0.79120177     0.20879823
      524     0.79041003     0.20958997
      525     0.79113381     0.20886619
      526     0.79081871     0.20918129
      527     0.79041560     0.20958440
      528     0.79155921     0.20844079
      529     0.79011580     0.20988420
      530     0.79052025     0.20947975
      531     0.79387426     0.20612574
      532     0.78236047     0.21763953
      533     0.80364455     0.19635545
      534     0.77949320     0.22050680
      535     0.79450825     0.20549175
      536     0.79465910     0.20534090
      537     0.78508024     0.21491976
      538     0.79271763     0.20728237
      539     0.79206895     0.20793105
      540     0.79052683     0.20947317
      541     0.79003220     0.20996780
      542     0.79036305     0.20963695
      543     0.79228664     0.20771336
      544     0.79057345     0.20942655
      545     0.79027489     0.20972511
      546     0.79023051     0.20976949
      547     0.79199247     0.20800753
      548     0.79222790     0.20777210
      549     0.78681401     0.21318599
      550     0.79240538     0.20759462
      551     0.79539434     0.20460566
      552     0.78497969     0.21502031
      553     0.78896405     0.21103595
      554     0.79863927     0.20136073
      555     0.78987093     0.21012907
      556     0.78267988     0.21732012
      557     0.79197801     0.20802199
      558     0.79845362     0.20154638
      559     0.79211911     0.20788089
      560     0.78559737     0.21440263
      561     0.78688847     0.21311153
      562     0.79069225     0.20930775
      563     0.79188293     0.20811707
      564     0.79208109     0.20791891
      565     0.79403025     0.20596975
      566     0.79657391     0.20342609
      567     0.79636127     0.20363873
      568     0.79201966     0.20798034
      569     0.78557124     0.21442876
      570     0.78053037     0.21946963
      571     0.77925083     0.22074917
      572     0.78174121     0.21825879
      573     0.78626709     0.21373291
      574     0.79075707     0.20924293
      575     0.79388558     0.20611442
      576     0.79533167     0.20466833
      577     0.79537082     0.20462918
      578     0.79429575     0.20570425
      579     0.79208517     0.20791483
      580     0.78846780     0.21153220
      581     0.78330450     0.21669550
      582     0.77704804     0.22295196
      583     0.77107672     0.22892328
      584     0.76773489     0.23226511
      585     0.76995648     0.23004352
      586     0.78041015     0.21958985
      587     0.80027466     0.19972534
      588     0.82808648     0.17191352
      589     0.85939732     0.14060268
      590     0.88781086     0.11218914
      591     0.90718820     0.09281180
      592     0.91399536     0.08600464
      593     0.90865202     0.09134798
      594     0.89531013     0.10468987
      595     0.88015109     0.11984891
      596     0.86886559     0.13113441
      597     0.86445604     0.13554396
      598     0.86652054     0.13347946
      599     0.87224831     0.12775169
      600     0.87797725     0.12202275
