#    Step        Prob(0)        Prob(1)        
        0     0.00000000     0.00000000
        1     0.00002381     0.00000000
        2     0.00000000     0.00000000
        3     0.00005258     0.00000000
        4     0.00001741     0.00000000
        5     0.00007293     0.00000000
        6     0.00007656     0.00000000
        7     0.00009735     0.00000000
        8     0.00012036     0.00000000
        9     0.00012786     0.00000000
       10     0.00014317     0.00000000
       11     0.00015544     0.00000000
       12     0.00016070     0.00000000
       13     0.00015595     0.00000000
       14     0.00013229     0.00000000
       15     0.00008661     0.00000000
       16     0.00002849     0.00000000
       17     0.00000000     0.00000000
       18     0.00000000     0.00000000
       19     0.00000000     0.00000000
       20     0.00001563     0.00000000
       21     0.00004933     0.00000000
       22     0.00006815     0.00000000
       23     0.00007999     0.00000000
       24     0.00008939     0.00000000
       25     0.00009025     0.00000000
       26     0.00008200     0.00000000
       27     0.00007271     0.00000000
       28     0.00006535     0.00000000
       29     0.00005615     0.00000000
       30     0.00004523     0.00000000
       31     0.00003634     0.00000000
       32     0.00002904     0.00000000
       33     0.00002128     0.00000000
       34     0.00001389     0.00000000
       35     0.00000719     0.00000000
       36     0.00000120     0.00000000
       37     0.00000000     0.00000000
       38     0.00000000     0.00000000
       39     0.00000000     0.00000000
       40     0.00000000     0.00000000
       41     0.00000000     0.00000000
       42     0.00000079     0.00000000
       43     0.00000291     0.00000000
       44     0.00000542     0.00000000
       45     0.00000849     0.00000000
       46     0.00001227     0.00000000
       47     0.00001672     0.00000000
       48     0.00002152     0.00000000
       49     0.00002613     0.00000000
       50     0.00002983     0.00000000
       51     0.00003188     0.00000000
       52     0.00003181     0.00000000
       53     0.00002960     0.00000000
       54     0.00002566     0.00000000
       55     0.00002057     0.00000000
       56     0.00001469     0.00000000
       57     0.00000835     0.00000000
       58     0.00000232     0.00000000
       59     0.00000000     0.00000000
       60     0.00000000     0.00000000
       61     0.00000000     0.00000000
       62     0.00000000     0.00000000
       63     0.00000000     0.00000000
       64     0.00000266     0.00000000
       65     0.00000515     0.00000000
       66     0.00000736     0.00000000
       67     0.00000916     0.00000000
       68     0.00001045     0.00000000
       69     0.00001104     0.00000000
       70     0.00001082     0.00000000
       71     0.00000977     0.00000000
       72     0.00000803     0.00000000
       73     0.00000585     0.00000000
       74     0.00000361     0.00000000
       75     0.00000164     0.00000000
       76     0.00000020     0.00000000
       77     0.00000000     0.00000000
       78     0.00000000     0.00000000
       79     0.00000000     0.00000000
       80     0.00000000     0.00000000
       81     0.00000055     0.00000000
       82     0.00000146     0.00000000
       83     0.00000241     0.00000000
       84     0.00000339     0.00000000
       85     0.00000447     0.00000000
       86     0.00000570     0.00000000
       87     0.00000711     0.00000000
       88     0.00000859     0.00000000
       89     0.00000991     0.00000000
       90     0.00001065     0.00000000
       91     0.00001027     0.00000000
       92     0.00000827     0.00000000
       93     0.00000477     0.00000000
       94     0.00000077     0.00000000
       95     0.00000000     0.00000000
       96     0.00000000     0.00000000
       97     0.00000457     0.00000000
       98     0.00001338     0.00000000
       99     0.00002334     0.00000000
      100     0.00003215     0.00000000
      101     0.00003807     0.00000000
      102     0.00004029     0.00000000
      103     0.00003888     0.00000000
      104     0.00003456     0.00000000
      105     0.00002834     0.00000000
      106     0.00002134     0.00000000
      107     0.00001465     0.00000000
      108     0.00000882     0.00000000
      109     0.00000408     0.00000000
      110     0.00000043     0.00000000
      111     0.00000000     0.00000000
      112     0.00000000     0.00000000
      113     0.00000000     0.00000000
      114     0.00000000     0.00000000
      115     0.00000096     0.00000000
      116     0.00000414     0.00000000
      117     0.00000747     0.00000000
      118     0.00001060     0.00000000
      119     0.00001337     0.00000000
      120     0.00001572     0.00000000
      121     0.00001762     0.00000000
      122     0.00001907     0.00000000
      123     0.00002016     0.00000000
      124     0.00002110     0.00000000
      125     0.00002219     0.00000000
      126     0.00002377     0.00000000
      127     0.00002638     0.00000000
      128     0.00003059     0.00000000
      129     0.00003699     0.00000000
      130     0.00004602     0.00000000
      131     0.00005763     0.00000000
      132     0.00007063     0.00000000
      133     0.00008203     0.00000000
      134     0.00008672     0.00000000
      135     0.00007866     0.00000000
      136     0.00005468     0.00000000
      137     0.00001983     0.00000000
      138     0.00000000     0.00000000
      139     0.00000000     0.00000000
      140     0.00000000     0.00000000
      141     0.00002555     0.00000000
      142     0.00005848     0.00000000
      143     0.00008361     0.00000000
      144     0.00009629     0.00000000
      145     0.00009567     0.00000000
      146     0.00008568     0.00000000
      147     0.00007153     0.00000000
      148     0.00005617     0.00000000
      149     0.00004165     0.00000000
      150     0.00002971     0.00000000
      151     0.00002031     0.00000000
      152     0.00001283     0.00000000
      153     0.00000700     0.00000000
      154     0.00000273     0.00000000
      155     0.00000007     0.00000000
      156     0.00000000     0.00000000
      157     0.00000000     0.00000000
      158     0.00000000     0.00000000
      159     0.00000000     0.00000000
      160     0.00000000     0.00000000
      161     0.00000004     0.00000000
      162     0.00000009     0.00000000
      163     0.00000012     0.00000000
      164     0.00000022     0.00000000
      165     0.00000044     0.00000000
      166     0.00000095     0.00000000
      167     0.00000197     0.00000000
      168     0.00000386     0.00000000
      169     0.00000711     0.00000000
      170     0.00001229     0.00000000
      171     0.00002033     0.00000000
      172     0.00003256     0.00000000
      173     0.00005070     0.00000000
      174     0.00007635     0.00000000
      175     0.00011012     0.00000000
      176     0.00015032     0.00000000
      177     0.00019158     0.00000000
      178     0.00022356     0.00000000
      179     0.00023202     0.00000000
      180     0.00020468     0.00000000
      181     0.00014105     0.00000000
      182     0.00005890     0.00000000
      183     0.00000000     0.00000000
      184     0.00000000     0.00000000
      185     0.00000000     0.00000000
      186     0.00000000     0.00000000
      187     0.00004381     0.00000000
      188     0.00008466     0.00000000
      189     0.00010570     0.00000000
      190     0.00010331     0.00000000
      191     0.00008419     0.00000000
      192     0.00005992     0.00000000
      193     0.00003969     0.00000000
      194     0.00002638     0.00000000
      195     0.00001818     0.00000000
      196     0.00001247     0.00000000
      197     0.00000781     0.00000000
      198     0.00000421     0.00000000
      199     0.00000196     0.00000000
      200     0.00000074     0.00000000
      201     0.00000000     0.00000000
      202     0.00000000     0.00000000
      203     0.00000000     0.00000000
      204     0.00000000     0.00000000
      205     0.00000000     0.00000000
      206     0.00000150     0.00000000
      207     0.00000502     0.00000000
      208     0.00001126     0.00000000
      209     0.00002121     0.00000000
      210     0.00003557     0.00000000
      211     0.00005473     0.00000000
      212     0.00007918     0.00000000
      213     0.00011036     0.00000000
      214     0.00015181     0.00000000
      215     0.00020973     0.00000000
      216     0.00029420     0.00000000
      217     0.00041934     0.00000000
      218     0.00060292     0.00000000
      219     0.00086545     0.00000000
      220     0.00122079     0.00000000
      221     0.00165919     0.00000000
      222     0.00212205     0.00000000
      223     0.00243780     0.00000000
      224     0.00226428     0.00000000
      225     0.00112339     0.00000000
      226     0.00000000     0.00000000
      227     0.00648914     0.00000000
      228     0.14858328     0.00000000
      229     0.58780319     0.00000000
      230     0.35538152     0.00000000
      231     0.00000000     0.00000000
      232     0.00000000     0.00000000
      233     0.00000000     0.00000000
      234     0.00000000     0.00097506
      235     0.00000000     0.00090787
      236     0.00000000     0.00000000
      237     0.00000000     0.00000000
      238     0.00000000     0.00000000
      239     0.00000000     0.00000000
      240     0.00000000     0.00000000
      241     0.00000000     0.00032809
      242     0.00000000     0.00055954
      243     0.00000000     0.00034458
      244     0.00000000     0.00000000
      245     0.00000000     0.00000000
      246     0.00000000     0.00000000
      247     0.00000000     0.00018026
      248     0.00000000     0.00018139
      249     0.00000000     0.00010064
      250     0.00000000     0.00012774
      251     0.00000000     0.00019493
      252     0.00000000     0.00021846
      253     0.00000000     0.00024114
      254     0.00000000     0.00027239
      255     0.00000000     0.00028676
      256     0.00000000     0.00027361
      257     0.00000000     0.00021688
      258     0.00000000     0.00012110
      259     0.00000000     0.00003785
      260     0.00000000     0.00000196
      261     0.00000000     0.00000000
      262     0.00000000     0.00000000
      263     0.00000000     0.00000000
      264     0.00000000     0.00000000
      265     0.00000000     0.00000000
      266     0.00000000     0.00000018
      267     0.00000000     0.00000072
      268     0.00000000     0.00000094
      269     0.00000000     0.00000094
      270     0.00000000     0.00000079
      271     0.00000000     0.00000059
      272     0.00000000     0.00000040
      273     0.00000000     0.00000024
      274     0.00000000     0.00000013
      275     0.00000000     0.00000006
      276     0.00000000     0.00000003
      277     0.00000000     0.00000003
      278     0.00000000     0.00000003
      279     0.00000000     0.00000004
      280     0.00000000     0.00000007
      281     0.00000000     0.00000010
      282     0.00000000     0.00000012
      283     0.00000000     0.00000012
      284     0.00000000     0.00000007
      285     0.00000000     0.00000001
      286     0.00000000     0.00000000
      287     0.00000000     0.00000007
      288     0.00000000     0.00000028
      289     0.00000000     0.00000058
      290     0.00000000     0.00000086
      291     0.00000000     0.00000101
      292     0.00000000     0.00000094
      293     0.00000000     0.00000068
      294     0.00000000     0.00000031
      295     0.00000000     0.00000000
      296     0.00000000     0.00000000
      297     0.00000000     0.00000009
      298     0.00000000     0.00000069
      299     0.00000000     0.00000168
      300     0.00000000     0.00000299
      301     0.00000000     0.00000452
      302     0.00000000     0.00000608
      303     0.00000000     0.00000741
      304     0.00000000     0.00000817
      305     0.00000000     0.00000809
      306     0.00000000     0.00000709
      307     0.00000000     0.00000545
      308     0.00000000     0.00000363
      309     0.00000000     0.00000206
      310     0.00000000     0.00000095
      311     0.00000000     0.00000027
      312     0.00000000     0.00000000
      313     0.00000000     0.00000000
      314     0.00000000     0.00000000
      315     0.00000000     0.00000000
      316     0.00000000     0.00000000
      317     0.00000000     0.00000000
      318     0.00000000     0.00000000
      319     0.00000000     0.00000000
      320     0.00000000     0.00000000
      321     0.00000000     0.00000000
      322     0.00000000     0.00000000
      323     0.00000000     0.00000005
      324     0.00000000     0.00000022
      325     0.00000000     0.00000064
      326     0.00000000     0.00000145
      327     0.00000000     0.00000273
      328     0.00000000     0.00000449
      329     0.00000000     0.00000655
      330     0.00000000     0.00000854
      331     0.00000000     0.00001002
      332     0.00000000     0.00001059
      333     0.00000000     0.00001018
      334     0.00000000     0.00000900
      335     0.00000000     0.00000747
      336     0.00000000     0.00000599
      337     0.00000000     0.00000476
      338     0.00000000     0.00000385
      339     0.00000000     0.00000327
      340     0.00000000     0.00000294
      341     0.00000000     0.00000280
      342     0.00000000     0.00000277
      343     0.00000000     0.00000276
      344     0.00000000     0.00000265
      345     0.00000000     0.00000235
      346     0.00000000     0.00000180
      347     0.00000000     0.00000106
      348     0.00000000     0.00000032
      349     0.00000000     0.00000000
      350     0.00000000     0.00000014
      351     0.00000000     0.00000134
      352     0.00000000     0.00000358
      353     0.00000000     0.00000679
      354     0.00000000     0.00001077
      355     0.00000000     0.00001531
      356     0.00000000     0.00002044
      357     0.00000000     0.00002634
      358     0.00000000     0.00003309
      359     0.00000000     0.00004050
      360     0.00000000     0.00004776
      361     0.00000000     0.00005344
      362     0.00000000     0.00005598
      363     0.00000000     0.00005416
      364     0.00000000     0.00004774
      365     0.00000000     0.00003779
      366     0.00000000     0.00002608
      367     0.00000000     0.00001516
      368     0.00000000     0.00000695
      369     0.00000000     0.00000204
      370     0.00000000     0.00000000
      371     0.00000000     0.00000000
      372     0.00000000     0.00000000
      373     0.00000000     0.00000000
      374     0.00000000     0.00000000
      375     0.00000000     0.00000000
      376     0.00000000     0.00000002
      377     0.00000000     0.00000020
      378     0.00000000     0.00000044
      379     0.00000000     0.00000084
      380     0.00000000     0.00000143
      381     0.00000000     0.00000220
      382     0.00000000     0.00000308
      383     0.00000000     0.00000387
      384     0.00000000     0.00000438
      385     0.00000000     0.00000450
      386     0.00000000     0.00000423
      387     0.00000000     0.00000367
      388     0.00000000     0.00000297
      389     0.00000000     0.00000225
      390     0.00000000     0.00000159
      391     0.00000000     0.00000104
      392     0.00000000     0.00000062
      393     0.00000000     0.00000033
      394     0.00000000     0.00000016
      395     0.00000000     0.00000008
      396     0.00000000     0.00000005
      397     0.00000000     0.00000005
      398     0.00000000     0.00000006
      399     0.00000000     0.00000006
      400     0.00000000     0.00000004
      401     0.00000000     0.00000001
      402     0.00000000     0.00000000
      403     0.00000000     0.00000002
      404     0.00000000     0.00000015
      405     0.00000000     0.00000043
      406     0.00000000     0.00000091
      407     0.00000000     0.00000164
      408     0.00000000     0.00000257
      409     0.00000000     0.00000338
      410     0.00000000     0.00000299
      411     0.00000000     0.00000000
      412     0.00000000     0.00000245
      413     0.00000000     0.00000703
      414     0.00000000     0.00000000
      415     0.00000000     0.00000000
      416     0.00000000     0.00000033
      417     0.00000000     0.00000091
      418     0.00000000     0.00000135
      419     0.00000000     0.00000152
      420     0.00000000     0.00000116
      421     0.00000000     0.00000006
      422     0.00000000     0.00000000
      423     0.00000000     0.00000000
      424     0.00000000     0.00000000
      425     0.00000000     0.00000000
      426     0.00000000     0.00000000
      427     0.00000000     0.00000003
      428     0.00000000     0.00000272
      429     0.00000000     0.00000000
      430     0.00000000     0.00000022
      431     0.00000000     0.00000000
      432     0.00000000     0.00000000
      433     0.00000000     0.00000000
      434     0.00000000     0.00000000
      435     0.00000000     0.00000000
      436     0.00000000     0.00000000
      437     0.00000000     0.00000000
      438     0.00000000     0.00000000
      439     0.00000000     0.00000000
      440     0.00000000     0.00000002
      441     0.00000000     0.00000010
      442     0.00000000     0.00000013
      443     0.00000000     0.00000002
      444     0.00000000     0.00000000
      445     0.00000000     0.00000000
      446     0.00000000     0.00000000
      447     0.00000000     0.00000000
      448     0.00000000     0.00000000
      449     0.00000000     0.00000033
      450     0.00000000     0.00000176
      451     0.00000000     0.00000476
      452     0.00000000     0.00000230
      453     0.00000000     0.00000000
      454     0.00000000     0.00000000
      455     0.00000000     0.00000000
      456     0.00000000     0.00000000
      457     0.00000000     0.00000013
      458     0.00000000     0.00000019
      459     0.00000000     0.00000017
      460     0.00000000     0.00000015
      461     0.00000000     0.00000016
      462     0.00000000     0.00000020
      463     0.00000000     0.00000019
      464     0.00000000     0.00000000
      465     0.00000000     0.00000000
      466     0.00000000     0.00000000
      467     0.00000000     0.00000000
      468     0.00000000     0.00000000
      469     0.00000000     0.00000007
      470     0.00000000     0.00000017
      471     0.00000000     0.00000026
      472     0.00000000     0.00000027
      473     0.00000000     0.00000014
      474     0.00000000     0.00000000
      475     0.00000000     0.00000000
      476     0.00000000     0.00000443
      477     0.00000000     0.00000749
      478     0.00000000     0.00000000
      479     0.00000000     0.00000000
      480     0.00000000     0.00000000
      481     0.00000000     0.00000000
      482     0.00000000     0.00000000
      483     0.00000000     0.00000000
      484     0.00000000     0.00000000
      485     0.00000000     0.00000000
      486     0.00000000     0.00000000
      487     0.00000000     0.00000001
      488     0.00000000     0.00000002
      489     0.00000000     0.00000002
      490     0.00000000     0.00000003
      491     0.00000000     0.00000003
      492     0.00000000     0.00000002
      493     0.00000000     0.00000002
      494     0.00000000     0.00000002
      495     0.00000000     0.00000001
      496     0.00000000     0.00000000
      497     0.00000000     0.00000000
      498     0.00000000     0.00000000
      499     0.00000000     0.00000000
      500     0.00000000     0.00000001
      501     0.00000000     0.00000003
      502     0.00000000     0.00000005
      503     0.00000000     0.00000009
      504     0.00000000     0.00000012
      505     0.00000000     0.00000014
      506     0.00000000     0.00000015
      507     0.00000000     0.00000014
      508     0.00000000     0.00000012
      509     0.00000000     0.00000008
      510     0.00000000     0.00000004
      511     0.00000000     0.00000001
      512     0.00000000     0.00000000
      513     0.00000000     0.00000000
      514     0.00000000     0.00000004
      515     0.00000000     0.00000033
      516     0.00000000     0.00000058
      517     0.00000000     0.00000000
      518     0.00000000     0.00000007
      519     0.00000000     0.00000000
      520     0.00000000     0.00000001
      521     0.00000000     0.00000000
      522     0.00000000     0.00000000
      523     0.00000000     0.00000000
      524     0.00000000     0.00000000
      525     0.00000000     0.00000000
      526     0.00000000     0.00000000
      527     0.00000000     0.00000000
      528     0.00000000     0.00000000
      529     0.00000000     0.00000001
      530     0.00000000     0.00000004
      531     0.00000000     0.00000006
      532     0.00000000     0.00000010
      533     0.00000000     0.00000013
      534     0.00000000     0.00000016
      535     0.00000000     0.00000017
      536     0.00000000     0.00000016
      537     0.00000000     0.00000013
      538     0.00000000     0.00000009
      539     0.00000000     0.00000005
      540     0.00000000     0.00000003
      541     0.00000000     0.00000002
      542     0.00000000     0.00000002
      543     0.00000000     0.00000001
      544     0.00000000     0.00000001
      545     0.00000000     0.00000002
      546     0.00000000     0.00000002
      547     0.00000000     0.00000002
      548     0.00000000     0.00000002
      549     0.00000000     0.00000002
      550     0.00000000     0.00000001
      551     0.00000000     0.00000000
      552     0.00000000     0.00000000
      553     0.00000000     0.00000000
      554     0.00000000     0.00000000
      555     0.00000000     0.00000000
      556     0.00000000     0.00000000
      557     0.00000000     0.00000000
      558     0.00000000     0.00000000
      559     0.00000000     0.00000000
      560     0.00000000     0.00000000
      561     0.00000000     0.00000000
      562     0.00000000     0.00000000
      563     0.00000000     0.00000000
      564     0.00000000     0.00000000
      565     0.00000000     0.00000000
      566     0.00000000     0.00000000
      567     0.00000000     0.00000001
      568     0.00000000     0.00000001
      569     0.00000000     0.00000002
      570     0.00000000     0.00000003
      571     0.00000000     0.00000005
      572     0.00000000     0.00000007
      573     0.00000000     0.00000009
      574     0.00000000     0.00000010
      575     0.00000000     0.00000012
      576     0.00000000     0.00000013
      577     0.00000000     0.00000014
      578     0.00000000     0.00000015
      579     0.00000000     0.00000016
      580     0.00000000     0.00000017
      581     0.00000000     0.00000017
      582     0.00000000     0.00000016
      583     0.00000000     0.00000014
      584     0.00000000     0.00000011
      585     0.00000000     0.00000008
      586     0.00000000     0.00000005
      587     0.00000000     0.00000003
      588     0.00000000     0.00000002
      589     0.00000000     0.00000002
      590     0.00000000     0.00000002
      591     0.00000000     0.00000003
      592     0.00000000     0.00000003
      593     0.00000000     0.00000003
      594     0.00000000     0.00000003
      595     0.00000000     0.00000001
      596     0.00000000     0.00000000
      597     0.00000000     0.00000000
      598     0.00000000     0.00000000
      599     0.00000000     0.00000000
      600     0.00000000     0.00000000
