#    Step     Kinetic(H)     Potential(H)   Total(H)       E(0)(H)        E(1)(H)        
        0     0.01206638   -16.41357098   -16.40150460   -16.54478287   -16.41357098
        1     0.01260419   -16.41411373   -16.40150954   -16.54531069   -16.41411373
        2     0.01491960   -16.41646331   -16.40154371   -16.54669480   -16.41646331
        3     0.01847758   -16.42007859   -16.40160101   -16.54844010   -16.42007859
        4     0.02240420   -16.42406938   -16.40166518   -16.54974628   -16.42406938
        5     0.02574952   -16.42746034   -16.40171082   -16.54976807   -16.42746034
        6     0.02786857   -16.42958260   -16.40171403   -16.54800033   -16.42958260
        7     0.02875165   -16.43042224   -16.40167059   -16.54461056   -16.43042224
        8     0.02904304   -16.43065288   -16.40160984   -16.54045047   -16.43065288
        9     0.02960695   -16.43118537   -16.40157842   -16.53658501   -16.43118537
       10     0.03087438   -16.43247642   -16.40160204   -16.53359020   -16.43247642
       11     0.03249368   -16.43415514   -16.40166146   -16.53118113   -16.43415514
       12     0.03358977   -16.43530187   -16.40171210   -16.52849856   -16.43530187
       13     0.03338133   -16.43510432   -16.40172299   -16.52477556   -16.43510432
       14     0.03164281   -16.43333619   -16.40169338   -16.51982410   -16.43333619
       15     0.02875464   -16.43039702   -16.40164238   -16.51407930   -16.43039702
       16     0.02545390   -16.42704461   -16.40159071   -16.50833204   -16.42704461
       17     0.02252120   -16.42407369   -16.40155249   -16.50340545   -16.42407369
       18     0.02055036   -16.42208476   -16.40153440   -16.49992055   -16.42208476
       19     0.01983120   -16.42136871   -16.40153751   -16.49817787   -16.42136871
       20     0.02032029   -16.42188029   -16.40156000   -16.49812891   -16.42188029
       21     0.02167026   -16.42326743   -16.40159717   -16.49940459   -16.42326743
       22     0.02331172   -16.42495196   -16.40164024   -16.50139625   -16.42495196
       23     0.02460201   -16.42627708   -16.40167507   -16.50340500   -16.42627708
       24     0.02505042   -16.42673427   -16.40168385   -16.50487195   -16.42673427
       25     0.02457639   -16.42623140   -16.40165501   -16.50565117   -16.42623140
       26     0.02365154   -16.42524922   -16.40159768   -16.50617145   -16.42524922
       27     0.02312955   -16.42467612   -16.40154657   -16.50727532   -16.42467612
       28     0.02374187   -16.42528139   -16.40153952   -16.50969408   -16.42528139
       29     0.02557800   -16.42716159   -16.40158359   -16.51349259   -16.42716159
       30     0.02798935   -16.42963787   -16.40164852   -16.51796257   -16.42963787
       31     0.03000719   -16.43170153   -16.40169434   -16.52206281   -16.43170153
       32     0.03091319   -16.43261472   -16.40170153   -16.52501532   -16.43261472
       33     0.03054916   -16.43222474   -16.40167558   -16.52661723   -16.43222474
       34     0.02926687   -16.43090128   -16.40163441   -16.52717863   -16.43090128
       35     0.02767794   -16.42927322   -16.40159528   -16.52726238   -16.42927322
       36     0.02639090   -16.42795974   -16.40156884   -16.52742012   -16.42795974
       37     0.02582812   -16.42738873   -16.40156061   -16.52801630   -16.42738873
       38     0.02612978   -16.42770170   -16.40157192   -16.52913913   -16.42770170
       39     0.02712461   -16.42872631   -16.40160170   -16.53057849   -16.42872631
       40     0.02835707   -16.43000117   -16.40164410   -16.53185533   -16.43000117
       41     0.02919218   -16.43087870   -16.40168652   -16.53232705   -16.43087870
       42     0.02902626   -16.43073538   -16.40170912   -16.53139813   -16.43073538
       43     0.02758947   -16.42928153   -16.40169206   -16.52882689   -16.42928153
       44     0.02521016   -16.42684349   -16.40163333   -16.52500203   -16.42684349
       45     0.02279927   -16.42436170   -16.40156243   -16.52093313   -16.42436170
       46     0.02139975   -16.42292745   -16.40152770   -16.51777982   -16.42292745
       47     0.02151073   -16.42306684   -16.40155611   -16.51613013   -16.42306684
       48     0.02272269   -16.42434938   -16.40162669   -16.51560656   -16.42434938
       49     0.02400150   -16.42569217   -16.40169067   -16.51517091   -16.42569217
       50     0.02436438   -16.42607789   -16.40171351   -16.51384465   -16.42607789
       51     0.02339745   -16.42509044   -16.40169299   -16.51124720   -16.42509044
       52     0.02133725   -16.42298431   -16.40164706   -16.50766697   -16.42298431
       53     0.01883600   -16.42043246   -16.40159646   -16.50380965   -16.42043246
       54     0.01665714   -16.41821197   -16.40155483   -16.50048293   -16.41821197
       55     0.01544404   -16.41697421   -16.40153017   -16.49836514   -16.41697421
       56     0.01557986   -16.41710659   -16.40152673   -16.49786514   -16.41710659
       57     0.01711127   -16.41865763   -16.40154636   -16.49904557   -16.41865763
       58     0.01972242   -16.42130963   -16.40158721   -16.50159400   -16.42130963
       59     0.02277768   -16.42441823   -16.40164055   -16.50486151   -16.42441823
       60     0.02547075   -16.42715995   -16.40168920   -16.50801040   -16.42715995
       61     0.02709319   -16.42880422   -16.40171103   -16.51028731   -16.42880422
       62     0.02735892   -16.42904937   -16.40169045   -16.51136151   -16.42904937
       63     0.02660466   -16.42823965   -16.40163499   -16.51154462   -16.42823965
       64     0.02565041   -16.42722982   -16.40157941   -16.51165742   -16.42722982
       65     0.02529565   -16.42685894   -16.40156329   -16.51250464   -16.42685894
       66     0.02577273   -16.42736960   -16.40159687   -16.51429325   -16.42736960
       67     0.02660192   -16.42825497   -16.40165305   -16.51647793   -16.42825497
       68     0.02695692   -16.42865039   -16.40169347   -16.51815089   -16.42865039
       69     0.02621008   -16.42790744   -16.40169736   -16.51861571   -16.42790744
       70     0.02425520   -16.42592362   -16.40166842   -16.51771872   -16.42592362
       71     0.02148389   -16.42310798   -16.40162409   -16.51581789   -16.42310798
       72     0.01854847   -16.42013024   -16.40158177   -16.51353647   -16.42013024
       73     0.01609949   -16.41765168   -16.40155219   -16.51149796   -16.41765168
       74     0.01460607   -16.41614586   -16.40153979   -16.51015039   -16.41614586
       75     0.01427302   -16.41581809   -16.40154507   -16.50968767   -16.41581809
       76     0.01502444   -16.41659107   -16.40156663   -16.51003599   -16.41659107
       77     0.01652876   -16.41812943   -16.40160067   -16.51087738   -16.41812943
       78     0.01827035   -16.41990902   -16.40163867   -16.51171703   -16.41990902
       79     0.01969722   -16.42136302   -16.40166580   -16.51202622   -16.42136302
       80     0.02045006   -16.42211550   -16.40166544   -16.51147243   -16.42211550
       81     0.02058489   -16.42221808   -16.40163319   -16.51015227   -16.42221808
       82     0.02060664   -16.42219468   -16.40158804   -16.50863320   -16.42219468
       83     0.02117913   -16.42274377   -16.40156464   -16.50765395   -16.42274377
       84     0.02263866   -16.42422430   -16.40158564   -16.50760974   -16.42422430
       85     0.02468812   -16.42632791   -16.40163979   -16.50822526   -16.42632791
       86     0.02654607   -16.42823900   -16.40169293   -16.50871646   -16.42823900
       87     0.02742083   -16.42913722   -16.40171639   -16.50829442   -16.42913722
       88     0.02693243   -16.42863602   -16.40170359   -16.50660533   -16.42863602
       89     0.02523662   -16.42690268   -16.40166606   -16.50385065   -16.42690268
       90     0.02288075   -16.42450119   -16.40162044   -16.50062943   -16.42450119
       91     0.02055765   -16.42213820   -16.40158055   -16.49768267   -16.42213820
       92     0.01888424   -16.42043999   -16.40155575   -16.49566860   -16.42043999
       93     0.01824627   -16.41979765   -16.40155138   -16.49500540   -16.41979765
       94     0.01871073   -16.42027944   -16.40156871   -16.49578161   -16.42027944
       95     0.02001054   -16.42161409   -16.40160355   -16.49773758   -16.42161409
       96     0.02161961   -16.42326443   -16.40164482   -16.50033820   -16.42326443
       97     0.02293553   -16.42461034   -16.40167481   -16.50295612   -16.42461034
       98     0.02355018   -16.42522538   -16.40167520   -16.50515023   -16.42522538
       99     0.02350451   -16.42514464   -16.40164013   -16.50693635   -16.42514464
      100     0.02334561   -16.42493312   -16.40158751   -16.50885859   -16.42493312
      101     0.02384770   -16.42540116   -16.40155346   -16.51170631   -16.42540116
      102     0.02549615   -16.42706260   -16.40156645   -16.51597080   -16.42706260
      103     0.02809291   -16.42971570   -16.40162279   -16.52142287   -16.42971570
      104     0.03080472   -16.43249495   -16.40169023   -16.52715832   -16.43249495
      105     0.03261508   -16.43434844   -16.40173336   -16.53207116   -16.43434844
      106     0.03283698   -16.43457295   -16.40173597   -16.53538590   -16.43457295
      107     0.03137236   -16.43307642   -16.40170406   -16.53692126   -16.43307642
      108     0.02865546   -16.43031043   -16.40165497   -16.53702722   -16.43031043
      109     0.02540942   -16.42701558   -16.40160616   -16.53633745   -16.42701558
      110     0.02237950   -16.42394895   -16.40156945   -16.53550548   -16.42394895
      111     0.02013791   -16.42168887   -16.40155096   -16.53501863   -16.42168887
      112     0.01897582   -16.42052853   -16.40155271   -16.53510097   -16.42052853
      113     0.01886542   -16.42043917   -16.40157375   -16.53568184   -16.42043917
      114     0.01948133   -16.42109016   -16.40160883   -16.53641637   -16.42109016
      115     0.02029805   -16.42194373   -16.40164568   -16.53677380   -16.42194373
      116     0.02078713   -16.42245350   -16.40166637   -16.53622669   -16.42245350
      117     0.02068251   -16.42233836   -16.40165585   -16.53451889   -16.42233836
      118     0.02018607   -16.42180096   -16.40161489   -16.53188466   -16.42180096
      119     0.01993114   -16.42149772   -16.40156658   -16.52902520   -16.42149772
      120     0.02063497   -16.42217914   -16.40154417   -16.52675393   -16.42217914
      121     0.02262780   -16.42419363   -16.40156583   -16.52549873   -16.42419363
      122     0.02559592   -16.42721672   -16.40162080   -16.52502475   -16.42721672
      123     0.02872635   -16.43040601   -16.40167966   -16.52458292   -16.43040601
      124     0.03112415   -16.43284003   -16.40171588   -16.52334539   -16.43284003
      125     0.03220917   -16.43392863   -16.40171946   -16.52081510   -16.43392863
      126     0.03188707   -16.43358307   -16.40169600   -16.51699520   -16.43358307
      127     0.03048604   -16.43214504   -16.40165900   -16.51231652   -16.43214504
      128     0.02856759   -16.43018899   -16.40162140   -16.50743686   -16.43018899
      129     0.02671854   -16.42831179   -16.40159325   -16.50302745   -16.42831179
      130     0.02538630   -16.42696697   -16.40158067   -16.49960374   -16.42696697
      131     0.02477843   -16.42636420   -16.40158577   -16.49742208   -16.42636420
      132     0.02483021   -16.42643645   -16.40160624   -16.49644468   -16.42643645
      133     0.02524823   -16.42688246   -16.40163423   -16.49638060   -16.42688246
      134     0.02564008   -16.42729656   -16.40165648   -16.49681479   -16.42729656
      135     0.02572086   -16.42737908   -16.40165822   -16.49741955   -16.42737908
      136     0.02552024   -16.42715366   -16.40163342   -16.49817504   -16.42715366
      137     0.02543776   -16.42703414   -16.40159638   -16.49944182   -16.42703414
      138     0.02602089   -16.42759735   -16.40157646   -16.50174001   -16.42759735
      139     0.02754481   -16.42914084   -16.40159603   -16.50531179   -16.42914084
      140     0.02970929   -16.43135792   -16.40164863   -16.50979738   -16.43135792
      141     0.03173030   -16.43343432   -16.40170402   -16.51432837   -16.43343432
      142     0.03276640   -16.43449880   -16.40173240   -16.51797221   -16.43449880
      143     0.03235157   -16.43407550   -16.40172393   -16.52017831   -16.43407550
      144     0.03056306   -16.43225125   -16.40168819   -16.52094233   -16.43225125
      145     0.02790788   -16.42954928   -16.40164140   -16.52068163   -16.42954928
      146     0.02508378   -16.42668181   -16.40159803   -16.51999492   -16.42668181
      147     0.02275468   -16.42432216   -16.40156748   -16.51944495   -16.42432216
      148     0.02139096   -16.42294668   -16.40155572   -16.51941203   -16.42294668
      149     0.02116880   -16.42273446   -16.40156566   -16.52000386   -16.42273446
      150     0.02192690   -16.42352278   -16.40159588   -16.52101813   -16.42352278
      151     0.02320336   -16.42484072   -16.40163736   -16.52197863   -16.42484072
      152     0.02438281   -16.42605668   -16.40167387   -16.52228065   -16.42605668
      153     0.02495067   -16.42663658   -16.40168591   -16.52144194   -16.42663658
      154     0.02477261   -16.42643474   -16.40166213   -16.51938338   -16.42643474
      155     0.02423684   -16.42584850   -16.40161166   -16.51657222   -16.42584850
      156     0.02410581   -16.42566899   -16.40156318   -16.51386352   -16.42566899
      157     0.02508775   -16.42663719   -16.40154944   -16.51205098   -16.42663719
      158     0.02737151   -16.42895465   -16.40158314   -16.51137720   -16.42895465
      159     0.03044983   -16.43209661   -16.40164678   -16.51135043   -16.43209661
      160     0.03337004   -16.43507501   -16.40170497   -16.51101301   -16.43507501
      161     0.03523843   -16.43696804   -16.40172961   -16.50947644   -16.43696804
      162     0.03564254   -16.43735692   -16.40171438   -16.50636189   -16.43735692
      163     0.03476374   -16.43643682   -16.40167308   -16.50191242   -16.43643682
      164     0.03319332   -16.43482046   -16.40162714   -16.49679482   -16.43482046
      165     0.03162560   -16.43321832   -16.40159272   -16.49177662   -16.43321832
      166     0.03060188   -16.43217873   -16.40157685   -16.48746171   -16.43217873
      167     0.03038478   -16.43196426   -16.40157948   -16.48416249   -16.43196426
      168     0.03094681   -16.43254383   -16.40159702   -16.48188783   -16.43254383
      169     0.03202130   -16.43364612   -16.40162482   -16.48039289   -16.43364612
      170     0.03318255   -16.43483858   -16.40165603   -16.47925529   -16.43483858
      171     0.03396495   -16.43564490   -16.40167995   -16.47799033   -16.43564490
      172     0.03404014   -16.43572254   -16.40168240   -16.47622863   -16.43572254
      173     0.03341883   -16.43507324   -16.40165441   -16.47392861   -16.43507324
      174     0.03255972   -16.43416310   -16.40160338   -16.47150209   -16.43416310
      175     0.03223939   -16.43379470   -16.40155531   -16.46969298   -16.43379470
      176     0.03316378   -16.43470501   -16.40154123   -16.46918255   -16.43470501
      177     0.03552895   -16.43710278   -16.40157383   -16.47013208   -16.43710278
      178     0.03884790   -16.44048420   -16.40163630   -16.47200057   -16.44048420
      179     0.04219088   -16.44388578   -16.40169490   -16.47379632   -16.44388578
      180     0.04466521   -16.44638887   -16.40172366   -16.47457774   -16.44638887
      181     0.04580758   -16.44752408   -16.40171650   -16.47385373   -16.44752408
      182     0.04570119   -16.44738380   -16.40168261   -16.47169306   -16.44738380
      183     0.04484977   -16.44648773   -16.40163796   -16.46858926   -16.44648773
      184     0.04394421   -16.44554141   -16.40159720   -16.46522090   -16.44554141
      185     0.04362852   -16.44519997   -16.40157145   -16.46221922   -16.44519997
      186     0.04431234   -16.44588012   -16.40156778   -16.45998587   -16.44588012
      187     0.04605925   -16.44764665   -16.40158740   -16.45858751   -16.44764665
      188     0.04856907   -16.45019464   -16.40162557   -16.45775370   -16.45019464
      189     0.05122998   -16.45291765   -16.40168767   -16.45702074   -16.45291765
      190     0.05443759   -16.45648693   -16.40204934   -16.45648693   -16.45456642
      191     0.05528135   -16.45767492   -16.40239357   -16.45767492   -16.45303843
      192     0.05642986   -16.45881810   -16.40238824   -16.45881810   -16.45029083
      193     0.05740771   -16.45976304   -16.40235533   -16.45976304   -16.44718872
      194     0.05866230   -16.46099428   -16.40233198   -16.46099428   -16.44434257
      195     0.06052208   -16.46285871   -16.40233663   -16.46285871   -16.44215006
      196     0.06291546   -16.46528257   -16.40236711   -16.46528257   -16.44056465
      197     0.06540214   -16.46780488   -16.40240274   -16.46780488   -16.43913774
      198     0.06745983   -16.46988161   -16.40242178   -16.46988161   -16.43732634
      199     0.06879741   -16.47121376   -16.40241635   -16.47121376   -16.43482345
      200     0.06947783   -16.47187209   -16.40239426   -16.47187209   -16.43168495
      201     0.06982475   -16.47219338   -16.40236863   -16.47219338   -16.42822768
      202     0.07023824   -16.47258704   -16.40234880   -16.47258704   -16.42483775
      203     0.07104210   -16.47338079   -16.40233869   -16.47338079   -16.42181787
      204     0.07240996   -16.47474868   -16.40233872   -16.47474868   -16.41931679
      205     0.07435226   -16.47669985   -16.40234759   -16.47669985   -16.41731923
      206     0.07673374   -16.47909671   -16.40236297   -16.47909671   -16.41566472
      207     0.07931255   -16.48169355   -16.40238100   -16.48169355   -16.41408622
      208     0.08180575   -16.48420144   -16.40239569   -16.48420144   -16.41227361
      209     0.08398643   -16.48638589   -16.40239946   -16.48638589   -16.40996884
      210     0.08579313   -16.48818054   -16.40238741   -16.48818054   -16.40707616
      211     0.08739544   -16.48975809   -16.40236265   -16.48975809   -16.40373070
      212     0.08913754   -16.49147695   -16.40233941   -16.49147695   -16.40024739
      213     0.09132708   -16.49366480   -16.40233772   -16.49366480   -16.39691700
      214     0.09396300   -16.49633183   -16.40236883   -16.49633183   -16.39375826
      215     0.09659410   -16.49902066   -16.40242656   -16.49902066   -16.39046557
      216     0.09844518   -16.50092902   -16.40248384   -16.50092902   -16.38668733
      217     0.09883740   -16.50132933   -16.40249193   -16.50132933   -16.38234976
      218     0.09770401   -16.50014865   -16.40244464   -16.50014865   -16.37759692
      219     0.09567694   -16.49805800   -16.40238106   -16.49805800   -16.37272398
      220     0.09368759   -16.49601300   -16.40232541   -16.49601300   -16.36826535
      221     0.09257391   -16.49486463   -16.40229072   -16.49486463   -16.36484835
      222     0.09287375   -16.49515536   -16.40228161   -16.49515536   -16.36295053
      223     0.09474454   -16.49704036   -16.40229582   -16.49704036   -16.36274638
      224     0.09797919   -16.50030680   -16.40232761   -16.50030680   -16.36407122
      225     0.10209305   -16.50446190   -16.40236885   -16.50446190   -16.36647387
      226     0.10645454   -16.50886410   -16.40240956   -16.50886410   -16.36932815
      227     0.11044344   -16.51288241   -16.40243897   -16.51288241   -16.37198683
      228     0.11361868   -16.51606661   -16.40244793   -16.51606661   -16.37395771
      229     0.11585028   -16.51828457   -16.40243429   -16.51828457   -16.37505800
      230     0.11732798   -16.51974004   -16.40241206   -16.51974004   -16.37546933
