#    Non-Adiabatic Coupling Matrix Elements: off-diagonal
         0    -0.00000404
         1    -0.00000246
         2    -0.00000064
         3     0.00000141
         4     0.00000367
         5     0.00000608
         6     0.00000861
         7     0.00001116
         8     0.00001364
         9     0.00001593
        10     0.00001798
        11     0.00001955
        12     0.00002063
        13     0.00002116
        14    -0.00164437
        15    -0.00099142
        16    -0.00083860
        17    -0.00078817
        18    -0.00077426
        19    -0.00077534
        20    -0.00078247
        21    -0.00079138
        22    -0.00079952
        23    -0.00080526
        24    -0.00080759
        25    -0.00080581
        26    -0.00079963
        27    -0.00078909
        28    -0.00077453
        29    -0.00075651
        30    -0.00073575
        31    -0.00071300
        32    -0.00068900
        33    -0.00066433
        34    -0.00063948
        35    -0.00061480
        36    -0.00059054
        37    -0.00056686
        38    -0.00054386
        39    -0.00052163
        40    -0.00050021
        41    -0.00047961
        42    -0.00045984
        43    -0.00044091
        44    -0.00042280
        45    -0.00040550
        46    -0.00038901
        47    -0.00037330
        48    -0.00035836
        49    -0.00034419
        50    -0.00033079
        51    -0.00031814
        52    -0.00030624
        53    -0.00029510
        54    -0.00028469
        55    -0.00027501
        56    -0.00026602
        57    -0.00025771
        58    -0.00025004
        59    -0.00024298
        60    -0.00023646
        61    -0.00023046
        62    -0.00022491
        63    -0.00021976
        64    -0.00021496
        65    -0.00021046
        66    -0.00020620
        67    -0.00020215
        68    -0.00019828
        69    -0.00019455
        70    -0.00019094
        71    -0.00018745
        72    -0.00018408
        73    -0.00018084
        74    -0.00017774
        75    -0.00017483
        76    -0.00017213
        77    -0.00016967
        78    -0.00016750
        79    -0.00016669
        80    -0.00016526
        81    -0.00016424
        82    -0.00016369
        83    -0.00016364
        84    -0.00016414
        85    -0.00016524
        86    -0.00016697
        87    -0.00016939
        88    -0.00017252
        89    -0.00017643
        90    -0.00018114
        91    -0.00018670
        92    -0.00019312
        93    -0.00020043
        94    -0.00020864
        95    -0.00021775
        96    -0.00022777
        97    -0.00023870
        98    -0.00025053
        99    -0.00026326
       100    -0.00027688
       101    -0.00029138
       102    -0.00030679
       103    -0.00032312
       104    -0.00034042
       105    -0.00035876
       106    -0.00037825
       107    -0.00039903
       108    -0.00042133
       109    -0.00044544
       110    -0.00047180
       111    -0.00050100
       112    -0.00053388
       113    -0.00057166
       114    -0.00061613
       115    -0.00066996
       116    -0.00073735
       117    -0.00082513
       118    -0.00094501
       119    -0.00111843
       120    -0.00138816
       121    -0.00184973
       122    -0.00275334
       123    -0.00493374
       124    -0.01253981
       125    -0.06320317
       126    -0.03922037
       127    -0.00977692
       128    -0.00418686
       129    -0.00245011
       130    -0.00171292
       131    -0.00134088
       132    -0.00113238
       133    -0.00100759
       134    -0.00092996
       135    -0.00088086
       136    -0.00085004
       137    -0.00083144
       138    -0.00082134
       139    -0.00081733
       140    -0.00081783
       141    -0.00082174
       142    -0.00082831
       143    -0.00083699
       144    -0.00084742
       145    -0.00085933
       146    -0.00087255
       147    -0.00088721
       148    -0.00090289
       149    -0.00091979
       150    -0.00093798
       151    -0.00095757
       152    -0.00097869
       153    -0.00100150
       154    -0.00102626
       155    -0.00105309
       156    -0.00108322
       157    -0.00111699
       158    -0.00115525
       159    -0.00119912
       160    -0.00125012
       161    -0.00131007
       162    -0.00138161
       163    -0.00146821
       164    -0.00157464
       165    -0.00170737
       166    -0.00187499
       167    -0.00208815
       168    -0.00235663
       169    -0.00267769
       170    -0.00300292
       171    -0.00319193
       172    -0.00307352
       173    -0.00266708
       174    -0.00217184
       175    -0.00173071
       176    -0.00138114
       177    -0.00111402
       178    -0.00091067
       179    -0.00075467
       180    -0.00063351
       181    -0.00053822
       182    -0.00046230
       183    -0.00040110
       184    -0.00035121
       185    -0.00031013
       186    -0.00027597
       187    -0.00024704
       188    -0.00022281
       189    -0.00020216
       190    -0.00018443
       191    -0.00016912
       192    -0.00015583
       193    -0.00014422
       194    -0.00013405
       195    -0.00012510
       196    -0.00011720
       197    -0.00011022
       198    -0.00010403
       199    -0.00009853
       200    -0.00009364
       201    -0.00008929
       202    -0.00008542
       203    -0.00008197
       204    -0.00007905
       205    -0.00007628
       206    -0.00007378
       207    -0.00007153
       208    -0.00006950
       209    -0.00006748
       210    -0.00006577
       211    -0.00006419
       212    -0.00006270
       213    -0.00006129
       214    -0.00005994
       215    -0.00005862
       216    -0.00005732
       217    -0.00005602
       218    -0.00005471
       219    -0.00005338
       220    -0.00005202
       221    -0.00005061
       222    -0.00004913
       223    -0.00004760
       224    -0.00004598
       225    -0.00004427
       226    -0.00004246
       227    -0.00004054
       228    -0.00003849
       229    -0.00003630
       230    -0.00003396
       231    -0.00003145
       232    -0.00002876
       233    -0.00002586
       234    -0.00002275
       235    -0.00001941
       236    -0.00001583
       237    -0.00001200
       238    -0.00000791
       239    -0.00000358
       240     0.00000100
       241     0.00000581
       242     0.00001083
       243     0.00001603
       244     0.00002138
       245     0.00002684
       246     0.00003237
       247     0.00003794
       248     0.00004349
       249     0.00004901
       250     0.00005445
       251     0.00005979
       252     0.00006501
       253     0.00007011
       254     0.00007508
       255     0.00007994
       256     0.00008470
       257     0.00008940
       258     0.00009406
       259     0.00009873
       260     0.00010345
       261     0.00010825
       262     0.00011319
       263     0.00011853
       264     0.00012377
       265     0.00012921
       266     0.00013507
       267     0.00014130
       268     0.00014806
       269     0.00015507
       270     0.00016250
       271     0.00017037
       272     0.00017867
       273     0.00018736
       274     0.00019637
       275     0.00020560
       276     0.00021490
       277     0.00022407
       278     0.00023284
       279     0.00024090
       280     0.00024787
       281     0.00025331
       282     0.00025671
       283     0.00025756
       284     0.00025529
       285     0.00024934
       286     0.00023920
       287     0.00022447
       288     0.00020483
       289     0.00018019
       290     0.00015070
       291     0.00011676
       292     0.00007910
       293     0.00003869
       294    -0.00000323
       295    -0.00004531
       296    -0.00008614
       297    -0.00012439
       298    -0.00015890
       299    -0.00018876
       300    -0.00021338
