#     Density Matrix: population Re; see the manual for detail orders
        0     0.00000000     1.00000000
        1     0.00002129     0.99997871
        2     0.00001545     0.99998455
        3     0.00000401     0.99999599
        4     0.00004442     0.99995558
        5     0.00006970     0.99993030
        6     0.00006228     0.99993772
        7     0.00021578     0.99978422
        8     0.00010813     0.99989187
        9     0.00023888     0.99976112
       10     0.00029372     0.99970628
       11     0.00015190     0.99984810
       12     0.00027365     0.99972635
       13     0.00034038     0.99965962
       14     0.00018250     0.99981750
       15     0.00011941     0.99988059
       16     0.00017061     0.99982939
       17     0.00013656     0.99986344
       18     0.00004854     0.99995146
       19     0.00002334     0.99997666
       20     0.00003057     0.99996943
       21     0.00004139     0.99995861
       22     0.00012760     0.99987240
       23     0.00026257     0.99973743
       24     0.00027690     0.99972310
       25     0.00015197     0.99984803
       26     0.00009515     0.99990485
       27     0.00017051     0.99982949
       28     0.00017525     0.99982475
       29     0.00006267     0.99993733
       30     0.00005085     0.99994915
       31     0.00012600     0.99987400
       32     0.00007162     0.99992838
       33     0.00002471     0.99997529
       34     0.00010356     0.99989644
       35     0.00006000     0.99994000
       36     0.00002122     0.99997878
       37     0.00008600     0.99991400
       38     0.00002059     0.99997941
       39     0.00002680     0.99997320
       40     0.00004202     0.99995798
       41     0.00000020     0.99999980
       42     0.00002093     0.99997907
       43     0.00001169     0.99998831
       44     0.00000826     0.99999174
       45     0.00000853     0.99999147
       46     0.00004300     0.99995700
       47     0.00000481     0.99999519
       48     0.00007283     0.99992717
       49     0.00008456     0.99991544
       50     0.00004244     0.99995756
       51     0.00017188     0.99982812
       52     0.00011635     0.99988365
       53     0.00008311     0.99991689
       54     0.00021287     0.99978713
       55     0.00016389     0.99983611
       56     0.00007425     0.99992575
       57     0.00015463     0.99984537
       58     0.00019533     0.99980467
       59     0.00009576     0.99990424
       60     0.00002814     0.99997186
       61     0.00005036     0.99994964
       62     0.00006010     0.99993990
       63     0.00003082     0.99996918
       64     0.00001554     0.99998446
       65     0.00001484     0.99998516
       66     0.00000334     0.99999666
       67     0.00000553     0.99999447
       68     0.00003917     0.99996083
       69     0.00005703     0.99994297
       70     0.00002737     0.99997263
       71     0.00000083     0.99999917
       72     0.00002144     0.99997856
       73     0.00004440     0.99995560
       74     0.00002311     0.99997689
       75     0.00000006     0.99999994
       76     0.00001883     0.99998117
       77     0.00003404     0.99996596
       78     0.00001142     0.99998858
       79     0.00000250     0.99999750
       80     0.00002433     0.99997567
       81     0.00002255     0.99997745
       82     0.00000274     0.99999726
       83     0.00001074     0.99998926
       84     0.00002152     0.99997848
       85     0.00000995     0.99999005
       86     0.00000569     0.99999431
       87     0.00001225     0.99998775
       88     0.00001193     0.99998807
       89     0.00001046     0.99998954
       90     0.00000977     0.99999023
       91     0.00000789     0.99999211
       92     0.00001076     0.99998924
       93     0.00001329     0.99998671
       94     0.00000999     0.99999001
       95     0.00000828     0.99999172
       96     0.00000981     0.99999019
       97     0.00001018     0.99998982
       98     0.00001111     0.99998889
       99     0.00001211     0.99998789
      100     0.00000963     0.99999037
      101     0.00000760     0.99999240
      102     0.00001043     0.99998957
      103     0.00001332     0.99998668
      104     0.00001054     0.99998946
      105     0.00000632     0.99999368
      106     0.00001009     0.99998991
      107     0.00001826     0.99998174
      108     0.00001471     0.99998529
      109     0.00000339     0.99999661
      110     0.00000794     0.99999206
      111     0.00002134     0.99997866
      112     0.00001747     0.99998253
      113     0.00000840     0.99999160
      114     0.00000742     0.99999258
      115     0.00000197     0.99999803
      116     0.00001993     0.99998007
      117     0.00007317     0.99992683
      118     0.00008299     0.99991701
      119     0.00005786     0.99994214
      120     0.00015481     0.99984519
      121     0.00039170     0.99960830
      122     0.00057358     0.99942642
      123     0.00062871     0.99937129
      124     0.00076236     0.99923764
      125     0.00118126     0.99881874
      126     0.00182426     0.99817574
      127     0.00242640     0.99757360
      128     0.00275982     0.99724018
      129     0.00276928     0.99723072
      130     0.00253148     0.99746852
      131     0.00215168     0.99784832
      132     0.00170740     0.99829260
      133     0.00125467     0.99874533
      134     0.00085324     0.99914676
      135     0.00057215     0.99942785
      136     0.00046835     0.99953165
      137     0.00055403     0.99944597
      138     0.00077584     0.99922416
      139     0.00102600     0.99897400
      140     0.00119194     0.99880806
      141     0.00122987     0.99877013
      142     0.00122794     0.99877206
      143     0.00142306     0.99857694
      144     0.00215673     0.99784327
      145     0.00378424     0.99621576
      146     0.00657078     0.99342922
      147     0.01061077     0.98938923
      148     0.01579956     0.98420044
      149     0.02186836     0.97813164
      150     0.02847414     0.97152586
      151     0.03531606     0.96468394
      152     0.04222708     0.95777292
      153     0.04921163     0.95078837
      154     0.05644653     0.94355347
      155     0.06423360     0.93576640
      156     0.07287486     0.92712514
      157     0.08246588     0.91753412
      158     0.09266450     0.90733550
      159     0.10260901     0.89739099
      160     0.11112348     0.88887652
      161     0.11712339     0.88287661
      162     0.11995812     0.88004188
      163     0.11952913     0.88047087
      164     0.11619351     0.88380649
      165     0.11056844     0.88943156
      166     0.10334404     0.89665596
      167     0.09516072     0.90483928
      168     0.08656017     0.91343983
      169     0.07799125     0.92200875
      170     0.06984583     0.93015417
      171     0.06249942     0.93750058
      172     0.05633200     0.94366800
      173     0.05170434     0.94829566
      174     0.04886834     0.95113166
      175     0.04782592     0.95217408
      176     0.04823238     0.95176762
      177     0.04954904     0.95045096
      178     0.05173964     0.94826036
      179     0.05661798     0.94338202
      180     0.06865379     0.93134621
      181     0.09190966     0.90809034
      182     0.12367172     0.87632828
      183     0.15481932     0.84518068
      184     0.17811012     0.82188988
      185     0.19212857     0.80787143
      186     0.19896248     0.80103752
      187     0.20135147     0.79864853
      188     0.20138569     0.79861431
      189     0.20020924     0.79979076
      190     0.19816204     0.80183796
      191     0.19512082     0.80487918
      192     0.19091623     0.80908377
      193     0.18568439     0.81431561
      194     0.18002186     0.81997814
      195     0.17491988     0.82508012
      196     0.17149919     0.82850081
      197     0.17064587     0.82935413
      198     0.17267124     0.82732876
      199     0.17713719     0.82286281
      200     0.18295655     0.81704345
      201     0.18875358     0.81124642
      202     0.19332802     0.80667198
      203     0.19602855     0.80397145
      204     0.19692281     0.80307719
      205     0.19677935     0.80322065
      206     0.19694666     0.80305334
      207     0.19920094     0.80079906
      208     0.20557293     0.79442707
      209     0.21808861     0.78191139
      210     0.23831208     0.76168792
      211     0.26663445     0.73336555
      212     0.30149106     0.69850894
      213     0.33906889     0.66093111
      214     0.37413769     0.62586231
      215     0.40189675     0.59810325
      216     0.41973928     0.58026072
      217     0.42789300     0.57210700
      218     0.42896310     0.57103690
      219     0.42703671     0.57296329
      220     0.42676766     0.57323234
      221     0.43241122     0.56758878
      222     0.44668250     0.55331750
      223     0.46968306     0.53031694
      224     0.49842114     0.50157886
      225     0.52743424     0.47256576
      226     0.55047763     0.44952237
      227     0.56254809     0.43745191
      228     0.56129102     0.43870898
      229     0.54731286     0.45268714
      230     0.52360238     0.47639762
      231     0.49455990     0.50544010
      232     0.46499598     0.53500402
      233     0.43924828     0.56075172
      234     0.42051939     0.57948061
      235     0.41058351     0.58941649
      236     0.40993889     0.59006111
      237     0.41822815     0.58177185
      238     0.43454993     0.56545007
      239     0.45728415     0.54271585
      240     0.48338529     0.51661471
      241     0.50785931     0.49214069
      242     0.52431467     0.47568533
      243     0.52708331     0.47291669
      244     0.51413145     0.48586855
      245     0.48884076     0.51115924
      246     0.45907645     0.54092355
      247     0.43372597     0.56627403
      248     0.41871787     0.58128213
      249     0.41484313     0.58515687
      250     0.41833332     0.58166668
      251     0.42358995     0.57641005
      252     0.42642533     0.57357467
      253     0.42604186     0.57395814
      254     0.42476157     0.57523843
      255     0.42591186     0.57408814
      256     0.43127018     0.56872982
      257     0.43970303     0.56029697
      258     0.44763482     0.55236518
      259     0.45088145     0.54911855
      260     0.44689970     0.55310030
      261     0.43644137     0.56355863
      262     0.42363851     0.57636149
      263     0.41404868     0.58595132
      264     0.41162959     0.58837041
      265     0.41684741     0.58315259
      266     0.42725036     0.57274964
      267     0.43957977     0.56042023
      268     0.45137821     0.54862179
      269     0.46114816     0.53885184
      270     0.46762574     0.53237426
      271     0.46875403     0.53124597
      272     0.45937832     0.54062168
      273     0.41776754     0.58223246
      274     0.28519930     0.71480070
      275     0.42997207     0.57002793
      276     0.48019449     0.51980551
      277     0.49726792     0.50273208
      278     0.49743294     0.50256706
      279     0.48245267     0.51754733
      280     0.45906129     0.54093871
      281     0.43152469     0.56847531
      282     0.40563571     0.59436429
      283     0.38965332     0.61034668
      284     0.39146386     0.60853614
      285     0.41100174     0.58899826
      286     0.43336050     0.56663950
      287     0.43683315     0.56316685
      288     0.41857237     0.58142763
      289     0.40547477     0.59452523
      290     0.41959866     0.58040134
      291     0.43286143     0.56713857
      292     0.41027962     0.58972038
      293     0.41029541     0.58970459
      294     0.43623658     0.56376342
      295     0.41303978     0.58696022
      296     0.41686313     0.58313687
      297     0.42015572     0.57984428
      298     0.42026625     0.57973375
      299     0.41625501     0.58374499
      300     0.42099391     0.57900609
      301     0.41794069     0.58205931
      302     0.40345968     0.59654032
      303     0.39768242     0.60231758
      304     0.39820600     0.60179400
      305     0.39802525     0.60197475
      306     0.39803704     0.60196296
      307     0.39860843     0.60139157
      308     0.39736909     0.60263091
      309     0.40011779     0.59988221
      310     0.39499167     0.60500833
      311     0.40286445     0.59713555
      312     0.39349719     0.60650281
      313     0.40048200     0.59951800
      314     0.40091939     0.59908061
      315     0.39232403     0.60767597
      316     0.40264648     0.59735352
      317     0.39808015     0.60191985
      318     0.39712845     0.60287155
      319     0.39500679     0.60499321
      320     0.40584370     0.59415630
      321     0.39585241     0.60414759
      322     0.38777675     0.61222325
      323     0.41146238     0.58853762
      324     0.39728633     0.60271367
      325     0.39111321     0.60888679
      326     0.40352602     0.59647398
      327     0.39824263     0.60175737
      328     0.39715888     0.60284112
      329     0.39791121     0.60208879
      330     0.39969879     0.60030121
      331     0.39804805     0.60195195
      332     0.39699350     0.60300650
      333     0.40064413     0.59935587
      334     0.39609971     0.60390029
      335     0.40005927     0.59994073
      336     0.39725204     0.60274796
      337     0.39901130     0.60098870
      338     0.39792803     0.60207197
      339     0.39877454     0.60122546
      340     0.39764121     0.60235879
      341     0.39966867     0.60033133
      342     0.39621217     0.60378783
      343     0.39939032     0.60060968
      344     0.39839589     0.60160411
      345     0.39873106     0.60126894
      346     0.39806859     0.60193141
      347     0.39913296     0.60086704
      348     0.39765334     0.60234666
      349     0.39940480     0.60059520
      350     0.39776719     0.60223281
      351     0.39870614     0.60129386
      352     0.39898468     0.60101532
      353     0.39741653     0.60258347
      354     0.39977291     0.60022709
      355     0.39739977     0.60260023
      356     0.39914092     0.60085908
      357     0.39844782     0.60155218
      358     0.39796593     0.60203407
      359     0.39913571     0.60086429
      360     0.39833656     0.60166344
      361     0.39814683     0.60185317
      362     0.39869006     0.60130994
      363     0.39899533     0.60100467
      364     0.39734882     0.60265118
      365     0.39983027     0.60016973
      366     0.39739352     0.60260648
      367     0.39915509     0.60084491
      368     0.39825172     0.60174828
      369     0.39845489     0.60154511
      370     0.39864372     0.60135628
      371     0.39836172     0.60163828
      372     0.39853356     0.60146644
      373     0.39855991     0.60144009
      374     0.39834745     0.60165255
      375     0.39866454     0.60133546
      376     0.39836957     0.60163043
      377     0.39849932     0.60150068
      378     0.39867025     0.60132975
      379     0.39810948     0.60189052
      380     0.39906919     0.60093081
      381     0.39790146     0.60209854
      382     0.39876510     0.60123490
      383     0.39917588     0.60082412
      384     0.39624162     0.60375838
      385     0.40264602     0.59735398
      386     0.39298632     0.60701368
      387     0.40411180     0.59588820
      388     0.39443131     0.60556869
      389     0.39989337     0.60010663
      390     0.39963110     0.60036890
      391     0.39644087     0.60355913
      392     0.39949432     0.60050568
      393     0.39904215     0.60095785
      394     0.39825432     0.60174568
      395     0.39589841     0.60410159
      396     0.40369037     0.59630963
      397     0.39497015     0.60502985
      398     0.39516211     0.60483789
      399     0.41035876     0.58964124
      400     0.38292567     0.61707433
      401     0.40721607     0.59278393
      402     0.40274744     0.59725256
      403     0.39155867     0.60844133
      404     0.40539576     0.59460424
      405     0.39492076     0.60507924
      406     0.40054020     0.59945980
      407     0.39906717     0.60093283
      408     0.39819498     0.60180502
      409     0.39950572     0.60049428
      410     0.39891507     0.60108493
      411     0.39859822     0.60140178
      412     0.39938792     0.60061208
      413     0.39869692     0.60130308
      414     0.39887365     0.60112635
      415     0.39940339     0.60059661
      416     0.39813633     0.60186367
      417     0.40012562     0.59987438
      418     0.39735937     0.60264063
      419     0.40111950     0.59888050
      420     0.39598171     0.60401829
      421     0.40292499     0.59707501
      422     0.39405018     0.60594982
      423     0.40434121     0.59565879
      424     0.39380117     0.60619883
      425     0.40326121     0.59673879
      426     0.39586674     0.60413326
      427     0.40072392     0.59927608
      428     0.39833810     0.60166190
      429     0.39884466     0.60115534
      430     0.39913775     0.60086225
      431     0.39931138     0.60068862
      432     0.39777722     0.60222278
      433     0.40051440     0.59948560
      434     0.39822924     0.60177076
      435     0.39759997     0.60240003
      436     0.40212045     0.59787955
      437     0.39630316     0.60369684
      438     0.39854880     0.60145120
      439     0.40237932     0.59762068
      440     0.39552470     0.60447530
      441     0.39955797     0.60044203
      442     0.40074609     0.59925391
      443     0.39739280     0.60260720
      444     0.39897458     0.60102542
      445     0.39934886     0.60065114
      446     0.39976123     0.60023877
      447     0.39667359     0.60332641
      448     0.40154782     0.59845218
      449     0.39768744     0.60231256
      450     0.39775889     0.60224111
      451     0.40276869     0.59723131
      452     0.39356042     0.60643958
      453     0.40418340     0.59581660
      454     0.39541055     0.60458945
      455     0.40043582     0.59956418
      456     0.39900748     0.60099252
      457     0.39816719     0.60183281
      458     0.39992737     0.60007263
      459     0.39805947     0.60194053
      460     0.39961741     0.60038259
      461     0.39877277     0.60122723
      462     0.39843301     0.60156699
      463     0.40016622     0.59983378
      464     0.39729808     0.60270192
      465     0.40080849     0.59919151
      466     0.39717545     0.60282455
      467     0.40036576     0.59963424
      468     0.39828328     0.60171672
      469     0.39853733     0.60146267
      470     0.40082010     0.59917990
      471     0.39550236     0.60449764
      472     0.40381419     0.59618581
      473     0.39350413     0.60649587
      474     0.40376348     0.59623652
      475     0.39612973     0.60387027
      476     0.39929403     0.60070597
      477     0.40020906     0.59979094
      478     0.39824663     0.60175337
      479     0.39739767     0.60260233
      480     0.40227516     0.59772484
      481     0.39711848     0.60288152
      482     0.39569540     0.60430460
      483     0.40760668     0.59239332
      484     0.39015005     0.60984995
      485     0.40222363     0.59777637
      486     0.40144878     0.59855122
      487     0.39538581     0.60461419
      488     0.39937056     0.60062944
      489     0.40131261     0.59868739
      490     0.39792742     0.60207258
      491     0.39521758     0.60478242
      492     0.40678956     0.59321044
      493     0.39136199     0.60863801
      494     0.40263625     0.59736375
      495     0.39933192     0.60066808
      496     0.39676023     0.60323977
      497     0.40060491     0.59939509
      498     0.39886362     0.60113638
      499     0.39779805     0.60220195
      500     0.40026672     0.59973328
      501     0.39835099     0.60164901
      502     0.39860955     0.60139045
      503     0.39961796     0.60038204
      504     0.39967170     0.60032830
      505     0.39263446     0.60736554
      506     0.40141283     0.59858717
      507     0.39727670     0.60272330
      508     0.40058328     0.59941672
      509     0.39926297     0.60073703
      510     0.39927087     0.60072913
      511     0.39957809     0.60042191
      512     0.39969264     0.60030736
      513     0.39892065     0.60107935
      514     0.40012731     0.59987269
      515     0.39891613     0.60108387
      516     0.39976957     0.60023043
      517     0.39941590     0.60058410
      518     0.39935331     0.60064669
      519     0.39965167     0.60034833
      520     0.39929374     0.60070626
      521     0.39961320     0.60038680
      522     0.39936529     0.60063471
      523     0.39952102     0.60047898
      524     0.39948658     0.60051342
      525     0.39940064     0.60059936
      526     0.39951998     0.60048002
      527     0.39954157     0.60045843
      528     0.39920511     0.60079489
      529     0.39989151     0.60010849
      530     0.39906486     0.60093514
      531     0.39956721     0.60043279
      532     0.39999553     0.60000447
      533     0.39811716     0.60188284
      534     0.40160872     0.59839128
      535     0.39687749     0.60312251
      536     0.40201840     0.59798160
      537     0.39743262     0.60256738
      538     0.40072885     0.59927115
      539     0.39902895     0.60097105
      540     0.39927480     0.60072520
      541     0.39989577     0.60010423
      542     0.39939002     0.60060998
      543     0.39865971     0.60134029
      544     0.40134815     0.59865185
      545     0.39680001     0.60319999
      546     0.40238167     0.59761833
      547     0.39685660     0.60314340
      548     0.40142612     0.59857388
      549     0.39830255     0.60169745
      550     0.39991216     0.60008784
      551     0.39953691     0.60046309
      552     0.39918148     0.60081852
      553     0.39965583     0.60034417
      554     0.39965594     0.60034406
      555     0.39874034     0.60125966
      556     0.40073861     0.59926139
      557     0.39780351     0.60219649
      558     0.40130206     0.59869794
      559     0.39768701     0.60231299
      560     0.40104326     0.59895674
      561     0.39816875     0.60183125
      562     0.40049830     0.59950170
      563     0.39865286     0.60134714
      564     0.40012393     0.59987607
      565     0.39896672     0.60103328
      566     0.39973670     0.60026330
      567     0.39958110     0.60041890
      568     0.39883728     0.60116272
      569     0.40066166     0.59933834
      570     0.39782205     0.60217795
      571     0.40136328     0.59863672
      572     0.39756370     0.60243630
      573     0.40116560     0.59883440
      574     0.39822710     0.60177290
      575     0.39982618     0.60017382
      576     0.40069756     0.59930244
      577     0.39587350     0.60412650
      578     0.40566005     0.59433995
      579     0.39161948     0.60838052
      580     0.40736231     0.59263769
      581     0.39278099     0.60721901
      582     0.40452577     0.59547423
      583     0.39625839     0.60374161
      584     0.40078578     0.59921422
      585     0.39989830     0.60010170
      586     0.39779997     0.60220003
      587     0.40162065     0.59837935
      588     0.39761158     0.60238842
      589     0.40055423     0.59944577
      590     0.39919510     0.60080490
      591     0.39924552     0.60075448
      592     0.39973355     0.60026645
      593     0.39954002     0.60045998
      594     0.39887551     0.60112449
      595     0.40052946     0.59947054
      596     0.39820516     0.60179484
      597     0.40052812     0.59947188
      598     0.39911598     0.60088402
      599     0.39864998     0.60135002
      600     0.40185130     0.59814870
