#     Density Matrix: coherence Re-Im; see the manual for detail orders
        0     0.00000000     0.00000000
        1    -0.00002676     0.00008985
        2     0.00003637     0.00003776
        3    -0.00004810     0.00006762
        4     0.00003613     0.00009766
        5    -0.00002746     0.00004691
        6    -0.00000022     0.00013803
        7     0.00001606     0.00006085
        8    -0.00003983     0.00013580
        9     0.00004198     0.00011322
       10    -0.00004357     0.00010594
       11     0.00002335     0.00016820
       12    -0.00000498     0.00009196
       13    -0.00002281     0.00018169
       14     0.00003748     0.00012355
       15    -0.00004629     0.00014763
       16     0.00003534     0.00017923
       17    -0.00001655     0.00011326
       18    -0.00001210     0.00020165
       19     0.00003337     0.00013104
       20    -0.00004569     0.00016615
       21     0.00003767     0.00018789
       22    -0.00001703     0.00012394
       23    -0.00001283     0.00021029
       24     0.00003639     0.00014124
       25    -0.00004485     0.00016541
       26     0.00003393     0.00019700
       27    -0.00000600     0.00012108
       28    -0.00002275     0.00020218
       29     0.00004379     0.00014775
       30    -0.00004052     0.00014176
       31     0.00002050     0.00019762
       32     0.00001292     0.00011183
       33    -0.00003763     0.00017795
       34     0.00004445     0.00016092
       35    -0.00002793     0.00011797
       36    -0.00000464     0.00019981
       37     0.00003207     0.00012714
       38    -0.00004683     0.00016040
       39     0.00003001     0.00019733
       40    -0.00000477     0.00012715
       41    -0.00003311     0.00021353
       42     0.00004091     0.00018454
       43    -0.00003978     0.00017040
       44    -0.00000020     0.00025578
       45     0.00002122     0.00018925
       46    -0.00005217     0.00024728
       47     0.00002722     0.00028758
       48    -0.00001634     0.00023795
       49    -0.00003983     0.00034478
       50     0.00003039     0.00033513
       51    -0.00005191     0.00034839
       52    -0.00001681     0.00046539
       53     0.00000711     0.00043769
       54    -0.00007230     0.00052981
       55    -0.00000053     0.00063014
       56    -0.00003166     0.00062910
       57    -0.00007661     0.00078839
       58    -0.00000145     0.00086930
       59    -0.00007318     0.00093106
       60    -0.00007389     0.00113716
       61    -0.00002307     0.00122005
       62    -0.00011373     0.00137047
       63    -0.00008092     0.00162081
       64    -0.00007174     0.00175591
       65    -0.00016940     0.00203713
       66    -0.00013115     0.00238916
       67    -0.00018217     0.00269776
       68    -0.00030814     0.00325689
       69    -0.00033151     0.00395788
       70    -0.00052466     0.00484465
       71    -0.00084571     0.00632670
       72    -0.00125496     0.00852666
       73    -0.00215592     0.01201854
       74    -0.00334256     0.01769607
       75    -0.00250890     0.02406196
       76     0.00223005     0.02484416
       77     0.00385711     0.01784837
       78    -0.00016652     0.01416790
       79    -0.00025520     0.01560067
       80     0.00269829     0.01311447
       81     0.00085155     0.00927294
       82    -0.00183851     0.01060663
       83     0.00024271     0.01244838
       84     0.00237372     0.00992165
       85     0.00026229     0.00748933
       86    -0.00205538     0.00912728
       87    -0.00067868     0.01144232
       88     0.00185660     0.01052666
       89     0.00169407     0.00790938
       90    -0.00070587     0.00722911
       91    -0.00216743     0.00908570
       92    -0.00117697     0.01110112
       93     0.00097852     0.01121706
       94     0.00224958     0.00954782
       95     0.00182481     0.00760106
       96     0.00037195     0.00664589
       97    -0.00089906     0.00689066
       98    -0.00113961     0.00769416
       99    -0.00014239     0.00818537
      100     0.00188428     0.00771479
      101     0.00469205     0.00596642
      102     0.00829113     0.00283585
      103     0.01313248    -0.00176083
      104     0.02026025    -0.00804375
      105     0.03157541    -0.01646270
      106     0.05039334    -0.02773913
      107     0.08253425    -0.04287354
      108     0.13795440    -0.06311291
      109     0.22986601    -0.08981772
      110     0.35386138    -0.12408439
      111     0.44577003    -0.16625179
      112     0.45071671    -0.21556025
      113     0.40058212    -0.27004133
      114     0.33042420    -0.32607021
      115     0.24770594    -0.37819362
      116     0.15175894    -0.41938050
      117     0.04318463    -0.44175978
      118    -0.07383607    -0.43784860
      119    -0.19142048    -0.40209141
      120    -0.29888673    -0.33239149
      121    -0.38440886    -0.23123142
      122    -0.43714860    -0.10600280
      123    -0.44942817     0.03167763
      124    -0.41842328     0.16762693
      125    -0.34692633     0.28740748
      126    -0.24295259     0.37876132
      127    -0.11827261     0.43358366
      128     0.01375552     0.44898339
      129     0.14051171     0.42724279
      130     0.25205620     0.37479340
      131     0.34230412     0.30056689
      132     0.40928069     0.21418585
      133     0.45449926     0.12441766
      134     0.48152101     0.03816525
      135     0.49340716    -0.03991661
      136     0.48803000    -0.10725203
      137     0.45171675    -0.16280627
      138     0.36544323    -0.20640592
      139     0.23812426    -0.23806041
      140     0.10838617    -0.25751380
      141    -0.00097199    -0.26410630
      142    -0.09021980    -0.25692660
      143    -0.16454698    -0.23515718
      144    -0.22643772    -0.19855831
      145    -0.27543751    -0.14795971
      146    -0.30949282    -0.08558793
      147    -0.32627361    -0.01510739
      148    -0.32420061     0.05866936
      149    -0.30309913     0.13035833
      150    -0.26442828     0.19474278
      151    -0.21108157     0.24749998
      152    -0.14682402     0.28574554
      153    -0.07548952     0.30827794
      154    -0.00008558     0.31548980
      155     0.07804812     0.30899850
      156     0.15979133     0.29111005
      157     0.24766806     0.26425583
      158     0.34147180     0.23053499
      159     0.42729691     0.19144966
      160     0.47653474     0.14785660
      161     0.47881607     0.10014724
      162     0.45436287     0.04857642
      163     0.41205370    -0.01033839
      164     0.35640396    -0.07799417
      165     0.29897056    -0.15174837
      166     0.22676666    -0.22518748
      167     0.12917270    -0.28524933
      168     0.00409820    -0.31174817
      169    -0.13539409    -0.28111997
      170    -0.25617760    -0.17700985
      171    -0.30864940    -0.00745743
      172    -0.24674781     0.17891432
      173    -0.06502697     0.29486870
      174     0.16582495     0.25364821
      175     0.30557129     0.04283010
      176     0.22856912    -0.21693704
      177    -0.04310879    -0.31457659
      178    -0.28569089    -0.12797041
      179    -0.23787152     0.19135882
      180     0.08659140     0.29021874
      181     0.30906892     0.01372604
      182     0.10809470    -0.29728402
      183    -0.25839743    -0.17796840
      184    -0.21203501     0.21925318
      185     0.20176259     0.22845581
      186     0.24481129    -0.19665626
      187    -0.19229862    -0.24965710
      188    -0.22934932     0.20147832
      189     0.23542449     0.19464823
      190     0.15593902    -0.27507017
      191    -0.29681213    -0.09580934
      192     0.00187537     0.30163309
      193     0.29127653    -0.11625250
      194    -0.21190721    -0.23564438
      195    -0.10676625     0.27783636
      196     0.30788530    -0.06451464
      197    -0.20582087    -0.24966414
      198    -0.06351308     0.28439208
      199     0.26737225    -0.16120139
      200    -0.29557875    -0.09918529
      201     0.15075133     0.26278021
      202     0.05996861    -0.30619641
      203    -0.23577596     0.19574034
      204     0.30729997    -0.02216518
      205    -0.26432958    -0.16056740
      206     0.13496518     0.27542602
      207     0.02941093    -0.30802141
      208    -0.17943069     0.24950376
      209     0.27790562    -0.13396099
      210    -0.30799568    -0.01199603
      211     0.27031653     0.14719982
      212    -0.17980464    -0.25089616
      213     0.05844006     0.30201217
      214     0.06946104    -0.30071946
      215    -0.18242116     0.24792084
      216     0.26395463    -0.15942173
      217    -0.30440535     0.04762565
      218     0.30064459     0.06723608
      219    -0.25574796    -0.17226170
      220     0.17750217     0.25157897
      221    -0.07722464    -0.29862866
      222    -0.03197098     0.30620679
      223     0.13647007    -0.27656616
      224    -0.22369543     0.21168497
      225     0.28318775    -0.12176443
      226    -0.30774921     0.01567669
      227     0.29410072     0.09176342
      228    -0.24342953    -0.18919023
      229     0.16136437     0.26230325
      230    -0.05766827    -0.30293561
      231    -0.05471343     0.30304702
      232     0.16094833    -0.26299542
      233    -0.24616602     0.18517354
      234     0.29743309    -0.08078121
      235    -0.30588165    -0.03759841
      236     0.26840309     0.15120808
      237    -0.18883626    -0.24370074
      238     0.07803291     0.29794319
      239     0.04711198    -0.30469762
      240    -0.16603050     0.25945419
      241     0.25769186    -0.16912547
      242    -0.30455591     0.04687003
      243     0.29616523     0.08499458
      244    -0.23200424    -0.20293645
      245     0.12240655     0.28270127
      246     0.01247406    -0.30799331
      247    -0.14621592     0.27118877
      248     0.25114859    -0.17861918
      249    -0.30444952     0.04765376
      250     0.29336112     0.09429459
      251    -0.21883911    -0.21697986
      252     0.09591471     0.29284919
      253     0.04889761    -0.30423702
      254    -0.18344542     0.24764349
      255     0.27706807    -0.13482719
      256    -0.30803759    -0.00876585
      257     0.26872245     0.15089947
      258    -0.16783272    -0.25835277
      259     0.02837527     0.30695911
      260     0.11752801    -0.28473840
      261    -0.23639344     0.19783096
      262     0.30109528    -0.06542282
      263    -0.29730104    -0.08092887
      264     0.22644659     0.20917791
      265    -0.10521065    -0.28945511
      266    -0.03881909     0.30590142
      267     0.17358352    -0.25440863
      268    -0.26996050     0.14882322
      269     0.30794301    -0.01121730
      270    -0.28066516    -0.12700981
      271     0.19516594     0.23871189
      272    -0.07030171    -0.29979050
      273    -0.06781503     0.30085134
      274     0.19140733    -0.24125075
      275    -0.27667609     0.13595198
      276     0.30812146    -0.00435556
      277    -0.28106713    -0.12607971
      278     0.20185291     0.23311941
      279    -0.08613690    -0.29559333
      280    -0.04446075     0.30522447
      281     0.16636067    -0.25909618
      282    -0.25823637     0.16846478
      283     0.30442879    -0.04746217
      284    -0.29743948    -0.08025902
      285     0.23882424     0.19507416
      286    -0.13887381    -0.27474612
      287     0.01473278     0.30816707
      288     0.11223735    -0.28661566
      289    -0.22001790     0.21615737
      290     0.28936532    -0.10555085
      291    -0.30725831    -0.02319587
      292     0.26921946     0.15036584
      293    -0.18077046    -0.24912068
      294     0.05696550     0.30331403
      295     0.07941692    -0.29726240
      296    -0.20172619     0.23346388
      297     0.28415516    -0.11870102
      298    -0.30740832    -0.02104889
      299     0.26344149     0.16042127
      300    -0.15889017    -0.26346735
