#    Step     Kinetic(H)     Potential(H)   Total(H)       E(0)(H)        E(1)(H)        
        0     0.00485611    -6.15155215    -6.14669604    -6.41556063    -6.15155215
        1     0.00632428    -6.15302699    -6.14670271    -6.41633737    -6.15302699
        2     0.00788509    -6.15460175    -6.14671666    -6.41701049    -6.15460175
        3     0.00943413    -6.15618337    -6.14674924    -6.41750184    -6.15618337
        4     0.01086642    -6.15768165    -6.14681523    -6.41773960    -6.15768165
        5     0.01208680    -6.15901747    -6.14693067    -6.41766589    -6.15901747
        6     0.01302133    -6.16013132    -6.14710999    -6.41724469    -6.16013132
        7     0.01362711    -6.16099003    -6.14736292    -6.41646765    -6.16099003
        8     0.01389836    -6.16159122    -6.14769286    -6.41535769    -6.16159122
        9     0.01386668    -6.16196334    -6.14809666    -6.41396810    -6.16196334
       10     0.01359441    -6.16216034    -6.14856593    -6.41237647    -6.16216034
       11     0.01316203    -6.16225154    -6.14908951    -6.41067392    -6.16225154
       12     0.01265227    -6.16230796    -6.14965569    -6.40895111    -6.16230796
       13     0.01213497    -6.16238902    -6.15025405    -6.40728471    -6.16238902
       14     0.01281836    -6.13733881    -6.12452045    -6.39934543    -6.13733881
       15     0.01498543    -6.14040539    -6.12541996    -6.39792300    -6.14040539
       16     0.01739439    -6.14394640    -6.12655201    -6.39643344    -6.14394640
       17     0.01981123    -6.14778174    -6.12797051    -6.39485986    -6.14778174
       18     0.02204537    -6.15174858    -6.12970321    -6.39315546    -6.15174858
       19     0.02394572    -6.15569341    -6.13174769    -6.39126960    -6.15569341
       20     0.02541650    -6.15948206    -6.13406556    -6.38915930    -6.15948206
       21     0.02642387    -6.16300873    -6.13658486    -6.38679654    -6.16300873
       22     0.02698843    -6.16620029    -6.13921186    -6.38417109    -6.16620029
       23     0.02716698    -6.16901801    -6.14185103    -6.38129186    -6.16901801
       24     0.02703026    -6.17145337    -6.14442311    -6.37818402    -6.17145337
       25     0.02664587    -6.17352280    -6.14687693    -6.37488640    -6.17352280
       26     0.02606985    -6.17526019    -6.14919034    -6.37144718    -6.17526019
       27     0.02534621    -6.17670975    -6.15136354    -6.36791980    -6.17670975
       28     0.02451007    -6.17791987    -6.15340980    -6.36435884    -6.17791987
       29     0.02359045    -6.17893688    -6.15534643    -6.36081501    -6.17893688
       30     0.02261230    -6.17980205    -6.15718975    -6.35733257    -6.17980205
       31     0.02159639    -6.18054825    -6.15895186    -6.35394599    -6.18054825
       32     0.02055948    -6.18119956    -6.16064008    -6.35067938    -6.18119956
       33     0.01951486    -6.18177242    -6.16225756    -6.34754754    -6.18177242
       34     0.01847297    -6.18227689    -6.16380392    -6.34455711    -6.18227689
       35     0.01744269    -6.18271948    -6.16527679    -6.34170953    -6.18271948
       36     0.01643190    -6.18310479    -6.16667289    -6.33900272    -6.18310479
       37     0.01544769    -6.18343664    -6.16798895    -6.33643260    -6.18343664
       38     0.01449662    -6.18371930    -6.16922268    -6.33399452    -6.18371930
       39     0.01358422    -6.18395716    -6.17037294    -6.33168326    -6.18395716
       40     0.01271458    -6.18415446    -6.17143988    -6.32949306    -6.18415446
       41     0.01189051    -6.18431553    -6.17242502    -6.32741815    -6.18431553
       42     0.01111371    -6.18444472    -6.17333101    -6.32545286    -6.18444472
       43     0.01038494    -6.18454636    -6.17416142    -6.32359178    -6.18454636
       44     0.00970442    -6.18462497    -6.17492055    -6.32183006    -6.18462497
       45     0.00907217    -6.18468534    -6.17561317    -6.32016367    -6.18468534
       46     0.00848798    -6.18473237    -6.17624439    -6.31858914    -6.18473237
       47     0.00795129    -6.18477068    -6.17681939    -6.31710333    -6.18477068
       48     0.00746086    -6.18480420    -6.17734334    -6.31570293    -6.18480420
       49     0.00701445    -6.18483561    -6.17782116    -6.31438394    -6.18483561
       50     0.00660858    -6.18486599    -6.17825741    -6.31314125    -6.18486599
       51     0.00623846    -6.18489458    -6.17865612    -6.31196842    -6.18489458
       52     0.00589829    -6.18491905    -6.17902076    -6.31085791    -6.18491905
       53     0.00558184    -6.18493605    -6.17935421    -6.30980155    -6.18493605
       54     0.00528315    -6.18494201    -6.17965886    -6.30879137    -6.18494201
       55     0.00499738    -6.18493401    -6.17993663    -6.30782043    -6.18493401
       56     0.00472156    -6.18491077    -6.18018921    -6.30688373    -6.18491077
       57     0.00445517    -6.18487333    -6.18041816    -6.30597889    -6.18487333
       58     0.00420049    -6.18482558    -6.18062509    -6.30510670    -6.18482558
       59     0.00396262    -6.18477446    -6.18081184    -6.30427115    -6.18477446
       60     0.00374905    -6.18472955    -6.18098050    -6.30347914    -6.18472955
       61     0.00356886    -6.18470233    -6.18113347    -6.30273959    -6.18470233
       62     0.00343162    -6.18470505    -6.18127343    -6.30206231    -6.18470505
       63     0.00334616    -6.18474932    -6.18140316    -6.30145657    -6.18474932
       64     0.00331920    -6.18484466    -6.18152546    -6.30092963    -6.18484466
       65     0.00335427    -6.18499725    -6.18164298    -6.30048540    -6.18499725
       66     0.00345088    -6.18520896    -6.18175808    -6.30012353    -6.18520896
       67     0.00360421    -6.18547693    -6.18187272    -6.29983893    -6.18547693
       68     0.00380535    -6.18579378    -6.18198843    -6.29962194    -6.18579378
       69     0.00404207    -6.18614838    -6.18210631    -6.29945917    -6.18614838
       70     0.00430017    -6.18652725    -6.18222708    -6.29933483    -6.18652725
       71     0.00456513    -6.18691627    -6.18235114    -6.29923246    -6.18691627
       72     0.00482388    -6.18730255    -6.18247867    -6.29913680    -6.18730255
       73     0.00506642    -6.18767615    -6.18260973    -6.29903552    -6.18767615
       74     0.00528718    -6.18803147    -6.18274429    -6.29892061    -6.18803147
       75     0.00548570    -6.18836812    -6.18288242    -6.29878921    -6.18836812
       76     0.00566678    -6.18869115    -6.18302437    -6.29864389    -6.18869115
       77     0.00584004    -6.18901069    -6.18317065    -6.29849220    -6.18901069
       78     0.00601873    -6.18934094    -6.18332221    -6.29834572    -6.18934094
       79     0.00621821    -6.18969874    -6.18348053    -6.29821855    -6.18969874
       80     0.00645415    -6.19010181    -6.18364766    -6.29812556    -6.19010181
       81     0.00674064    -6.19056700    -6.18382636    -6.29808062    -6.19056700
       82     0.00708847    -6.19110865    -6.18402018    -6.29809489    -6.19110865
       83     0.00750378    -6.19173720    -6.18423342    -6.29817552    -6.19173720
       84     0.00798718    -6.19245840    -6.18447122    -6.29832477    -6.19245840
       85     0.00853345    -6.19327293    -6.18473948    -6.29853972    -6.19327293
       86     0.00913182    -6.19417670    -6.18504488    -6.29881251    -6.19417670
       87     0.00976689    -6.19516156    -6.18539467    -6.29913121    -6.19516156
       88     0.01042009    -6.19621651    -6.18579642    -6.29948095    -6.19621651
       89     0.01107138    -6.19732905    -6.18625767    -6.29984550    -6.19732905
       90     0.01170124    -6.19848673    -6.18678549    -6.30020876    -6.19848673
       91     0.01229251    -6.19967849    -6.18738598    -6.30055624    -6.19967849
       92     0.01283195    -6.20089579    -6.18806384    -6.30087625    -6.20089579
       93     0.01331140    -6.20213338    -6.18882198    -6.30116078    -6.20213338
       94     0.01372825    -6.20338969    -6.18966144    -6.30140585    -6.20338969
       95     0.01408538    -6.20466670    -6.19058132    -6.30161146    -6.20466670
       96     0.01439033    -6.20596940    -6.19157907    -6.30178107    -6.20596940
       97     0.01465416    -6.20730500    -6.19265084    -6.30192072    -6.20730500
       98     0.01488988    -6.20868191    -6.19379203    -6.30203800    -6.20868191
       99     0.01511094    -6.21010864    -6.19499770    -6.30214088    -6.21010864
      100     0.01532970    -6.21159285    -6.19626315    -6.30223664    -6.21159285
      101     0.01555627    -6.21314048    -6.19758421    -6.30233104    -6.21314048
      102     0.01579789    -6.21475529    -6.19895740    -6.30242765    -6.21475529
      103     0.01605851    -6.21643858    -6.20038007    -6.30252762    -6.21643858
      104     0.01633891    -6.21818918    -6.20185027    -6.30262963    -6.21818918
      105     0.01663709    -6.22000389    -6.20336680    -6.30273022    -6.22000389
      106     0.01694889    -6.22187784    -6.20492895    -6.30282427    -6.22187784
      107     0.01726881    -6.22380518    -6.20653637    -6.30290560    -6.22380518
      108     0.01759073    -6.22577969    -6.20818896    -6.30296766    -6.22577969
      109     0.01790870    -6.22779539    -6.20988669    -6.30300407    -6.22779539
      110     0.01821753    -6.22984701    -6.21162948    -6.30300924    -6.22984701
      111     0.01851320    -6.23193039    -6.21341719    -6.30297865    -6.23193039
      112     0.01879312    -6.23404269    -6.21524957    -6.30290916    -6.23404269
      113     0.01905621    -6.23618249    -6.21712628    -6.30279905    -6.23618249
      114     0.01930273    -6.23834962    -6.21904689    -6.30264798    -6.23834962
      115     0.01953402    -6.24054502    -6.22101100    -6.30245667    -6.24054502
      116     0.01975216    -6.24277033    -6.22301817    -6.30222665    -6.24277033
      117     0.01995951    -6.24502761    -6.22506810    -6.30195989    -6.24502761
      118     0.02015835    -6.24731903    -6.22716068    -6.30165854    -6.24731903
      119     0.02035067    -6.24964641    -6.22929574    -6.30132469    -6.24964641
      120     0.02053783    -6.25201108    -6.23147325    -6.30095994    -6.25201108
      121     0.02072033    -6.25441347    -6.23369314    -6.30056529    -6.25441347
      122     0.02089771    -6.25685292    -6.23595521    -6.30014098    -6.25685292
      123     0.02106860    -6.25932765    -6.23825905    -6.29968663    -6.25932765
      124     0.02123076    -6.26183466    -6.24060390    -6.29920137    -6.26183466
      125     0.02138118    -6.26436972    -6.24298854    -6.29868421    -6.26436972
      126     0.02151593    -6.26692715    -6.24541122    -6.29813431    -6.26692715
      127     0.02163003    -6.26949929    -6.24786926    -6.29755179    -6.26949929
      128     0.02171695    -6.27207609    -6.25035914    -6.29693872    -6.27207609
      129     0.02176744    -6.27464346    -6.25287602    -6.29630113    -6.27464346
      130     0.02176687    -6.27718000    -6.25541313    -6.29565262    -6.27718000
      131     0.02168903    -6.27964974    -6.25796071    -6.29502171    -6.27964974
      132     0.02148240    -6.28198580    -6.26050340    -6.29446809    -6.28198580
      133     0.02104305    -6.28405658    -6.26301353    -6.29411686    -6.28405658
      134     0.02019480    -6.28562494    -6.26543014    -6.29419998    -6.28562494
      135     0.01879870    -6.28644050    -6.26764180    -6.29496619    -6.28644050
      136     0.01696628    -6.28655034    -6.26958406    -6.29637280    -6.28655034
      137     0.02556561    -6.29812039    -6.27255478    -6.29812039    -6.28626198
      138     0.02485607    -6.30042901    -6.27557294    -6.30042901    -6.28518843
      139     0.02440665    -6.30300677    -6.27860012    -6.30300677    -6.28381146
      140     0.02407805    -6.30571695    -6.28163890    -6.30571695    -6.28225929
      141     0.02381344    -6.30849747    -6.28468403    -6.30849747    -6.28058655
      142     0.02358837    -6.31131690    -6.28772853    -6.31131690    -6.27881755
      143     0.02339097    -6.31415739    -6.29076642    -6.31415739    -6.27696321
      144     0.02321410    -6.31700755    -6.29379345    -6.31700755    -6.27502809
      145     0.02305237    -6.31985938    -6.29680701    -6.31985938    -6.27301346
      146     0.02290092    -6.32270667    -6.29980575    -6.32270667    -6.27091888
      147     0.02275520    -6.32554414    -6.30278894    -6.32554414    -6.26874294
      148     0.02261095    -6.32836715    -6.30575620    -6.32836715    -6.26648390
      149     0.02246452    -6.33117151    -6.30870699    -6.33117151    -6.26414018
      150     0.02231286    -6.33395342    -6.31164056    -6.33395342    -6.26171050
      151     0.02215331    -6.33670937    -6.31455606    -6.33670937    -6.25919402
      152     0.02198400    -6.33943599    -6.31745199    -6.33943599    -6.25659032
      153     0.02180389    -6.34213019    -6.32032630    -6.34213019    -6.25389968
      154     0.02161228    -6.34478913    -6.32317685    -6.34478913    -6.25112304
      155     0.02140893    -6.34741026    -6.32600133    -6.34741026    -6.24826207
      156     0.02119389    -6.34999116    -6.32879727    -6.34999116    -6.24531910
      157     0.02096736    -6.35252953    -6.33156217    -6.35252953    -6.24229703
      158     0.02072975    -6.35502327    -6.33429352    -6.35502327    -6.23919958
      159     0.02048159    -6.35747053    -6.33698894    -6.35747053    -6.23603115
      160     0.02022335    -6.35986978    -6.33964643    -6.35986978    -6.23279690
      161     0.01995580    -6.36221959    -6.34226379    -6.36221959    -6.22950277
      162     0.01968006    -6.36451901    -6.34483895    -6.36451901    -6.22615519
      163     0.01939750    -6.36676749    -6.34736999    -6.36676749    -6.22276134
      164     0.01910987    -6.36896514    -6.34985527    -6.36896514    -6.21932908
      165     0.01881923    -6.37111312    -6.35229389    -6.37111312    -6.21586664
      166     0.01852838    -6.37321374    -6.35468536    -6.37321374    -6.21238267
      167     0.01824141    -6.37527116    -6.35702975    -6.37527116    -6.20888561
      168     0.01796420    -6.37729211    -6.35932791    -6.37729211    -6.20538322
      169     0.01770545    -6.37928746    -6.36158201    -6.37928746    -6.20188149
      170     0.01747823    -6.38127425    -6.36379602    -6.38127425    -6.19838312
      171     0.01730206    -6.38327879    -6.36597673    -6.38327879    -6.19488512
      172     0.01720390    -6.38533932    -6.36813542    -6.38533932    -6.19137700
      173     0.01721180    -6.38750154    -6.37028974    -6.38750154    -6.18784562
      174     0.01732911    -6.38979089    -6.37246178    -6.38979089    -6.18430028
      175     0.01749966    -6.39216174    -6.37466208    -6.39216174    -6.18081496
      176     0.01762134    -6.39450172    -6.37688038    -6.39450172    -6.17751286
      177     0.01761324    -6.39671009    -6.37909685    -6.39671009    -6.17448565
      178     0.01745252    -6.39874564    -6.38129312    -6.39874564    -6.17175500
      179     0.01715645    -6.40060783    -6.38345138    -6.40060783    -6.16930121
      180     0.01675574    -6.40231129    -6.38555555    -6.40231129    -6.16709326
      181     0.01628076    -6.40387340    -6.38759264    -6.40387340    -6.16510204
      182     0.01575702    -6.40530994    -6.38955292    -6.40530994    -6.16330390
      183     0.01520446    -6.40663421    -6.39142975    -6.40663421    -6.16168051
      184     0.01463792    -6.40785721    -6.39321929    -6.40785721    -6.16021765
      185     0.01406804    -6.40898794    -6.39491990    -6.40898794    -6.15890411
      186     0.01350235    -6.41003382    -6.39653147    -6.41003382    -6.15773073
      187     0.01294587    -6.41100101    -6.39805514    -6.41100101    -6.15668958
      188     0.01240177    -6.41189462    -6.39949285    -6.41189462    -6.15577350
      189     0.01187167    -6.41271895    -6.40084728    -6.41271895    -6.15497572
      190     0.01135637    -6.41347764    -6.40212127    -6.41347764    -6.15428970
      191     0.01085617    -6.41417384    -6.40331767    -6.41417384    -6.15370886
      192     0.01037074    -6.41481033    -6.40443959    -6.41481033    -6.15322660
      193     0.00989950    -6.41538961    -6.40549011    -6.41538961    -6.15283631
      194     0.00944177    -6.41591401    -6.40647224    -6.41591401    -6.15253132
      195     0.00899677    -6.41638575    -6.40738898    -6.41638575    -6.15230500
      196     0.00856390    -6.41680703    -6.40824313    -6.41680703    -6.15215078
      197     0.00814267    -6.41718003    -6.40903736    -6.41718003    -6.15206221
      198     0.00773258    -6.41750700    -6.40977442    -6.41750700    -6.15203304
      199     0.00733328    -6.41779022    -6.41045694    -6.41779022    -6.15205721
      200     0.00694454    -6.41803206    -6.41108752    -6.41803206    -6.15212893
      201     0.00656627    -6.41823497    -6.41166870    -6.41823497    -6.15224269
      202     0.00619850    -6.41840143    -6.41220293    -6.41840143    -6.15239328
      203     0.00584135    -6.41853403    -6.41269268    -6.41853403    -6.15257573
      204     0.00549500    -6.41863536    -6.41314036    -6.41863536    -6.15278543
      205     0.00515969    -6.41870807    -6.41354838    -6.41870807    -6.15301801
      206     0.00483570    -6.41875467    -6.41391897    -6.41875467    -6.15326948
      207     0.00452329    -6.41877778    -6.41425449    -6.41877778    -6.15353602
      208     0.00422275    -6.41877993    -6.41455718    -6.41877993    -6.15381411
      209     0.00393431    -6.41876358    -6.41482927    -6.41876358    -6.15410045
      210     0.00365821    -6.41873111    -6.41507290    -6.41873111    -6.15439200
      211     0.00339461    -6.41868482    -6.41529021    -6.41868482    -6.15468592
      212     0.00314367    -6.41862689    -6.41548322    -6.41862689    -6.15497957
      213     0.00290549    -6.41855941    -6.41565392    -6.41855941    -6.15527051
      214     0.00268015    -6.41848435    -6.41580420    -6.41848435    -6.15555651
      215     0.00246766    -6.41840357    -6.41593591    -6.41840357    -6.15583550
      216     0.00226803    -6.41831878    -6.41605075    -6.41831878    -6.15610560
      217     0.00208122    -6.41823163    -6.41615041    -6.41823163    -6.15636508
      218     0.00190716    -6.41814360    -6.41623644    -6.41814360    -6.15661241
      219     0.00174575    -6.41805609    -6.41631034    -6.41805609    -6.15684620
      220     0.00159693    -6.41797037    -6.41637344    -6.41797037    -6.15706520
      221     0.00146060    -6.41788759    -6.41642699    -6.41788759    -6.15726833
      222     0.00133662    -6.41780879    -6.41647217    -6.41780879    -6.15745463
      223     0.00122485    -6.41773489    -6.41651004    -6.41773489    -6.15762330
      224     0.00112515    -6.41766669    -6.41654154    -6.41766669    -6.15777363
      225     0.00103733    -6.41760489    -6.41656756    -6.41760489    -6.15790507
      226     0.00096121    -6.41755005    -6.41658884    -6.41755005    -6.15801714
      227     0.00089659    -6.41750262    -6.41660603    -6.41750262    -6.15810950
      228     0.00084324    -6.41746294    -6.41661970    -6.41746294    -6.15818191
      229     0.00080093    -6.41743123    -6.41663030    -6.41743123    -6.15823420
      230     0.00076942    -6.41740759    -6.41663817    -6.41740759    -6.15826633
      231     0.00074844    -6.41739202    -6.41664358    -6.41739202    -6.15827833
      232     0.00073771    -6.41738442    -6.41664671    -6.41738442    -6.15827033
      233     0.00073697    -6.41738458    -6.41664761    -6.41738458    -6.15824256
      234     0.00074594    -6.41739222    -6.41664628    -6.41739222    -6.15819535
      235     0.00076435    -6.41740697    -6.41664262    -6.41740697    -6.15812912
      236     0.00079193    -6.41742840    -6.41663647    -6.41742840    -6.15804442
      237     0.00082845    -6.41745601    -6.41662756    -6.41745601    -6.15794192
      238     0.00087369    -6.41748928    -6.41661559    -6.41748928    -6.15782241
      239     0.00092745    -6.41752764    -6.41660019    -6.41752764    -6.15768682
      240     0.00098959    -6.41757050    -6.41658091    -6.41757050    -6.15753622
      241     0.00105999    -6.41761725    -6.41655726    -6.41761725    -6.15737186
      242     0.00113860    -6.41766730    -6.41652870    -6.41766730    -6.15719511
      243     0.00122538    -6.41772003    -6.41649465    -6.41772003    -6.15700753
      244     0.00132035    -6.41777484    -6.41645449    -6.41777484    -6.15681084
      245     0.00142357    -6.41783115    -6.41640758    -6.41783115    -6.15660691
      246     0.00153511    -6.41788837    -6.41635326    -6.41788837    -6.15639779
      247     0.00165506    -6.41794590    -6.41629084    -6.41794590    -6.15618563
      248     0.00178356    -6.41800315    -6.41621959    -6.41800315    -6.15597277
      249     0.00192070    -6.41805952    -6.41613882    -6.41805952    -6.15576163
      250     0.00206653    -6.41811438    -6.41604785    -6.41811438    -6.15555477
      251     0.00222105    -6.41816706    -6.41594601    -6.41816706    -6.15535480
      252     0.00238417    -6.41821686    -6.41583269    -6.41821686    -6.15516439
      253     0.00255568    -6.41826300    -6.41570732    -6.41826300    -6.15498623
      254     0.00273527    -6.41830467    -6.41556940    -6.41830467    -6.15482301
      255     0.00292245    -6.41834096    -6.41541851    -6.41834096    -6.15467738
      256     0.00311656    -6.41837091    -6.41525435    -6.41837091    -6.15455188
      257     0.00331674    -6.41839347    -6.41507673    -6.41839347    -6.15444899
      258     0.00352196    -6.41840750    -6.41488554    -6.41840750    -6.15437100
      259     0.00373095    -6.41841187    -6.41468092    -6.41841187    -6.15431999
      260     0.00394224    -6.41840534    -6.41446310    -6.41840534    -6.15429786
      261     0.00415415    -6.41838659    -6.41423244    -6.41838659    -6.15430621
      262     0.00436481    -6.41835434    -6.41398953    -6.41835434    -6.15434635
      263     0.00457216    -6.41830725    -6.41373509    -6.41830725    -6.15441924
      264     0.00477398    -6.41824394    -6.41346996    -6.41824394    -6.15452551
      265     0.00496793    -6.41816311    -6.41319518    -6.41816311    -6.15466534
      266     0.00515154    -6.41806347    -6.41291193    -6.41806347    -6.15483851
      267     0.00532229    -6.41794377    -6.41262148    -6.41794377    -6.15504435
      268     0.00547764    -6.41780287    -6.41232523    -6.41780287    -6.15528178
      269     0.00561506    -6.41763969    -6.41202463    -6.41763969    -6.15554925
      270     0.00573209    -6.41745329    -6.41172120    -6.41745329    -6.15584483
      271     0.00582632    -6.41724289    -6.41141657    -6.41724289    -6.15616617
      272     0.00589555    -6.41700787    -6.41111232    -6.41700787    -6.15651057
      273     0.00593793    -6.41674784    -6.41080991    -6.41674784    -6.15687501
      274     0.00595190    -6.41646266    -6.41051076    -6.41646266    -6.15725623
      275     0.00593626    -6.41615247    -6.41021621    -6.41615247    -6.15765076
      276     0.00589026    -6.41581775    -6.40992749    -6.41581775    -6.15805503
      277     0.00581363    -6.41545931    -6.40964568    -6.41545931    -6.15846539
      278     0.00570662    -6.41507837    -6.40937175    -6.41507837    -6.15887822
      279     0.00557006    -6.41467658    -6.40910652    -6.41467658    -6.15928996
      280     0.00540536    -6.41425603    -6.40885067    -6.41425603    -6.15969718
      281     0.00521452    -6.41381927    -6.40860475    -6.41381927    -6.16009658
      282     0.00500017    -6.41336934    -6.40836917    -6.41336934    -6.16048502
      283     0.00476530    -6.41290977    -6.40814447    -6.41290977    -6.16085956
      284     0.00451373    -6.41244456    -6.40793083    -6.41244456    -6.16121734
      285     0.00425000    -6.41197815    -6.40772815    -6.41197815    -6.16155572
      286     0.00397900    -6.41151541    -6.40753641    -6.41151541    -6.16187210
      287     0.00370611    -6.41106157    -6.40735546    -6.41106157    -6.16216397
      288     0.00343717    -6.41062215    -6.40718498    -6.41062215    -6.16242883
      289     0.00317843    -6.41020294    -6.40702451    -6.41020294    -6.16266416
      290     0.00293651    -6.40980984    -6.40687333    -6.40980984    -6.16286741
      291     0.00271833    -6.40944875    -6.40673042    -6.40944875    -6.16303601
      292     0.00253105    -6.40912550    -6.40659445    -6.40912550    -6.16316740
      293     0.00238196    -6.40884563    -6.40646367    -6.40884563    -6.16325909
      294     0.00227840    -6.40861424    -6.40633584    -6.40861424    -6.16330874
      295     0.00222760    -6.40843588    -6.40620828    -6.40843588    -6.16331425
      296     0.00223655    -6.40831428    -6.40607773    -6.40831428    -6.16327394
      297     0.00231185    -6.40825227    -6.40594042    -6.40825227    -6.16318656
      298     0.00245947    -6.40825166    -6.40579219    -6.40825166    -6.16305143
      299     0.00268464    -6.40831307    -6.40562843    -6.40831307    -6.16286848
      300     0.00299159    -6.40843597    -6.40544438    -6.40843597    -6.16263822
