#    Step     Kinetic(H)     Potential(H)   Total(H)       E(0)(H)        E(1)(H)        
        0     0.01734931   -16.40748825   -16.39013894   -16.54836782   -16.40748825
        1     0.01564534   -16.40575795   -16.39011261   -16.54568708   -16.40575795
        2     0.01490654   -16.40499266   -16.39008612   -16.54304031   -16.40499266
        3     0.01553459   -16.40560598   -16.39007139   -16.54083830   -16.40560598
        4     0.01774031   -16.40782266   -16.39008235   -16.53932920   -16.40782266
        5     0.02134512   -16.41146978   -16.39012466   -16.53841224   -16.41146978
        6     0.02571374   -16.41590070   -16.39018696   -16.53758040   -16.41590070
        7     0.02992399   -16.42016869   -16.39024470   -16.53608719   -16.42016869
        8     0.03312413   -16.42339773   -16.39027360   -16.53328447   -16.42339773
        9     0.03487892   -16.42514349   -16.39026457   -16.52894598   -16.42514349
       10     0.03530543   -16.42553314   -16.39022771   -16.52338586   -16.42553314
       11     0.03493474   -16.42511914   -16.39018440   -16.51730556   -16.42511914
       12     0.03440255   -16.42455754   -16.39015499   -16.51147388   -16.42455754
       13     0.03415143   -16.42430009   -16.39014866   -16.50642303   -16.42430009
       14     0.03427877   -16.42444220   -16.39016343   -16.50230182   -16.42444220
       15     0.03455627   -16.42474633   -16.39019006   -16.49890437   -16.42474633
       16     0.03456357   -16.42478117   -16.39021760   -16.49581378   -16.42478117
       17     0.03386377   -16.42409944   -16.39023567   -16.49258405   -16.42409944
       18     0.03216661   -16.42240345   -16.39023684   -16.48890828   -16.42240345
       19     0.02944978   -16.41966710   -16.39021732   -16.48474223   -16.41966710
       20     0.02601910   -16.41619734   -16.39017824   -16.48036686   -16.41619734
       21     0.02247995   -16.41260864   -16.39012869   -16.47636374   -16.41260864
       22     0.01959108   -16.40967601   -16.39008493   -16.47346965   -16.40967601
       23     0.01801479   -16.40807954   -16.39006475   -16.47232367   -16.40807954
       24     0.01805495   -16.40813240   -16.39007745   -16.47319795   -16.40813240
       25     0.01952154   -16.40963941   -16.39011787   -16.47585873   -16.40963941
       26     0.02180620   -16.41197541   -16.39016921   -16.47964631   -16.41197541
       27     0.02413111   -16.41434300   -16.39021189   -16.48373317   -16.41434300
       28     0.02584654   -16.41607799   -16.39023145   -16.48742890   -16.41607799
       29     0.02665434   -16.41687705   -16.39022271   -16.49040703   -16.41687705
       30     0.02669474   -16.41688449   -16.39018975   -16.49279103   -16.41688449
       31     0.02647816   -16.41662392   -16.39014576   -16.49508501   -16.41662392
       32     0.02667956   -16.41678889   -16.39010933   -16.49796293   -16.41678889
       33     0.02785322   -16.41795101   -16.39009779   -16.50197456   -16.41795101
       34     0.03017571   -16.42029399   -16.39011828   -16.50727663   -16.42029399
       35     0.03333487   -16.42349964   -16.39016477   -16.51351603   -16.42349964
       36     0.03662071   -16.42684100   -16.39022029   -16.51992104   -16.42684100
       37     0.03918624   -16.42944943   -16.39026319   -16.52556820   -16.42944943
       38     0.04037153   -16.43064857   -16.39027704   -16.52971814   -16.43064857
       39     0.03995370   -16.43021117   -16.39025747   -16.53207570   -16.43021117
       40     0.03821144   -16.42842631   -16.39021487   -16.53286087   -16.42842631
       41     0.03577475   -16.42594362   -16.39016887   -16.53265667   -16.42594362
       42     0.03333656   -16.42347417   -16.39013761   -16.53211317   -16.42347417
       43     0.03138066   -16.42150955   -16.39012889   -16.53166900   -16.42150955
       44     0.03005976   -16.42019802   -16.39013826   -16.53142983   -16.42019802
       45     0.02925011   -16.41940507   -16.39015496   -16.53123116   -16.41940507
       46     0.02870407   -16.41887392   -16.39016985   -16.53080107   -16.41887392
       47     0.02818842   -16.41836773   -16.39017931   -16.52990448   -16.41836773
       48     0.02754837   -16.41773209   -16.39018372   -16.52840704   -16.41773209
       49     0.02671173   -16.41689577   -16.39018404   -16.52627625   -16.41689577
       50     0.02568012   -16.41585991   -16.39017979   -16.52356939   -16.41585991
       51     0.02453416   -16.41470372   -16.39016956   -16.52043565   -16.41470372
       52     0.02344533   -16.41359934   -16.39015401   -16.51712662   -16.41359934
       53     0.02266181   -16.41279879   -16.39013698   -16.51397742   -16.41279879
       54     0.02244752   -16.41257226   -16.39012474   -16.51133964   -16.41257226
       55     0.02299086   -16.41311346   -16.39012260   -16.50948255   -16.41311346
       56     0.02432816   -16.41445962   -16.39013146   -16.50851011   -16.41445962
       57     0.02632921   -16.41647654   -16.39014733   -16.50834422   -16.41647654
       58     0.02875241   -16.41891665   -16.39016424   -16.50878227   -16.41891665
       59     0.03132644   -16.42150571   -16.39017927   -16.50958383   -16.42150571
       60     0.03379714   -16.42399041   -16.39019327   -16.51051880   -16.42399041
       61     0.03592252   -16.42613074   -16.39020822   -16.51136022   -16.42613074
       62     0.03745976   -16.42768141   -16.39022165   -16.51186614   -16.42768141
       63     0.03820199   -16.42842985   -16.39022786   -16.51181750   -16.42842985
       64     0.03805948   -16.42828147   -16.39022199   -16.51110324   -16.42828147
       65     0.03712302   -16.42732806   -16.39020504   -16.50978870   -16.42732806
       66     0.03565003   -16.42583310   -16.39018307   -16.50810177   -16.42583310
       67     0.03397252   -16.42413681   -16.39016429   -16.50633969   -16.42413681
       68     0.03237654   -16.42253144   -16.39015490   -16.50474723   -16.42253144
       69     0.03100479   -16.42116234   -16.39015755   -16.50342141   -16.42116234
       70     0.02981406   -16.41998509   -16.39017103   -16.50227255   -16.41998509
       71     0.02859621   -16.41878647   -16.39019026   -16.50104895   -16.41878647
       72     0.02705911   -16.41726636   -16.39020725   -16.49942174   -16.41726636
       73     0.02495535   -16.41516780   -16.39021245   -16.49711691   -16.41516780
       74     0.02223101   -16.41242854   -16.39019753   -16.49406703   -16.41242854
       75     0.01914310   -16.40930417   -16.39016107   -16.49053291   -16.40930417
       76     0.01627316   -16.40638491   -16.39011175   -16.48711732   -16.40638491
       77     0.01437857   -16.40444784   -16.39006927   -16.48461295   -16.40444784
       78     0.01409663   -16.40415181   -16.39005518   -16.48369307   -16.40415181
       79     0.01563135   -16.40571091   -16.39007956   -16.48458173   -16.40571091
       80     0.01861375   -16.40874643   -16.39013268   -16.48690455   -16.40874643
       81     0.02224425   -16.41243452   -16.39019027   -16.48983713   -16.41243452
       82     0.02564407   -16.41587289   -16.39022882   -16.49247428   -16.41587289
       83     0.02820745   -16.41844489   -16.39023744   -16.49419741   -16.41844489
       84     0.02977159   -16.41999236   -16.39022077   -16.49485054   -16.41999236
       85     0.03056529   -16.42075706   -16.39019177   -16.49468385   -16.42075706
       86     0.03101989   -16.42118419   -16.39016430   -16.49415822   -16.42118419
       87     0.03155881   -16.42170661   -16.39014780   -16.49372918   -16.42170661
       88     0.03244283   -16.42258958   -16.39014675   -16.49369055   -16.42258958
       89     0.03369292   -16.42385417   -16.39016125   -16.49409584   -16.42385417
       90     0.03508406   -16.42527201   -16.39018795   -16.49475078   -16.42527201
       91     0.03620193   -16.42642150   -16.39021957   -16.49526706   -16.42642150
       92     0.03656148   -16.42680696   -16.39024548   -16.49517949   -16.42680696
       93     0.03577680   -16.42603023   -16.39025343   -16.49411639   -16.42603023
       94     0.03374408   -16.42397929   -16.39023521   -16.49198790   -16.42397929
       95     0.03075723   -16.42095011   -16.39019288   -16.48910868   -16.42095011
       96     0.02746599   -16.41760737   -16.39014138   -16.48615968   -16.41760737
       97     0.02465048   -16.41475267   -16.39010219   -16.48395721   -16.41475267
       98     0.02290800   -16.41299833   -16.39009033   -16.48312675   -16.41299833
       99     0.02243361   -16.41253896   -16.39010535   -16.48387295   -16.41253896
      100     0.02301912   -16.41315317   -16.39013405   -16.48597893   -16.41315317
      101     0.02423947   -16.41440025   -16.39016078   -16.48900018   -16.41440025
      102     0.02568092   -16.41585726   -16.39017634   -16.49249907   -16.41585726
      103     0.02708820   -16.41726737   -16.39017917   -16.49619139   -16.41726737
      104     0.02839714   -16.41857029   -16.39017315   -16.49997576   -16.41857029
      105     0.02968431   -16.41984830   -16.39016399   -16.50387917   -16.41984830
      106     0.03107736   -16.42123539   -16.39015803   -16.50796671   -16.42123539
      107     0.03265993   -16.42281965   -16.39015972   -16.51224567   -16.42281965
      108     0.03439958   -16.42457071   -16.39017113   -16.51659633   -16.42457071
      109     0.03611967   -16.42631001   -16.39019034   -16.52074717   -16.42631001
      110     0.03752875   -16.42774053   -16.39021178   -16.52431109   -16.42774053
      111     0.03831100   -16.42853755   -16.39022655   -16.52688327   -16.42853755
      112     0.03826342   -16.42848898   -16.39022556   -16.52818770   -16.42848898
      113     0.03742688   -16.42763223   -16.39020535   -16.52821765   -16.42763223
      114     0.03612520   -16.42629834   -16.39017314   -16.52727902   -16.42629834
      115     0.03484708   -16.42499261   -16.39014553   -16.52586608   -16.42499261
      116     0.03400313   -16.42414101   -16.39013788   -16.52440078   -16.42414101
      117     0.03371035   -16.42386267   -16.39015232   -16.52300098   -16.42386267
      118     0.03376178   -16.42393848   -16.39017670   -16.52144996   -16.42393848
      119     0.03379479   -16.42399006   -16.39019527   -16.51938235   -16.42399006
      120     0.03352210   -16.42372086   -16.39019876   -16.51653372   -16.42372086
      121     0.03287794   -16.42306496   -16.39018702   -16.51289484   -16.42306496
      122     0.03202995   -16.42219629   -16.39016634   -16.50871995   -16.42219629
      123     0.03129167   -16.42143680   -16.39014513   -16.50442851   -16.42143680
      124     0.03098930   -16.42112099   -16.39013169   -16.50046081   -16.42112099
      125     0.03132990   -16.42146186   -16.39013196   -16.49713523   -16.42146186
      126     0.03231211   -16.42245908   -16.39014697   -16.49454887   -16.42245908
      127     0.03371244   -16.42388475   -16.39017231   -16.49255836   -16.42388475
      128     0.03515432   -16.42535354   -16.39019922   -16.49084731   -16.42535354
      129     0.03623987   -16.42645729   -16.39021742   -16.48905977   -16.42645729
      130     0.03670787   -16.42692584   -16.39021797   -16.48696150   -16.42692584
      131     0.03656776   -16.42676505   -16.39019729   -16.48457962   -16.42676505
      132     0.03614381   -16.42630560   -16.39016179   -16.48225466   -16.42630560
      133     0.03597007   -16.42609816   -16.39012809   -16.48054010   -16.42609816
      134     0.03654267   -16.42665799   -16.39011532   -16.47995222   -16.42665799
      135     0.03804819   -16.42817995   -16.39013176   -16.48068910   -16.42817995
      136     0.04024894   -16.43041702   -16.39016808   -16.48251100   -16.43041702
      137     0.04261194   -16.43281677   -16.39020483   -16.48487548   -16.43281677
      138     0.04458532   -16.43481176   -16.39022644   -16.48722378   -16.43481176
      139     0.04582680   -16.43605681   -16.39023001   -16.48921295   -16.43605681
      140     0.04626009   -16.43648301   -16.39022292   -16.49076488   -16.43648301
      141     0.04598413   -16.43619770   -16.39021357   -16.49196257   -16.43619770
      142     0.04515183   -16.43535752   -16.39020569   -16.49292117   -16.43535752
      143     0.04390921   -16.43410705   -16.39019784   -16.49372602   -16.43410705
      144     0.04239764   -16.43258666   -16.39018902   -16.49444167   -16.43258666
      145     0.04076125   -16.43094249   -16.39018124   -16.49512503   -16.43094249
      146     0.03911697   -16.42929528   -16.39017831   -16.49579871   -16.42929528
      147     0.03750982   -16.42769057   -16.39018075   -16.49640742   -16.42769057
      148     0.03591673   -16.42609931   -16.39018258   -16.49682517   -16.42609931
      149     0.03433772   -16.42451176   -16.39017404   -16.49695509   -16.42451176
      150     0.03292624   -16.42307696   -16.39015072   -16.49687362   -16.42307696
      151     0.03203983   -16.42216038   -16.39012055   -16.49689119   -16.42216038
      152     0.03211636   -16.42221816   -16.39010180   -16.49742718   -16.42221816
      153     0.03341356   -16.42352368   -16.39011012   -16.49873593   -16.42352368
      154     0.03579629   -16.42594065   -16.39014436   -16.50067822   -16.42594065
      155     0.03875242   -16.42893963   -16.39018721   -16.50273605   -16.42893963
      156     0.04163707   -16.43185498   -16.39021791   -16.50426797   -16.43185498
      157     0.04397256   -16.43419794   -16.39022538   -16.50482092   -16.43419794
      158     0.04562036   -16.43583160   -16.39021124   -16.50430414   -16.43583160
      159     0.04676555   -16.43695137   -16.39018582   -16.50296852   -16.43695137
      160     0.04776723   -16.43792967   -16.39016244   -16.50125026   -16.43792967
      161     0.04896087   -16.43911266   -16.39015179   -16.49956591   -16.43911266
      162     0.05049214   -16.44065122   -16.39015908   -16.49814137   -16.44065122
      163     0.05224111   -16.44242230   -16.39018119   -16.49693020   -16.44242230
      164     0.05386157   -16.44407068   -16.39020911   -16.49565124   -16.44407068
      165     0.05491385   -16.44514560   -16.39023175   -16.49392000   -16.44514560
      166     0.05503510   -16.44527546   -16.39024036   -16.49141681   -16.44527546
      167     0.05408414   -16.44431395   -16.39022981   -16.48802609   -16.44431395
      168     0.05222224   -16.44242283   -16.39020059   -16.48391357   -16.44242283
      169     0.04990147   -16.44006207   -16.39016060   -16.47951439   -16.44006207
      170     0.04773382   -16.43785898   -16.39012516   -16.47540583   -16.43785898
      171     0.04625930   -16.43636915   -16.39010985   -16.47207746   -16.43636915
      172     0.04571851   -16.43583847   -16.39011996   -16.46970574   -16.43583847
      173     0.04597786   -16.43612345   -16.39014559   -16.46808630   -16.43612345
      174     0.04666537   -16.43683503   -16.39016966   -16.46678611   -16.43683503
      175     0.04741540   -16.43759535   -16.39017995   -16.46540316   -16.43759535
      176     0.04805653   -16.43823072   -16.39017419   -16.46375891   -16.43823072
      177     0.04865605   -16.43881410   -16.39015805   -16.46193756   -16.43881410
      178     0.04944596   -16.43958549   -16.39013953   -16.46020380   -16.43958549
      179     0.05070405   -16.44082948   -16.39012543   -16.45887986   -16.44082948
      180     0.05264188   -16.44276372   -16.39012184   -16.45823713   -16.44276372
      181     0.05530826   -16.44544242   -16.39013416   -16.45840813   -16.44544242
      182     0.05850854   -16.44867533   -16.39016679   -16.45932306   -16.44867533
      183     0.06176239   -16.45198029   -16.39021790   -16.46069012   -16.45198029
      184     0.06435980   -16.45463261   -16.39027281   -16.46205244   -16.45463261
      185     0.06560179   -16.45590309   -16.39030130   -16.46289450   -16.45590309
      186     0.06516127   -16.45544943   -16.39028816   -16.46276565   -16.45544943
      187     0.06327889   -16.45352121   -16.39024232   -16.46151860   -16.45352121
      188     0.06069009   -16.45086961   -16.39017952   -16.45952489   -16.45086961
      189     0.05837806   -16.44850166   -16.39012360   -16.45754759   -16.44850166
      190     0.05721055   -16.44730868   -16.39009813   -16.45633774   -16.44730868
      191     0.05760023   -16.44771091   -16.39011068   -16.45623765   -16.44771091
      192     0.05939396   -16.44954238   -16.39014842   -16.45704319   -16.44954238
      193     0.06204808   -16.45223761   -16.39018953   -16.45818001   -16.45223761
      194     0.06494128   -16.45515919   -16.39021791   -16.45902611   -16.45515919
      195     0.06762040   -16.45785014   -16.39022974   -16.45916232   -16.45785014
      196     0.06837466   -16.45844646   -16.39007180   -16.46011878   -16.45844646
      197     0.06699187   -16.45704480   -16.39005293   -16.46151550   -16.45704480
      198     0.07227388   -16.46230700   -16.39003312   -16.46230700   -16.45522052
      199     0.07362494   -16.46368139   -16.39005645   -16.46368139   -16.45425319
      200     0.07472216   -16.46479429   -16.39007213   -16.46479429   -16.45249992
      201     0.07530451   -16.46538728   -16.39008277   -16.46538728   -16.45000521
      202     0.07517320   -16.46526182   -16.39008862   -16.46526182   -16.44674387
      203     0.07421327   -16.46429973   -16.39008646   -16.46429973   -16.44271092
      204     0.07244133   -16.46251459   -16.39007326   -16.46251459   -16.43800202
      205     0.07005229   -16.46010101   -16.39004872   -16.46010101   -16.43287471
      206     0.06741865   -16.45743719   -16.39001854   -16.45743719   -16.42775448
      207     0.06499984   -16.45499269   -16.38999285   -16.45499269   -16.42314168
      208     0.06318489   -16.45316608   -16.38998119   -16.45316608   -16.41944683
      209     0.06215794   -16.45214328   -16.38998534   -16.45214328   -16.41684915
      210     0.06186550   -16.45186599   -16.39000049   -16.45186599   -16.41526885
      211     0.06208269   -16.45210294   -16.39002025   -16.45210294   -16.41444701
      212     0.06250585   -16.45254699   -16.39004114   -16.45254699   -16.41405195
      213     0.06281706   -16.45287751   -16.39006045   -16.45287751   -16.41374948
      214     0.06272938   -16.45280419   -16.39007481   -16.45280419   -16.41324831
      215     0.06203774   -16.45211782   -16.39008008   -16.45211782   -16.41234730
      216     0.06067171   -16.45074627   -16.39007456   -16.45074627   -16.41098299
      217     0.05871517   -16.44877587   -16.39006070   -16.44877587   -16.40924307
      218     0.05637170   -16.44641518   -16.39004348   -16.44641518   -16.40732364
      219     0.05389267   -16.44392054   -16.39002787   -16.44392054   -16.40545289
      220     0.05151271   -16.44152794   -16.39001523   -16.44152794   -16.40382415
      221     0.04942862   -16.43943212   -16.39000350   -16.43943212   -16.40257778
      222     0.04783184   -16.43782011   -16.38998827   -16.43782011   -16.40183804
      223     0.04696299   -16.43693100   -16.38996801   -16.43693100   -16.40177629
      224     0.04712315   -16.43707089   -16.38994774   -16.43707089   -16.40262841
      225     0.04859447   -16.43853343   -16.38993896   -16.43853343   -16.40461788
      226     0.05148169   -16.44143341   -16.38995172   -16.44143341   -16.40779252
      227     0.05556837   -16.44555590   -16.38998753   -16.44555590   -16.41187782
      228     0.06030892   -16.45034388   -16.39003496   -16.45034388   -16.41626943
      229     0.06500097   -16.45507530   -16.39007433   -16.45507530   -16.42021525
      230     0.06906805   -16.45915730   -16.39008925   -16.45915730   -16.42311346
      231     0.07230000   -16.46237537   -16.39007537   -16.46237537   -16.42476264
      232     0.07490261   -16.46494822   -16.39004561   -16.46494822   -16.42541431
      233     0.07730914   -16.46733204   -16.39002290   -16.46733204   -16.42557224
      234     0.07985722   -16.46988220   -16.39002498   -16.46988220   -16.42564780
      235     0.08253844   -16.47259130   -16.39005286   -16.47259130   -16.42569141
      236     0.08498171   -16.47507300   -16.39009129   -16.47507300   -16.42537035
      237     0.08665618   -16.47677793   -16.39012175   -16.47677793   -16.42417945
      238     0.08713515   -16.47726767   -16.39013252   -16.47726767   -16.42171117
      239     0.08627475   -16.47639580   -16.39012105   -16.47639580   -16.41783364
      240     0.08426805   -16.47435764   -16.39008959   -16.47435764   -16.41273805
      241     0.08161422   -16.47165782   -16.39004360   -16.47165782   -16.40690428
      242     0.07903621   -16.46902757   -16.38999136   -16.46902757   -16.40101606
      243     0.07734744   -16.46729224   -16.38994480   -16.46729224   -16.39582667
      244     0.07726458   -16.46718194   -16.38991736   -16.46718194   -16.39197008
      245     0.07920587   -16.46912433   -16.38991846   -16.46912433   -16.38975638
      246     0.08315265   -16.47310096   -16.38994831   -16.47310096   -16.38903554
      247     0.08864358   -16.47864123   -16.38999765   -16.47864123   -16.38920391
      248     0.09491262   -16.48496585   -16.39005323   -16.48496585   -16.38937128
      249     0.10109556   -16.49120192   -16.39010636   -16.49120192   -16.38863682
      250     0.10635931   -16.49652747   -16.39016816   -16.49652747   -16.38644038
      251     0.10983179   -16.50008107   -16.39024928   -16.50008107   -16.38303515
      252     0.11088798   -16.50109386   -16.39020588   -16.50109386   -16.37953484
      253     0.11010913   -16.50019036   -16.39008123   -16.50019036   -16.37648741
      254     0.10898718   -16.49899536   -16.39000818   -16.49899536   -16.37388634
      255     0.10860162   -16.49860062   -16.38999900   -16.49860062   -16.37192655
      256     0.10913823   -16.49917804   -16.39003981   -16.49917804   -16.37053751
      257     0.11007856   -16.50017012   -16.39009156   -16.50017012   -16.36920000
      258     0.11071904   -16.50083792   -16.39011888   -16.50083792   -16.36732383
      259     0.11065646   -16.50077005   -16.39011359   -16.50077005   -16.36469292
      260     0.10992876   -16.50001822   -16.39008946   -16.50001822   -16.36158780
      261     0.10886436   -16.49892611   -16.39006175   -16.49892611   -16.35859050
      262     0.10787331   -16.49791160   -16.39003829   -16.49791160   -16.35629455
      263     0.10730380   -16.49732849   -16.39002469   -16.49732849   -16.35511564
      264     0.10735371   -16.49737771   -16.39002400   -16.49737771   -16.35522925
      265     0.10802729   -16.49806241   -16.39003512   -16.49806241   -16.35658616
      266     0.10915804   -16.49921001   -16.39005197   -16.49921001   -16.35897970
      267     0.11049073   -16.50055776   -16.39006703   -16.50055776   -16.36214500
      268     0.11177617   -16.50185439   -16.39007822   -16.50185439   -16.36585855
      269     0.11282360   -16.50291044   -16.39008684   -16.50291044   -16.36998606
      270     0.11348367   -16.50358047   -16.39009680   -16.50358047   -16.37445258
      271     0.11359130   -16.50370192   -16.39011062   -16.50370192   -16.37914363
      272     0.11292996   -16.50305709   -16.39012713   -16.50305709   -16.38378190
      273     0.11123626   -16.50138124   -16.39014498   -16.50138124   -16.38785461
      274     0.10824857   -16.49840366   -16.39015509   -16.49840366   -16.39069281
      275     0.10387784   -16.49401232   -16.39013448   -16.49401232   -16.39178997
      276     0.09852765   -16.48859092   -16.39006327   -16.48859092   -16.39125552
      277     0.09330090   -16.48326210   -16.38996120   -16.48326210   -16.39007430
      278     0.08965484   -16.47955021   -16.38989537   -16.47955021   -16.38973434
      279     0.08849154   -16.47841144   -16.38991990   -16.47841144   -16.39121644
      280     0.08946590   -16.47947800   -16.39001210   -16.47947800   -16.39420614
      281     0.09125975   -16.48136118   -16.39010143   -16.48136118   -16.39737448
      282     0.09250645   -16.48264923   -16.39014278   -16.48264923   -16.39936113
      283     0.09246269   -16.48260108   -16.39013839   -16.48260108   -16.39946040
      284     0.09107115   -16.48118001   -16.39010886   -16.48118001   -16.39765160
      285     0.08871041   -16.47877950   -16.39006909   -16.47877950   -16.39432179
      286     0.08596943   -16.47599535   -16.39002592   -16.47599535   -16.39003998
      287     0.08352692   -16.47351024   -16.38998332   -16.47351024   -16.38544800
      288     0.08205931   -16.47200772   -16.38994841   -16.47200772   -16.38118290
      289     0.08212449   -16.47205391   -16.38992942   -16.47205391   -16.37777048
      290     0.08403157   -16.47396535   -16.38993378   -16.47396535   -16.37551058
      291     0.08772626   -16.47769318   -16.38996692   -16.47769318   -16.37439288
      292     0.09271811   -16.48274901   -16.39003090   -16.48274901   -16.37408810
      293     0.09806421   -16.48818772   -16.39012351   -16.48818772   -16.37404410
      294     0.10245419   -16.49268091   -16.39022672   -16.49268091   -16.37364915
      295     0.10452233   -16.49481750   -16.39029517   -16.49481750   -16.37229918
      296     0.10341735   -16.49370893   -16.39029158   -16.49370893   -16.36932669
      297     0.09929163   -16.48950547   -16.39021384   -16.48950547   -16.36428471
      298     0.09346478   -16.48353323   -16.39006845   -16.48353323   -16.35767784
      299     0.08824704   -16.47814854   -16.38990150   -16.47814854   -16.35127162
      300     0.08614371   -16.47595263   -16.38980892   -16.47595263   -16.34735659
      301     0.08852379   -16.47837931   -16.38985552   -16.47837931   -16.34727424
      302     0.09476595   -16.48477090   -16.39000495   -16.48477090   -16.35044091
      303     0.10272779   -16.49288950   -16.39016171   -16.49288950   -16.35482594
      304     0.11004072   -16.50030172   -16.39026100   -16.50030172   -16.35831115
      305     0.11509211   -16.50538703   -16.39029492   -16.50538703   -16.35968337
      306     0.11724700   -16.50753172   -16.39028472   -16.50753172   -16.35883312
      307     0.11660738   -16.50685762   -16.39025024   -16.50685762   -16.35649963
      308     0.11371219   -16.50391323   -16.39020104   -16.50391323   -16.35391020
      309     0.10939051   -16.49952243   -16.39013192   -16.49952243   -16.35232646
      310     0.10469723   -16.49475375   -16.39005652   -16.49475375   -16.35254791
      311     0.10067377   -16.49068167   -16.39000790   -16.49068167   -16.35475212
      312     0.09799272   -16.48798799   -16.38999527   -16.48798799   -16.35872006
      313     0.09681024   -16.48681996   -16.39000972   -16.48681996   -16.36401678
      314     0.09686662   -16.48690534   -16.39003872   -16.48690534   -16.37005263
      315     0.09766387   -16.48773623   -16.39007236   -16.48773623   -16.37615170
      316     0.09862330   -16.48872805   -16.39010475   -16.48872805   -16.38163746
      317     0.09919402   -16.48932591   -16.39013189   -16.48932591   -16.38590211
      318     0.09895121   -16.48909431   -16.39014310   -16.48909431   -16.38847861
      319     0.09778014   -16.48789798   -16.39011784   -16.48789798   -16.38921228
      320     0.09614848   -16.48619325   -16.39004477   -16.48619325   -16.38854789
      321     0.09518353   -16.48514029   -16.38995676   -16.48514029   -16.38764189
      322     0.09613561   -16.48606470   -16.38992909   -16.48606470   -16.38782834
      323     0.09936506   -16.48936975   -16.39000469   -16.48936975   -16.38954404
      324     0.10380417   -16.49394099   -16.39013682   -16.49394099   -16.39175936
      325     0.10755972   -16.49780026   -16.39024054   -16.49780026   -16.39267794
      326     0.10904638   -16.49932269   -16.39027631   -16.49932269   -16.39100491
      327     0.10762242   -16.49787792   -16.39025550   -16.49787792   -16.38658931
      328     0.10351209   -16.49371430   -16.39020221   -16.49371430   -16.38016291
      329     0.09745733   -16.48759392   -16.39013659   -16.48759392   -16.37270929
      330     0.09040308   -16.48047882   -16.39007574   -16.48047882   -16.36505093
      331     0.08326451   -16.47329179   -16.39002728   -16.47329179   -16.35780485
      332     0.07680473   -16.46679546   -16.38999073   -16.46679546   -16.35145890
      333     0.07161066   -16.46157492   -16.38996426   -16.46157492   -16.34640287
      334     0.06810728   -16.45805448   -16.38994720   -16.45805448   -16.34292316
      335     0.06656830   -16.45650786   -16.38993956   -16.45650786   -16.34118736
      336     0.06711626   -16.45705841   -16.38994215   -16.45705841   -16.34123553
      337     0.06970822   -16.45966617   -16.38995795   -16.45966617   -16.34297594
      338     0.07408282   -16.46407650   -16.38999368   -16.46407650   -16.34614824
      339     0.07965645   -16.46971371   -16.39005726   -16.46971371   -16.35022670
      340     0.08543296   -16.47557996   -16.39014700   -16.47557996   -16.35431438
      341     0.09008265   -16.48031960   -16.39023695   -16.48031960   -16.35718931
      342     0.09235385   -16.48263308   -16.39027923   -16.48263308   -16.35770164
      343     0.09175740   -16.48199040   -16.39023300   -16.48199040   -16.35548994
      344     0.08908058   -16.47919446   -16.39011388   -16.47919446   -16.35157579
      345     0.08612354   -16.47612518   -16.39000164   -16.47612518   -16.34816441
      346     0.08456250   -16.47453636   -16.38997386   -16.47453636   -16.34738574
      347     0.08489453   -16.47491640   -16.39002187   -16.47491640   -16.34983493
      348     0.08643069   -16.47652043   -16.39008974   -16.47652043   -16.35431198
      349     0.08809372   -16.47822028   -16.39012656   -16.47822028   -16.35902497
      350     0.08919276   -16.47931242   -16.39011966   -16.47931242   -16.36277999
      351     0.08965604   -16.47974510   -16.39008906   -16.47974510   -16.36522296
      352     0.08980920   -16.47986500   -16.39005580   -16.47986500   -16.36652264
      353     0.09009550   -16.48012169   -16.39002619   -16.48012169   -16.36703864
      354     0.09094522   -16.48094365   -16.38999843   -16.48094365   -16.36715327
      355     0.09276752   -16.48273747   -16.38996995   -16.48273747   -16.36723918
      356     0.09596916   -16.48591011   -16.38994095   -16.48591011   -16.36764884
      357     0.10093128   -16.49085103   -16.38991975   -16.49085103   -16.36865169
      358     0.10786628   -16.49779325   -16.38992697   -16.49779325   -16.37031954
      359     0.11548770   -16.50522366   -16.38973596   -16.50522366   -16.37470245
      360     0.12242999   -16.51225083   -16.38982084   -16.51225083   -16.37962923
      361     0.12815697   -16.51807014   -16.38991317   -16.51807014   -16.38332980
      362     0.13136665   -16.52135955   -16.38999290   -16.52135955   -16.38464055
      363     0.13100811   -16.52104696   -16.39003885   -16.52104696   -16.38269704
      364     0.12661972   -16.51664533   -16.39002561   -16.51664533   -16.37724838
      365     0.11868175   -16.50861417   -16.38993242   -16.50861417   -16.36896163
      366     0.10881520   -16.49859465   -16.38977945   -16.49859465   -16.35957778
      367     0.09938887   -16.48903528   -16.38964641   -16.48903528   -16.35148459
      368     0.09237639   -16.48199310   -16.38961671   -16.48199310   -16.34654152
      369     0.08826118   -16.47794806   -16.38968688   -16.47794806   -16.34497914
      370     0.08606785   -16.47584480   -16.38977695   -16.47584480   -16.34552155
      371     0.08440240   -16.47422646   -16.38982406   -16.47422646   -16.34655993
      372     0.08235950   -16.47218628   -16.38982678   -16.47218628   -16.34711227
      373     0.07966866   -16.46947974   -16.38981108   -16.46947974   -16.34692326
      374     0.07640251   -16.46619443   -16.38979192   -16.46619443   -16.34610004
      375     0.07276322   -16.46253031   -16.38976709   -16.46253031   -16.34483763
      376     0.06908267   -16.45881492   -16.38973225   -16.45881492   -16.34340929
      377     0.06583551   -16.45553183   -16.38969632   -16.45553183   -16.34222219
      378     0.06349236   -16.45316982   -16.38967746   -16.45316982   -16.34171140
      379     0.06226932   -16.45195490   -16.38968558   -16.45195490   -16.34210176
      380     0.06199086   -16.45170410   -16.38971324   -16.45170410   -16.34327450
      381     0.06218561   -16.45192982   -16.38974421   -16.45192982   -16.34487583
      382     0.06231154   -16.45208044   -16.38976890   -16.45208044   -16.34655751
      383     0.06192871   -16.45171412   -16.38978541   -16.45171412   -16.34813221
      384     0.06075438   -16.45054817   -16.38979379   -16.45054817   -16.34953991
      385     0.05865878   -16.44845321   -16.38979443   -16.44845321   -16.35067945
      386     0.05566618   -16.44545024   -16.38978406   -16.44545024   -16.35131111
      387     0.05201791   -16.44176800   -16.38975009   -16.44176800   -16.35124872
      388     0.04834989   -16.43802931   -16.38967942   -16.43802931   -16.35076086
      389     0.04579620   -16.43538957   -16.38959337   -16.43538957   -16.35079103
      390     0.04560940   -16.43516404   -16.38955464   -16.43516404   -16.35255649
      391     0.04830568   -16.43791323   -16.38960755   -16.43791323   -16.35658415
      392     0.05310959   -16.44282775   -16.38971816   -16.44282775   -16.36205957
      393     0.05840679   -16.44821208   -16.38980529   -16.44821208   -16.36728863
      394     0.06283124   -16.45265102   -16.38981978   -16.45265102   -16.37085127
      395     0.06598658   -16.45576086   -16.38977428   -16.45576086   -16.37234617
      396     0.06834986   -16.45806427   -16.38971441   -16.45806427   -16.37226253
      397     0.07068368   -16.46036073   -16.38967705   -16.46036073   -16.37134946
      398     0.07351797   -16.46318743   -16.38966946   -16.46318743   -16.37007664
      399     0.07701784   -16.46669332   -16.38967548   -16.46669332   -16.36851040
      400     0.08116343   -16.47084210   -16.38967867   -16.47084210   -16.36652567
      401     0.08596061   -16.47563609   -16.38967548   -16.47563609   -16.36405453
      402     0.09148627   -16.48116196   -16.38967569   -16.48116196   -16.36118444
      403     0.09774363   -16.48746218   -16.38971855   -16.48746218   -16.35816178
      404     0.10278875   -16.49048227   -16.38769352   -16.49048227   -16.36038766
      405     0.10674503   -16.49463147   -16.38788644   -16.49463147   -16.36234473
      406     0.11063751   -16.49860361   -16.38796610   -16.49860361   -16.36306626
      407     0.11319590   -16.50122653   -16.38803063   -16.50122653   -16.36227851
      408     0.11353416   -16.50161962   -16.38808546   -16.50161962   -16.35956606
      409     0.11101316   -16.49912035   -16.38810719   -16.49912035   -16.35477417
      410     0.10555746   -16.49361704   -16.38805958   -16.49361704   -16.34818350
      411     0.09801705   -16.48596679   -16.38794974   -16.48596679   -16.34056833
      412     0.09007467   -16.47789976   -16.38782509   -16.47789976   -16.33321668
      413     0.08359482   -16.47133577   -16.38774095   -16.47133577   -16.32756583
      414     0.07985549   -16.46757534   -16.38771985   -16.46757534   -16.32456370
      415     0.07920258   -16.46694925   -16.38774667   -16.46694925   -16.32435246
      416     0.08121847   -16.46901725   -16.38779878   -16.46901725   -16.32645422
      417     0.08504898   -16.47291189   -16.38786291   -16.47291189   -16.33008822
      418     0.08964192   -16.47756814   -16.38792622   -16.47756814   -16.33436463
      419     0.09394295   -16.48191778   -16.38797483   -16.48191778   -16.33843311
      420     0.09712003   -16.48511908   -16.38799905   -16.48511908   -16.34166531
      421     0.09872923   -16.48672666   -16.38799743   -16.48672666   -16.34379918
      422     0.09872141   -16.48670013   -16.38797872   -16.48670013   -16.34496881
      423     0.09731753   -16.48527203   -16.38795450   -16.48527203   -16.34563782
      424     0.09486933   -16.48279256   -16.38792323   -16.48279256   -16.34647115
      425     0.09186353   -16.47973738   -16.38787385   -16.47973738   -16.34803601
      426     0.08885774   -16.47670559   -16.38784785   -16.47670559   -16.35036494
      427     0.08616621   -16.47402036   -16.38785415   -16.47402036   -16.35309784
      428     0.08369326   -16.47157466   -16.38788140   -16.47157466   -16.35575736
      429     0.08104789   -16.46896217   -16.38791428   -16.46896217   -16.35776698
      430     0.07777295   -16.46570617   -16.38793322   -16.46570617   -16.35852299
      431     0.07364143   -16.46155913   -16.38791770   -16.46155913   -16.35764732
      432     0.06894753   -16.45680521   -16.38785768   -16.45680521   -16.35531330
      433     0.06460861   -16.45238032   -16.38777171   -16.45238032   -16.35238442
      434     0.06186876   -16.44957446   -16.38770570   -16.44957446   -16.35012055
      435     0.06165862   -16.44935901   -16.38770039   -16.44935901   -16.34950383
      436     0.06405325   -16.45180808   -16.38775483   -16.45180808   -16.35065620
      437     0.06828075   -16.45611101   -16.38783026   -16.45611101   -16.35284536
      438     0.07323602   -16.46112424   -16.38788822   -16.46112424   -16.35502802
      439     0.07802259   -16.46593971   -16.38791712   -16.46593971   -16.35641039
      440     0.08215513   -16.47008283   -16.38792770   -16.47008283   -16.35664175
      441     0.08544953   -16.47338423   -16.38793470   -16.47338423   -16.35568698
      442     0.08782588   -16.47577185   -16.38794597   -16.47577185   -16.35362191
      443     0.08918523   -16.47714652   -16.38796129   -16.47714652   -16.35051075
      444     0.08939683   -16.47737133   -16.38797450   -16.47737133   -16.34638844
      445     0.08836911   -16.47634567   -16.38797656   -16.47634567   -16.34131449
      446     0.08618081   -16.47413506   -16.38795425   -16.47413506   -16.33546519
      447     0.08320846   -16.47112093   -16.38791247   -16.47112093   -16.32927339
      448     0.08004299   -16.46792549   -16.38788250   -16.46792549   -16.32363442
      449     0.07730475   -16.46515243   -16.38784768   -16.46515243   -16.31985060
      450     0.07574396   -16.46351953   -16.38777557   -16.46351953   -16.31887681
      451     0.07638047   -16.46410635   -16.38772588   -16.46410635   -16.32044504
      452     0.07988263   -16.46762570   -16.38774307   -16.46762570   -16.32411685
      453     0.08599315   -16.47381098   -16.38781783   -16.47381098   -16.32947423
      454     0.09360123   -16.48152867   -16.38792744   -16.48152867   -16.33553564
      455     0.10113999   -16.48916555   -16.38802556   -16.48916555   -16.34100271
      456     0.10722617   -16.49529746   -16.38807129   -16.49529746   -16.34489493
      457     0.11120385   -16.49926460   -16.38806075   -16.49926460   -16.34712787
      458     0.11319808   -16.50122134   -16.38802326   -16.50122134   -16.34850921
      459     0.11367348   -16.50167539   -16.38800191   -16.50167539   -16.34996993
      460     0.11285535   -16.50087649   -16.38802114   -16.50087649   -16.35175255
      461     0.11048048   -16.49853805   -16.38805757   -16.49853805   -16.35331396
      462     0.10609028   -16.49416014   -16.38806986   -16.49416014   -16.35389548
      463     0.09957319   -16.48760445   -16.38803126   -16.48760445   -16.35313491
      464     0.09149963   -16.47945055   -16.38795092   -16.47945055   -16.35115169
      465     0.08293109   -16.47080725   -16.38787616   -16.47080725   -16.34829838
      466     0.07490209   -16.46272930   -16.38782721   -16.46272930   -16.34505433
      467     0.06813905   -16.45593509   -16.38779604   -16.45593509   -16.34190055
      468     0.06312119   -16.45089114   -16.38776995   -16.45089114   -16.33923311
      469     0.06024125   -16.44798411   -16.38774286   -16.44798411   -16.33742918
      470     0.05987076   -16.44759684   -16.38772608   -16.44759684   -16.33695234
      471     0.06220793   -16.44994932   -16.38774139   -16.44994932   -16.33834320
      472     0.06703217   -16.45481619   -16.38778402   -16.45481619   -16.34196527
      473     0.07367070   -16.46151467   -16.38784397   -16.46151467   -16.34751869
      474     0.08113423   -16.46904966   -16.38791543   -16.46904966   -16.35396215
      475     0.08831899   -16.47629215   -16.38797316   -16.47629215   -16.36002546
      476     0.09434147   -16.48233853   -16.38799706   -16.48233853   -16.36474123
      477     0.09881988   -16.48680487   -16.38798499   -16.48680487   -16.36773220
      478     0.10190013   -16.48985228   -16.38795215   -16.48985228   -16.36920494
      479     0.10403346   -16.49195572   -16.38792226   -16.49195572   -16.36970025
      480     0.10563270   -16.49354957   -16.38791687   -16.49354957   -16.36973662
      481     0.10676150   -16.49470646   -16.38794496   -16.49470646   -16.36948998
      482     0.10701505   -16.49501054   -16.38799549   -16.49501054   -16.36865396
      483     0.10565018   -16.49370221   -16.38805203   -16.49370221   -16.36662851
      484     0.10191775   -16.48999249   -16.38807474   -16.48999249   -16.36293265
      485     0.09562979   -16.48365606   -16.38802627   -16.48365606   -16.35740169
      486     0.08752230   -16.47545031   -16.38792801   -16.47545031   -16.35033639
      487     0.07904930   -16.46686547   -16.38781617   -16.46686547   -16.34266473
      488     0.07191392   -16.45963336   -16.38771944   -16.45963336   -16.33572061
      489     0.06759347   -16.45525697   -16.38766350   -16.45525697   -16.33079544
      490     0.06694965   -16.45461283   -16.38766318   -16.45461283   -16.32872171
      491     0.07000575   -16.45772138   -16.38771563   -16.45772138   -16.32963624
      492     0.07598413   -16.46378540   -16.38780127   -16.46378540   -16.33301616
      493     0.08358873   -16.47148213   -16.38789340   -16.47148213   -16.33796384
      494     0.09138905   -16.47936018   -16.38797113   -16.47936018   -16.34356832
      495     0.09814812   -16.48616949   -16.38802137   -16.48616949   -16.34914497
      496     0.10303226   -16.49107229   -16.38804003   -16.49107229   -16.35426297
      497     0.10567765   -16.49370987   -16.38803222   -16.49370987   -16.35864861
      498     0.10612757   -16.49413238   -16.38800481   -16.49413238   -16.36215236
      499     0.10476218   -16.49272009   -16.38795791   -16.49272009   -16.36480996
      500     0.10227007   -16.49016668   -16.38789661   -16.49016668   -16.36688942
      501     0.09952441   -16.48736842   -16.38784401   -16.48736842   -16.36883878
      502     0.09723662   -16.48507029   -16.38783367   -16.48507029   -16.37102640
      503     0.09551838   -16.48339749   -16.38787911   -16.48339749   -16.37335104
