#     Density Matrix: population Re; see the manual for detail orders
        0     0.00000000     1.00000000
        1     0.00000000     1.00000000
        2     0.00000000     1.00000000
        3     0.00000000     1.00000000
        4     0.00000000     1.00000000
        5     0.00000000     1.00000000
        6     0.00000000     1.00000000
        7     0.00000000     1.00000000
        8     0.00000000     1.00000000
        9     0.00000000     1.00000000
       10     0.00000000     1.00000000
       11     0.00000000     1.00000000
       12     0.00000000     1.00000000
       13     0.00000000     1.00000000
       14     0.00000000     1.00000000
       15     0.00000001     0.99999999
       16     0.00000001     0.99999999
       17     0.00000002     0.99999998
       18     0.00000002     0.99999998
       19     0.00009143     0.99990857
       20     0.00018366     0.99981634
       21     0.00002349     0.99997651
       22     0.00015796     0.99984204
       23     0.00008638     0.99991362
       24     0.00005596     0.99994404
       25     0.00017267     0.99982733
       26     0.00005129     0.99994871
       27     0.00008075     0.99991925
       28     0.00017746     0.99982254
       29     0.00004748     0.99995252
       30     0.00007330     0.99992670
       31     0.00018674     0.99981326
       32     0.00007597     0.99992403
       33     0.00003685     0.99996315
       34     0.00017067     0.99982933
       35     0.00014466     0.99985534
       36     0.00002435     0.99997565
       37     0.00008830     0.99991170
       38     0.00018802     0.99981198
       39     0.00010885     0.99989115
       40     0.00002157     0.99997843
       41     0.00009873     0.99990127
       42     0.00018103     0.99981897
       43     0.00011417     0.99988583
       44     0.00002740     0.99997260
       45     0.00007184     0.99992816
       46     0.00016087     0.99983913
       47     0.00014356     0.99985644
       48     0.00005488     0.99994512
       49     0.00003708     0.99996292
       50     0.00010999     0.99989001
       51     0.00015764     0.99984236
       52     0.00011271     0.99988729
       53     0.00004482     0.99995518
       54     0.00004796     0.99995204
       55     0.00011174     0.99988826
       56     0.00014761     0.99985239
       57     0.00011117     0.99988883
       58     0.00005251     0.99994749
       59     0.00004443     0.99995557
       60     0.00009313     0.99990687
       61     0.00013805     0.99986195
       62     0.00012776     0.99987224
       63     0.00007642     0.99992358
       64     0.00004199     0.99995801
       65     0.00006036     0.99993964
       66     0.00011011     0.99988989
       67     0.00013938     0.99986062
       68     0.00011994     0.99988006
       69     0.00007222     0.99992778
       70     0.00004203     0.99995797
       71     0.00005638     0.99994362
       72     0.00010102     0.99989898
       73     0.00013661     0.99986339
       74     0.00013402     0.99986598
       75     0.00009692     0.99990308
       76     0.00005550     0.99994450
       77     0.00004083     0.99995917
       78     0.00006212     0.99993788
       79     0.00010283     0.99989717
       80     0.00013504     0.99986496
       81     0.00013894     0.99986106
       82     0.00011399     0.99988601
       83     0.00007644     0.99992356
       84     0.00004766     0.99995234
       85     0.00004185     0.99995815
       86     0.00005998     0.99994002
       87     0.00009164     0.99990836
       88     0.00012185     0.99987815
       89     0.00013848     0.99986152
       90     0.00013660     0.99986340
       91     0.00011894     0.99988106
       92     0.00009323     0.99990677
       93     0.00006836     0.99993164
       94     0.00005109     0.99994891
       95     0.00004431     0.99995569
       96     0.00004691     0.99995309
       97     0.00005489     0.99994511
       98     0.00006309     0.99993691
       99     0.00006690     0.99993310
      100     0.00006388     0.99993612
      101     0.00005538     0.99994462
      102     0.00004897     0.99995103
      103     0.00006412     0.99993588
      104     0.00014762     0.99985238
      105     0.00042038     0.99957962
      106     0.00123940     0.99876060
      107     0.00388951     0.99611049
      108     0.01474785     0.98525215
      109     0.08949883     0.91050117
      110     0.51569134     0.48430866
      111     0.90148893     0.09851107
      112     0.96142036     0.03857964
      113     0.97495217     0.02504783
      114     0.97939998     0.02060002
      115     0.98095194     0.01904806
      116     0.98138063     0.01861937
      117     0.98142379     0.01857621
      118     0.98148821     0.01851179
      119     0.98182707     0.01817293
      120     0.98256555     0.01743445
      121     0.98367301     0.01632699
      122     0.98493171     0.01506829
      123     0.98595060     0.01404940
      124     0.98627139     0.01372861
      125     0.98558426     0.01441574
      126     0.98399366     0.01600634
      127     0.98216780     0.01783220
      128     0.98115219     0.01884781
      129     0.98174883     0.01825117
      130     0.98373906     0.01626094
      131     0.98565341     0.01434659
      132     0.98572680     0.01427320
      133     0.98368072     0.01631928
      134     0.98156612     0.01843388
      135     0.98194596     0.01805404
      136     0.98456398     0.01543602
      137     0.98588611     0.01411389
      138     0.98374546     0.01625454
      139     0.98137236     0.01862764
      140     0.98297684     0.01702316
      141     0.98589670     0.01410330
      142     0.98432189     0.01567811
      143     0.98112738     0.01887262
      144     0.98343953     0.01656047
      145     0.98638586     0.01361414
      146     0.98243058     0.01756942
      147     0.98105554     0.01894446
      148     0.98662201     0.01337799
      149     0.98388226     0.01611774
      150     0.97975336     0.02024664
      151     0.98630288     0.01369712
      152     0.98414560     0.01585440
      153     0.98124180     0.01875820
      154     0.98558825     0.01441175
      155     0.98311708     0.01688292
      156     0.98317137     0.01682863
      157     0.98467487     0.01532513
      158     0.98287403     0.01712597
      159     0.98416731     0.01583269
      160     0.98369163     0.01630837
      161     0.98345924     0.01654076
      162     0.98411905     0.01588095
      163     0.98334422     0.01665578
      164     0.98400235     0.01599765
      165     0.98359271     0.01640729
      166     0.98372261     0.01627739
      167     0.98383657     0.01616343
      168     0.98355586     0.01644414
      169     0.98391631     0.01608369
      170     0.98355714     0.01644286
      171     0.98385360     0.01614640
      172     0.98365840     0.01634160
      173     0.98373782     0.01626218
      174     0.98376893     0.01623107
      175     0.98364810     0.01635190
      176     0.98382861     0.01617139
      177     0.98362265     0.01637735
      178     0.98382104     0.01617896
      179     0.98365816     0.01634184
      180     0.98376524     0.01623476
      181     0.98372461     0.01627539
      182     0.98369857     0.01630143
      183     0.98378209     0.01621791
      184     0.98365832     0.01634168
      185     0.98380064     0.01619936
      186     0.98366331     0.01633669
      187     0.98377409     0.01622591
      188     0.98370621     0.01629379
      189     0.98372266     0.01627734
      190     0.98375714     0.01624286
      191     0.98368109     0.01631891
      192     0.98378244     0.01621756
      193     0.98367585     0.01632415
      194     0.98376783     0.01623217
      195     0.98370622     0.01629378
      196     0.98372886     0.01627114
      197     0.98374528     0.01625472
      198     0.98369779     0.01630221
      199     0.98376270     0.01623730
      200     0.98369615     0.01630385
      201     0.98375040     0.01624960
      202     0.98371738     0.01628262
      203     0.98372693     0.01627307
      204     0.98373673     0.01626327
      205     0.98371605     0.01628395
      206     0.98373799     0.01626201
      207     0.98372237     0.01627763
      208     0.98372849     0.01627151
      209     0.98372997     0.01627003
      210     0.98372680     0.01627320
      211     0.98372424     0.01627576
      212     0.98373839     0.01626161
      213     0.98371089     0.01628911
      214     0.98374810     0.01625190
      215     0.98370970     0.01629030
      216     0.98373801     0.01626199
      217     0.98373058     0.01626942
      218     0.98371011     0.01628989
      219     0.98375919     0.01624081
      220     0.98368797     0.01631203
      221     0.98376855     0.01623145
      222     0.98369509     0.01630491
      223     0.98374483     0.01625517
      224     0.98373170     0.01626830
      225     0.98370206     0.01629794
      226     0.98377218     0.01622782
      227     0.98367218     0.01632782
      228     0.98378488     0.01621512
      229     0.98368004     0.01631996
      230     0.98375688     0.01624312
      231     0.98372391     0.01627609
      232     0.98370442     0.01629558
      233     0.98377580     0.01622420
      234     0.98366243     0.01633757
      235     0.98380001     0.01619999
      236     0.98366126     0.01633874
      237     0.98377646     0.01622354
      238     0.98370658     0.01629342
      239     0.98371595     0.01628405
      240     0.98377256     0.01622744
      241     0.98365606     0.01634394
      242     0.98381557     0.01618443
      243     0.98363911     0.01636089
      244     0.98380111     0.01619889
      245     0.98368507     0.01631493
      246     0.98372922     0.01627078
      247     0.98377158     0.01622842
      248     0.98364347     0.01635653
      249     0.98383904     0.01616096
      250     0.98361038     0.01638962
      251     0.98382632     0.01617368
      252     0.98367182     0.01632818
      253     0.98372363     0.01627637
      254     0.98379681     0.01620319
      255     0.98360331     0.01639669
      256     0.98388074     0.01611926
      257     0.98358208     0.01641792
      258     0.98382544     0.01617456
      259     0.98370731     0.01629269
      260     0.98365861     0.01634139
      261     0.98386987     0.01613013
      262     0.98355054     0.01644946
      263     0.98388553     0.01611447
      264     0.98363665     0.01636335
      265     0.98372436     0.01627564
      266     0.98381702     0.01618298
      267     0.98358990     0.01641010
      268     0.98385970     0.01614030
      269     0.98364558     0.01635442
      270     0.98374363     0.01625637
      271     0.98376029     0.01623971
      272     0.98368497     0.01631503
      273     0.98374651     0.01625349
      274     0.98374263     0.01625737
      275     0.98370082     0.01629918
      276     0.98372887     0.01627113
      277     0.98378235     0.01621765
      278     0.98361656     0.01638344
      279     0.98386164     0.01613836
      280     0.98362367     0.01637633
      281     0.98375236     0.01624764
      282     0.98380235     0.01619765
      283     0.98356795     0.01643205
      284     0.98392475     0.01607525
      285     0.98355022     0.01644978
      286     0.98383307     0.01616693
      287     0.98372008     0.01627992
      288     0.98363794     0.01636206
      289     0.98388736     0.01611264
      290     0.98353826     0.01646174
      291     0.98390231     0.01609769
      292     0.98360322     0.01639678
      293     0.98377937     0.01622063
      294     0.98375391     0.01624609
      295     0.98363242     0.01636758
      296     0.98387084     0.01612916
      297     0.98356389     0.01643611
      298     0.98388227     0.01611773
      299     0.98360917     0.01639083
      300     0.98378910     0.01621090
