#     Density Matrix: coherence Re-Im; see the manual for detail orders
        0     0.00000000     0.00000000
        1     0.00051115    -0.00002669
        2     0.00069455    -0.00199860
        3     0.00047193    -0.00273042
        4     0.00084075    -0.00386792
        5     0.00073087    -0.00479532
        6     0.00082086    -0.00536715
        7     0.00083373    -0.00585330
        8     0.00074853    -0.00603264
        9     0.00065547    -0.00598505
       10     0.00049351    -0.00573626
       11     0.00029588    -0.00525972
       12     0.00012127    -0.00460970
       13    -0.00001933    -0.00386081
       14    -0.00013391    -0.00306230
       15    -0.00023270    -0.00224436
       16    -0.00032813    -0.00142157
       17    -0.00042474    -0.00059834
       18    -0.00051378     0.00021436
       19    -0.00058216     0.00098983
       20    -0.00062142     0.00169226
       21    -0.00062850     0.00228669
       22    -0.00060420     0.00274377
       23    -0.00055344     0.00304321
       24    -0.00048693     0.00318057
       25    -0.00040966     0.00317012
       26    -0.00031911     0.00302948
       27    -0.00021504     0.00277595
       28    -0.00009844     0.00242323
       29     0.00002502     0.00197709
       30     0.00013928     0.00144518
       31     0.00022215     0.00085547
       32     0.00026200     0.00026175
       33     0.00025942    -0.00027287
       34     0.00023080    -0.00069574
       35     0.00019139    -0.00098978
       36     0.00014734    -0.00115395
       37     0.00010938    -0.00120475
       38     0.00008311    -0.00117465
       39     0.00006911    -0.00109820
       40     0.00006804    -0.00100813
       41     0.00007841    -0.00093234
       42     0.00009770    -0.00088878
       43     0.00012428    -0.00088673
       44     0.00015597    -0.00092864
       45     0.00018972    -0.00101088
       46     0.00022116    -0.00112493
       47     0.00024477    -0.00125784
       48     0.00025068    -0.00139075
       49     0.00022766    -0.00149397
       50     0.00016509    -0.00152864
       51     0.00005448    -0.00144387
       52    -0.00010056    -0.00118357
       53    -0.00027735    -0.00070953
       54    -0.00044304    -0.00002987
       55    -0.00057492     0.00079497
       56    -0.00067137     0.00167736
       57    -0.00074023     0.00253611
       58    -0.00078426     0.00330889
       59    -0.00079811     0.00395152
       60    -0.00078031     0.00443799
       61    -0.00072809     0.00476470
       62    -0.00062898     0.00492247
       63    -0.00047844     0.00488102
       64    -0.00027888     0.00459553
       65    -0.00003952     0.00401030
       66     0.00021588     0.00309096
       67     0.00046106     0.00185693
       68     0.00067523     0.00038332
       69     0.00084144    -0.00121400
       70     0.00094644    -0.00280131
       71     0.00098111    -0.00424714
       72     0.00094434    -0.00543497
       73     0.00084826    -0.00627584
       74     0.00071723    -0.00672245
       75     0.00057900    -0.00677804
       76     0.00045287    -0.00649213
       77     0.00034348    -0.00594249
       78     0.00024494    -0.00521415
       79     0.00014987    -0.00438692
       80     0.00005495    -0.00353009
       81    -0.00003720    -0.00269880
       82    -0.00011779    -0.00193363
       83    -0.00017033    -0.00126633
       84    -0.00018301    -0.00072635
       85    -0.00015520    -0.00033247
       86    -0.00009834    -0.00009072
       87    -0.00004014     0.00001768
       88    -0.00001254     0.00004484
       89    -0.00003526     0.00006479
       90    -0.00011071     0.00015030
       91    -0.00022950     0.00035549
       92    -0.00037464     0.00070872
       93    -0.00052206     0.00120781
       94    -0.00064628     0.00181682
       95    -0.00073251     0.00247437
       96    -0.00078335     0.00311596
       97    -0.00081112     0.00369559
       98    -0.00082436     0.00419016
       99    -0.00082410     0.00459052
      100    -0.00080779     0.00489533
      101    -0.00076985     0.00510795
      102    -0.00070092     0.00522764
      103    -0.00059307     0.00524002
      104    -0.00044192     0.00511243
      105    -0.00025708     0.00479739
      106    -0.00005712     0.00425582
      107     0.00013714     0.00346839
      108     0.00030457     0.00245870
      109     0.00044061     0.00128994
      110     0.00055053     0.00003832
      111     0.00063843    -0.00121526
      112     0.00070910    -0.00239392
      113     0.00076506    -0.00343403
      114     0.00080477    -0.00428821
      115     0.00082664    -0.00492934
      116     0.00082594    -0.00535245
      117     0.00079330    -0.00556277
      118     0.00071910    -0.00556537
      119     0.00059941    -0.00536203
      120     0.00044128    -0.00495839
      121     0.00026300    -0.00437657
      122     0.00008533    -0.00366157
      123    -0.00008240    -0.00286746
      124    -0.00024194    -0.00203228
      125    -0.00040149    -0.00116509
      126    -0.00056622    -0.00024303
      127    -0.00072243     0.00076438
      128    -0.00084170     0.00185576
      129    -0.00090439     0.00297410
      130    -0.00092354     0.00402110
      131    -0.00093915     0.00491106
      132    -0.00097365     0.00560906
      133    -0.00101067     0.00611232
      134    -0.00102869     0.00643110
      135    -0.00101866     0.00659874
      136    -0.00096578     0.00665328
      137    -0.00086127     0.00660571
      138    -0.00070637     0.00644363
      139    -0.00050256     0.00612162
      140    -0.00026552     0.00557045
      141    -0.00002757     0.00474280
      142     0.00017628     0.00365823
      143     0.00033461     0.00240325
      144     0.00045918     0.00107161
      145     0.00056610    -0.00027867
      146     0.00066450    -0.00163126
      147     0.00075001    -0.00297997
      148     0.00080905    -0.00428749
      149     0.00083041    -0.00546624
      150     0.00081858    -0.00640218
      151     0.00079687    -0.00701346
      152     0.00078930    -0.00729574
      153     0.00080165    -0.00731140
      154     0.00082176    -0.00714646
      155     0.00082958    -0.00687461
      156     0.00080943    -0.00654459
      157     0.00074947    -0.00618338
      158     0.00064020    -0.00579439
      159     0.00047656    -0.00536071
      160     0.00025642    -0.00484570
      161    -0.00001658    -0.00419372
      162    -0.00031889    -0.00334671
      163    -0.00060462    -0.00228540
      164    -0.00083269    -0.00105695
      165    -0.00099188     0.00024323
      166    -0.00109324     0.00151734
      167    -0.00115204     0.00269520
      168    -0.00117079     0.00373530
      169    -0.00114402     0.00459874
      170    -0.00108849     0.00524981
      171    -0.00104375     0.00568772
      172    -0.00103429     0.00595837
      173    -0.00104659     0.00612001
      174    -0.00105512     0.00620984
      175    -0.00104958     0.00625216
      176    -0.00102494     0.00626936
      177    -0.00096668     0.00626513
      178    -0.00087314     0.00622000
      179    -0.00074830     0.00611795
      180    -0.00058961     0.00593099
      181    -0.00040377     0.00561971
      182    -0.00020722     0.00514321
      183    -0.00002060     0.00446896
      184     0.00013524     0.00359338
      185     0.00025533     0.00255957
      186     0.00035514     0.00143137
      187     0.00045413     0.00025783
      188     0.00056363    -0.00094030
      189     0.00068184    -0.00215487
      190     0.00079546    -0.00336054
      191     0.00088591    -0.00449618
      192     0.00094199    -0.00547607
      193     0.00096714    -0.00622974
      194     0.00097603    -0.00673600
      195     0.00098288    -0.00702636
      196     0.00098721    -0.00715469
      197     0.00098048    -0.00716512
      198     0.00094770    -0.00708617
      199     0.00086561    -0.00692071
      200     0.00070322    -0.00663985
      201     0.00042905    -0.00617381
      202     0.00003775    -0.00542164
      203    -0.00042774    -0.00428801
      204    -0.00086093    -0.00274773
      205    -0.00112689    -0.00093841
      206    -0.00117818     0.00083812
      207    -0.00112378     0.00230177
      208    -0.00109607     0.00338901
      209    -0.00108962     0.00417608
      210    -0.00103539     0.00470306
      211    -0.00093142     0.00498385
      212    -0.00080815     0.00507076
      213    -0.00066548     0.00500986
      214    -0.00050504     0.00480349
      215    -0.00035209     0.00445501
      216    -0.00022048     0.00399282
      217    -0.00010524     0.00344573
      218    -0.00000500     0.00283816
      219     0.00008008     0.00219745
      220     0.00015298     0.00154430
      221     0.00021358     0.00089272
      222     0.00026150     0.00025557
      223     0.00029757    -0.00035676
      224     0.00032097    -0.00093265
      225     0.00033188    -0.00145370
      226     0.00033468    -0.00189708
      227     0.00033864    -0.00224688
      228     0.00035321    -0.00250890
      229     0.00037968    -0.00270997
      230     0.00041162    -0.00288092
      231     0.00044103    -0.00304308
      232     0.00046145    -0.00320306
      233     0.00046769    -0.00335266
      234     0.00045937    -0.00347398
      235     0.00043889    -0.00355169
      236     0.00040421    -0.00357372
      237     0.00034955    -0.00352560
      238     0.00027009    -0.00338760
      239     0.00016608    -0.00313769
      240     0.00004475    -0.00275996
      241    -0.00008555    -0.00225343
      242    -0.00021901    -0.00163224
      243    -0.00035244    -0.00092363
      244    -0.00048737    -0.00015764
      245    -0.00062206     0.00064184
      246    -0.00074433     0.00144977
      247    -0.00083843     0.00222915
      248    -0.00089623     0.00293321
      249    -0.00092194     0.00352253
      250    -0.00092115     0.00398176
      251    -0.00089457     0.00431581
      252    -0.00083946     0.00454010
      253    -0.00075281     0.00466615
      254    -0.00063661     0.00469699
      255    -0.00049595     0.00462628
      256    -0.00033961     0.00443661
      257    -0.00017909     0.00410336
      258    -0.00002863     0.00360316
      259     0.00009952     0.00293263
      260     0.00020257     0.00211763
      261     0.00028679     0.00120937
      262     0.00036345     0.00026758
      263     0.00044167    -0.00065841
      264     0.00052396    -0.00153638
      265     0.00060540    -0.00234671
      266     0.00067439    -0.00307142
      267     0.00071579    -0.00368349
      268     0.00071784    -0.00414387
      269     0.00068224    -0.00441461
      270     0.00062331    -0.00448422
      271     0.00056050    -0.00438251
      272     0.00049733    -0.00416858
      273     0.00041943    -0.00388664
      274     0.00031417    -0.00355093
      275     0.00017885    -0.00315376
      276     0.00002434    -0.00267987
      277    -0.00012298    -0.00212584
      278    -0.00022805    -0.00151941
      279    -0.00026509    -0.00092524
      280    -0.00023501    -0.00042480
      281    -0.00016250    -0.00007956
      282    -0.00007236     0.00009039
      283     0.00002671     0.00009603
      284     0.00013421    -0.00003955
      285     0.00024427    -0.00028676
      286     0.00034888    -0.00061052
      287     0.00043815    -0.00097746
      288     0.00050227    -0.00135380
      289     0.00053767    -0.00170875
      290     0.00054764    -0.00201665
      291     0.00054343    -0.00226335
      292     0.00053882    -0.00245400
      293     0.00054010    -0.00260967
      294     0.00054161    -0.00275008
      295     0.00053215    -0.00287759
      296     0.00050172    -0.00297415
      297     0.00044284    -0.00300487
      298     0.00035024    -0.00292583
      299     0.00021805    -0.00269459
      300     0.00003569    -0.00227816
      301    -0.00022523    -0.00164967
      302    -0.00060261    -0.00077443
      303    -0.00113404     0.00038274
      304    -0.00186410     0.00186074
      305    -0.00284067     0.00370775
      306    -0.00411477     0.00598391
      307    -0.00574082     0.00876779
      308    -0.00777622     0.01215943
      309    -0.01027816     0.01627783
      310    -0.01328305     0.02123886
      311    -0.01678983     0.02711216
      312    -0.02073623     0.03388052
      313    -0.02499087     0.04141953
      314    -0.02939219     0.04953036
      315    -0.03380794     0.05800409
      316    -0.03821897     0.06668344
      317    -0.04282759     0.07551662
      318    -0.04817049     0.08461724
      319    -0.05519624     0.09433128
      320    -0.06525589     0.10528697
      321    -0.07993910     0.11838884
      322    -0.10054105     0.13471823
      323    -0.12686637     0.15529288
      324    -0.15542734     0.18066427
      325    -0.17852856     0.21037037
      326    -0.18665298     0.24237033
      327    -0.17340653     0.27273120
      328    -0.13851923     0.29601184
      329    -0.08721963     0.30662151
      330    -0.02806321     0.30078663
      331     0.02946877     0.27815731
      332     0.07738886     0.24223462
      333     0.11133803     0.19941478
      334     0.13200129     0.15694591
      335     0.14606709     0.12058264
      336     0.17219136     0.09305664
      337     0.32896503     0.07312700
      338     0.26786451     0.05637478
      339     0.02036787     0.04713138
      340     0.00105087     0.04311527
      341     0.00777062     0.03860370
      342     0.01948283     0.03109437
      343     0.02937437     0.02004285
      344     0.03412575     0.00668471
      345     0.03250379    -0.00657527
      346     0.02508830    -0.01708379
      347     0.01386987    -0.02284649
      348     0.00156643    -0.02312089
      349    -0.00917644    -0.01854345
      350    -0.01646105    -0.01080100
      351    -0.01946643    -0.00202102
      352    -0.01836710     0.00584814
      353    -0.01393706     0.01143470
      354    -0.00706848     0.01403865
      355     0.00162534     0.01350882
      356     0.01218941     0.01000873
      357     0.02574988     0.00373213
      358     0.04525205    -0.00537004
      359     0.07710826    -0.01783367
      360     0.13468697    -0.03486286
      361     0.24099826    -0.05836418
      362     0.39038922    -0.09049847
      363     0.48069939    -0.13577711
      364     0.42263019    -0.18718706
      365     0.32566359    -0.24075088
      366     0.22726589    -0.28793341
      367     0.11969022    -0.31435054
      368     0.00609844    -0.30238982
      369    -0.09245945    -0.24043273
      370    -0.14396215    -0.13715774
      371    -0.12689955    -0.02904350
      372    -0.05508178     0.03555103
      373     0.02181281     0.03291372
      374     0.05419421    -0.01228895
      375     0.03557399    -0.04778111
      376     0.00413400    -0.04520038
      377    -0.00531131    -0.02342479
      378     0.00239721    -0.01224006
      379     0.00634485    -0.01317402
      380     0.00384523    -0.01316950
      381     0.00230681    -0.01038360
      382     0.00231171    -0.00862670
      383     0.00198252    -0.00773594
      384     0.00159760    -0.00688202
      385     0.00140281    -0.00626216
      386     0.00126023    -0.00589209
      387     0.00114463    -0.00567391
      388     0.00103383    -0.00553302
      389     0.00074692    -0.00520924
      390    -0.00048876    -0.00343519
      391    -0.00044276    -0.00089081
      392     0.00078014    -0.00108357
      393    -0.00103361    -0.00061784
      394    -0.00072440     0.00209675
      395     0.00039184     0.00168997
      396    -0.00010806     0.00060752
      397    -0.00029516     0.00099244
      398    -0.00037942     0.00139506
      399    -0.00049609     0.00188978
      400    -0.00059865     0.00241150
      401    -0.00069049     0.00291586
      402    -0.00075857     0.00335297
      403    -0.00079245     0.00366416
      404    -0.00078054     0.00379641
      405    -0.00071107     0.00370974
      406    -0.00057632     0.00338291
      407    -0.00037857     0.00281725
      408    -0.00013250     0.00204140
      409     0.00013730     0.00111234
      410     0.00040373     0.00010845
      411     0.00064482    -0.00088657
      412     0.00084646    -0.00180042
      413     0.00100123    -0.00258162
      414     0.00110750    -0.00320240
      415     0.00116264    -0.00365383
      416     0.00116388    -0.00393380
      417     0.00111023    -0.00404405
      418     0.00100347    -0.00398661
      419     0.00085322    -0.00376754
      420     0.00067874    -0.00340635
      421     0.00050507    -0.00294205
      422     0.00035774    -0.00243284
      423     0.00025050    -0.00194499
      424     0.00018413    -0.00153112
      425     0.00014999    -0.00122003
      426     0.00013460    -0.00101213
      427     0.00012564    -0.00088638
      428     0.00011483    -0.00081196
      429     0.00009812    -0.00075815
      430     0.00007421    -0.00069899
      431     0.00004825    -0.00062007
      432     0.00002354    -0.00052086
      433     0.00000002    -0.00040320
      434    -0.00003028    -0.00025694
      435    -0.00007719    -0.00004749
      436    -0.00014328     0.00027455
      437    -0.00022515     0.00075777
      438    -0.00032289     0.00145049
      439    -0.00042716     0.00238591
      440    -0.00049698     0.00349441
      441    -0.00050304     0.00451602
      442    -0.00052110     0.00513932
      443    -0.00056857     0.00526463
      444    -0.00055913     0.00496548
      445    -0.00042656     0.00428262
      446    -0.00016304     0.00323304
      447     0.00018250     0.00188617
      448     0.00052998     0.00039273
      449     0.00080168    -0.00104512
      450     0.00095546    -0.00223565
      451     0.00098982    -0.00305830
      452     0.00093720    -0.00348737
      453     0.00083884    -0.00358400
      454     0.00072037    -0.00344384
      455     0.00059903    -0.00315677
      456     0.00048493    -0.00279759
      457     0.00038839    -0.00242344
      458     0.00032421    -0.00208961
      459     0.00030692    -0.00185634
      460     0.00035068    -0.00179060
      461     0.00046374    -0.00196409
      462     0.00064514    -0.00243953
      463     0.00087875    -0.00325007
      464     0.00110650    -0.00434258
      465     0.00119374    -0.00545965
      466     0.00100457    -0.00609784
      467     0.00063876    -0.00586188
      468     0.00034386    -0.00492996
      469     0.00017713    -0.00379416
      470     0.00006707    -0.00273292
      471    -0.00002078    -0.00181200
      472    -0.00009552    -0.00103243
      473    -0.00016016    -0.00037439
      474    -0.00021482     0.00018405
      475    -0.00026092     0.00066380
      476    -0.00030065     0.00108559
      477    -0.00034129     0.00147647
      478    -0.00039346     0.00188085
      479    -0.00047169     0.00236600
      480    -0.00058501     0.00301604
      481    -0.00070894     0.00387586
      482    -0.00072745     0.00478630
      483    -0.00052394     0.00527427
      484    -0.00025423     0.00496525
      485    -0.00007758     0.00404054
      486     0.00005401     0.00288522
      487     0.00018167     0.00168605
      488     0.00030483     0.00052941
      489     0.00041298    -0.00052516
      490     0.00049816    -0.00143804
      491     0.00055718    -0.00219382
      492     0.00059161    -0.00279931
      493     0.00060643    -0.00327622
      494     0.00061221    -0.00365629
      495     0.00062781    -0.00398605
      496     0.00070618    -0.00436665
      497     0.00116708    -0.00529713
