#    Non-Adiabatic Coupling Matrix Elements: off-diagonal
         0     0.00000000     0.00000000     0.00000000
         1    -0.00000003    -0.00001239     0.00007266
         2    -0.00000141    -0.00004512     0.00015672
         3    -0.00000388    -0.00007873     0.00025482
         4    -0.00000725    -0.00011280     0.00037676
         5    -0.00001123    -0.00014640     0.00053645
         6    -0.00001544    -0.00017821     0.00075546
         7    -0.00001945    -0.00020678     0.00107032
         8    -0.00002278    -0.00023079     0.00154853
         9    -0.00002500    -0.00024928     0.00232770
        10    -0.00002561    -0.00026168     0.00372493
        11    -0.00002383    -0.00026814     0.00660448
        12    -0.00001745    -0.00026937     0.01398709
        13     0.00000399    -0.00026522     0.04015702
        14     0.00004942    -0.00024553     0.09808839
        15     0.00003956    -0.00035898     0.06453336
        16    -0.00000785    -0.00021525     0.01054881
        17    -0.00000796    -0.00021190     0.00559051
        18    -0.00000601    -0.00020615     0.00339994
        19    -0.00000334    -0.00020040     0.00224311
        20    -0.00000031    -0.00019414     0.00155149
        21     0.00000262    -0.00019350     0.00109758
        22     0.00000503    -0.00018664     0.00077278
        23     0.00000479    -0.00021530     0.00052880
        24     0.00000791    -0.00017891     0.00032038
        25     0.00001371    -0.00016610     0.00014031
        26     0.00001213    -0.00017006    -0.00004221
        27     0.00001401    -0.00015978    -0.00023901
        28     0.00001852    -0.00014569    -0.00046449
        29     0.00001670    -0.00014374    -0.00076469
        30     0.00001949    -0.00013461    -0.00118608
        31     0.00001914    -0.00012991    -0.00185206
        32     0.00001983    -0.00011803    -0.00300656
        33     0.00001476    -0.00012266    -0.00536254
        34     0.00001091    -0.00011242    -0.01125701
        35    -0.00001299    -0.00010833    -0.02812823
        36    -0.00006081    -0.00009613    -0.04267318
        37    -0.00007495    -0.00008308    -0.02200360
        38    -0.00007031    -0.00007778    -0.00960064
        39    -0.00006963    -0.00007239    -0.00559745
        40    -0.00006522    -0.00006762    -0.00431640
        41    -0.00008099    -0.00008260    -0.00531660
        42    -0.00008636    -0.00007675    -0.00508167
        43    -0.00009353    -0.00006815    -0.00470113
        44    -0.00010153    -0.00006379    -0.00422626
        45    -0.00010467    -0.00006374    -0.00371510
        46    -0.00010431    -0.00006717    -0.00320038
        47    -0.00011176    -0.00006872    -0.00272108
        48    -0.00011295    -0.00007449    -0.00229287
        49    -0.00011795    -0.00008001    -0.00191806
        50    -0.00012503    -0.00008857    -0.00159452
        51    -0.00013176    -0.00009373    -0.00130160
        52    -0.00013965    -0.00010269    -0.00106028
        53    -0.00014637    -0.00011096    -0.00084026
        54    -0.00015350    -0.00011972    -0.00064148
        55    -0.00016089    -0.00012889    -0.00045912
        56    -0.00016547    -0.00014020    -0.00027986
        57    -0.00017355    -0.00015049    -0.00011841
        58    -0.00018169    -0.00016095     0.00003851
        59    -0.00018993    -0.00017139     0.00019281
        60    -0.00019819    -0.00018171     0.00034682
        61    -0.00020642    -0.00019179     0.00050242
        62    -0.00021452    -0.00020156     0.00066137
        63    -0.00022362    -0.00021111     0.00082532
        64    -0.00023013    -0.00021970     0.00099527
        65    -0.00023754    -0.00022788     0.00116937
        66    -0.00024394    -0.00022842     0.00133892
        67    -0.00025102    -0.00024226     0.00153917
        68    -0.00025641    -0.00024138     0.00172020
        69    -0.00026246    -0.00025343     0.00193079
        70    -0.00026667    -0.00025124     0.00211702
        71    -0.00027080    -0.00025489     0.00231490
        72    -0.00027133    -0.00026430     0.00252393
        73    -0.00027325    -0.00026610     0.00270969
        74    -0.00027435    -0.00026703     0.00288678
        75    -0.00027927    -0.00026509     0.00305199
        76    -0.00027921    -0.00026384     0.00319421
        77    -0.00027846    -0.00026176     0.00331539
        78    -0.00027713    -0.00025890     0.00341187
        79    -0.00027537    -0.00025526     0.00348206
        80    -0.00027160    -0.00025076     0.00353742
        81    -0.00026797    -0.00024722     0.00354901
        82    -0.00026858    -0.00023983     0.00354803
        83    -0.00025464    -0.00024300     0.00350898
        84    -0.00025029    -0.00023793     0.00345378
        85    -0.00024578    -0.00023263     0.00338220
        86    -0.00024119    -0.00022713     0.00329473
        87    -0.00023658    -0.00022146     0.00319425
        88    -0.00023202    -0.00021567     0.00308349
        89    -0.00022753    -0.00020981     0.00296490
        90    -0.00022322    -0.00020392     0.00284093
        91    -0.00022384    -0.00019251     0.00273128
        92    -0.00022566    -0.00017907     0.00259206
        93    -0.00022106    -0.00017416     0.00245235
        94    -0.00020834    -0.00018130     0.00232647
        95    -0.00021338    -0.00016488     0.00219747
        96    -0.00020330    -0.00017113     0.00207419
        97    -0.00019956    -0.00016921     0.00195675
        98    -0.00020074    -0.00016200     0.00184130
        99    -0.00020597    -0.00014965     0.00171903
       100    -0.00020491    -0.00014711     0.00161616
       101    -0.00020198    -0.00015031     0.00150093
       102    -0.00020871    -0.00014082     0.00140053
       103    -0.00021229    -0.00013823     0.00130407
       104    -0.00021712    -0.00013602     0.00120987
       105    -0.00022460    -0.00013701     0.00112291
       106    -0.00023090    -0.00013271     0.00103686
       107    -0.00024003    -0.00013161     0.00095082
       108    -0.00025075    -0.00013087     0.00087201
       109    -0.00026318    -0.00013048     0.00079687
       110    -0.00027955    -0.00013532     0.00072644
       111    -0.00029580    -0.00013592     0.00065553
       112    -0.00031143    -0.00013149     0.00059343
       113    -0.00033423    -0.00013808     0.00052947
       114    -0.00035658    -0.00013968     0.00046856
       115    -0.00038115    -0.00014166     0.00041197
       116    -0.00040805    -0.00014404     0.00035799
       117    -0.00043740    -0.00014686     0.00030648
       118    -0.00046988    -0.00014910     0.00025464
       119    -0.00050406    -0.00015396     0.00020755
       120    -0.00054172    -0.00015834     0.00016556
