#     Density Matrix: population Re; see the manual for detail orders
        0     0.00000000     1.00000000
        1     0.00000001     0.99999999
        2     0.00000000     1.00000000
        3     0.00000001     0.99999999
        4     0.00000001     0.99999999
        5     0.00000001     0.99999999
        6     0.00000002     0.99999998
        7     0.00000000     1.00000000
        8     0.00000002     0.99999998
        9     0.00000001     0.99999999
       10     0.00000001     0.99999999
       11     0.00000001     0.99999999
       12     0.00000001     0.99999999
       13     0.00000002     0.99999998
       14     0.00000000     1.00000000
       15     0.00000001     0.99999999
       16     0.00000001     0.99999999
       17     0.00000000     1.00000000
       18     0.00000001     0.99999999
       19     0.00000000     1.00000000
       20     0.00000001     0.99999999
       21     0.00000000     1.00000000
       22     0.00000000     1.00000000
       23     0.00000001     0.99999999
       24     0.00000000     1.00000000
       25     0.00000001     0.99999999
       26     0.00000001     0.99999999
       27     0.00000001     0.99999999
       28     0.00000003     0.99999997
       29     0.00011148     0.99988852
       30     0.00023148     0.99976852
       31     0.00005508     0.99994492
       32     0.00018858     0.99981142
       33     0.00013726     0.99986274
       34     0.00007882     0.99992118
       35     0.00020918     0.99979082
       36     0.00010206     0.99989794
       37     0.00009749     0.99990251
       38     0.00021533     0.99978467
       39     0.00009819     0.99990181
       40     0.00009057     0.99990943
       41     0.00021436     0.99978564
       42     0.00012675     0.99987325
       43     0.00006566     0.99993434
       44     0.00018495     0.99981505
       45     0.00018108     0.99981892
       46     0.00006944     0.99993056
       47     0.00011150     0.99988850
       48     0.00020264     0.99979736
       49     0.00014373     0.99985627
       50     0.00006683     0.99993317
       51     0.00012536     0.99987464
       52     0.00019420     0.99980580
       53     0.00014389     0.99985611
       54     0.00007496     0.99992504
       55     0.00010753     0.99989247
       56     0.00017595     0.99982405
       57     0.00016527     0.99983473
       58     0.00010007     0.99989993
       59     0.00008408     0.99991592
       60     0.00013451     0.99986549
       61     0.00017212     0.99982788
       62     0.00014652     0.99985348
       63     0.00009839     0.99990161
       64     0.00009158     0.99990842
       65     0.00012951     0.99987049
       66     0.00016124     0.99983876
       67     0.00015032     0.99984968
       68     0.00011367     0.99988633
       69     0.00009397     0.99990603
       70     0.00010979     0.99989021
       71     0.00014060     0.99985940
       72     0.00015410     0.99984590
       73     0.00013966     0.99986034
       74     0.00011424     0.99988576
       75     0.00010165     0.99989835
       76     0.00011014     0.99988986
       77     0.00012868     0.99987132
       78     0.00014070     0.99985930
       79     0.00013898     0.99986102
       80     0.00012890     0.99987110
       81     0.00012031     0.99987969
       82     0.00011792     0.99988208
       83     0.00011897     0.99988103
       84     0.00011841     0.99988159
       85     0.00011519     0.99988481
       86     0.00011391     0.99988609
       87     0.00012091     0.99987909
       88     0.00013772     0.99986228
       89     0.00015788     0.99984212
       90     0.00016945     0.99983055
       91     0.00016189     0.99983811
       92     0.00013290     0.99986710
       93     0.00009140     0.99990860
       94     0.00005510     0.99994490
       95     0.00004387     0.99995613
       96     0.00007212     0.99992788
       97     0.00014328     0.99985672
       98     0.00024831     0.99975169
       99     0.00036822     0.99963178
      100     0.00047959     0.99952041
      101     0.00056116     0.99943884
      102     0.00059999     0.99940001
      103     0.00059641     0.99940359
      104     0.00056768     0.99943232
      105     0.00055127     0.99944873
      106     0.00060942     0.99939058
      107     0.00083751     0.99916249
      108     0.00138008     0.99861992
      109     0.00246025     0.99753975
      110     0.00443198     0.99556802
      111     0.00786862     0.99213138
      112     0.01370357     0.98629643
      113     0.02342403     0.97657597
      114     0.03925603     0.96074397
      115     0.06410486     0.93589514
      116     0.10074704     0.89925296
      117     0.14993700     0.85006300
      118     0.20844885     0.79155115
      119     0.26944922     0.73055078
      120     0.32571019     0.67428981
      121     0.37270322     0.62729678
      122     0.40922953     0.59077047
      123     0.43634565     0.56365435
      124     0.44953940     0.55046060
      125     0.45673835     0.54326165
      126     0.46207940     0.53792060
      127     0.48183907     0.51816093
      128     0.54458076     0.45541924
      129     0.62571781     0.37428219
      130     0.70959317     0.29040683
      131     0.78257047     0.21742953
      132     0.83918041     0.16081959
      133     0.88025419     0.11974581
      134     0.90895339     0.09104661
      135     0.92864235     0.07135765
      136     0.94231251     0.05768749
      137     0.95246990     0.04753010
      138     0.96094561     0.03905439
      139     0.96864418     0.03135582
      140     0.97549635     0.02450365
      141     0.98078524     0.01921476
      142     0.98382617     0.01617383
      143     0.98480274     0.01519726
      144     0.98511659     0.01488341
      145     0.98644898     0.01355102
      146     0.98916485     0.01083515
      147     1.00000000     0.00000000
      148     0.99992220     0.00007780
      149     0.99978623     0.00021377
      150     0.99978257     0.00021743
      151     0.99992697     0.00007303
      152     0.99999684     0.00000316
      153     0.99986721     0.00013279
      154     0.99975891     0.00024109
      155     0.99987986     0.00012014
      156     0.99999988     0.00000012
      157     0.99985820     0.00014180
      158     0.99974188     0.00025812
      159     0.99991793     0.00008207
      160     0.99997039     0.00002961
      161     0.99972493     0.00027507
      162     0.99977296     0.00022704
      163     0.99998677     0.00001323
      164     0.99969679     0.00030321
      165     0.99959963     0.00040037
      166     0.99993927     0.00006073
      167     0.99963196     0.00036804
      168     0.99960060     0.00039940
      169     0.99998711     0.00001289
      170     0.99977689     0.00022311
      171     0.99986459     0.00013541
      172     0.99997988     0.00002012
      173     0.99984866     0.00015134
      174     0.99996225     0.00003775
      175     0.99992627     0.00007373
      176     0.99990988     0.00009012
      177     0.99996397     0.00003603
      178     0.99990692     0.00009308
      179     0.99995230     0.00004770
      180     0.99993096     0.00006904
      181     0.99993063     0.00006937
      182     0.99994854     0.00005146
      183     0.99992243     0.00007757
      184     0.99994981     0.00005019
      185     0.99992784     0.00007216
      186     0.99994144     0.00005856
      187     0.99993763     0.00006237
      188     0.99993294     0.00006706
      189     0.99994407     0.00005593
      190     0.99992962     0.00007038
      191     0.99994461     0.00005539
      192     0.99993172     0.00006828
      193     0.99994083     0.00005917
      194     0.99993654     0.00006346
      195     0.99993599     0.00006401
      196     0.99994082     0.00005918
      197     0.99993291     0.00006709
      198     0.99994247     0.00005753
      199     0.99993287     0.00006713
      200     0.99994112     0.00005888
      201     0.99993537     0.00006463
      202     0.99993796     0.00006204
      203     0.99993874     0.00006126
      204     0.99993492     0.00006508
      205     0.99994103     0.00005897
      206     0.99993372     0.00006628
      207     0.99994105     0.00005895
      208     0.99993487     0.00006513
      209     0.99993897     0.00006103
      210     0.99993754     0.00006246
      211     0.99993618     0.00006382
      212     0.99994000     0.00006000
      213     0.99993448     0.00006552
      214     0.99994068     0.00005932
      215     0.99993492     0.00006508
      216     0.99993924     0.00006076
      217     0.99993707     0.00006293
      218     0.99993682     0.00006318
      219     0.99993932     0.00006068
      220     0.99993518     0.00006482
      221     0.99994007     0.00005993
      222     0.99993543     0.00006457
      223     0.99993896     0.00006104
      224     0.99993714     0.00006286
      225     0.99993707     0.00006293
      226     0.99993881     0.00006119
      227     0.99993598     0.00006402
      228     0.99993916     0.00006084
      229     0.99993637     0.00006363
      230     0.99993825     0.00006175
      231     0.99993749     0.00006251
      232     0.99993728     0.00006272
      233     0.99993806     0.00006194
      234     0.99993722     0.00006278
      235     0.99993770     0.00006230
      236     0.99993777     0.00006223
      237     0.99993729     0.00006271
      238     0.99993775     0.00006225
      239     0.99993785     0.00006215
      240     0.99993670     0.00006330
      241     0.99993909     0.00006091
      242     0.99993568     0.00006432
      243     0.99993941     0.00006059
      244     0.99993633     0.00006367
      245     0.99993769     0.00006231
      246     0.99993882     0.00006118
      247     0.99993489     0.00006511
      248     0.99994119     0.00005881
      249     0.99993356     0.00006644
      250     0.99994093     0.00005907
      251     0.99993549     0.00006451
      252     0.99993747     0.00006253
      253     0.99993979     0.00006021
      254     0.99993313     0.00006687
      255     0.99994312     0.00005688
      256     0.99993156     0.00006844
      257     0.99994229     0.00005771
      258     0.99993474     0.00006526
      259     0.99993703     0.00006297
      260     0.99994099     0.00005901
      261     0.99993096     0.00006904
      262     0.99994533     0.00005467
      263     0.99992937     0.00007063
      264     0.99994319     0.00005681
      265     0.99993502     0.00006498
      266     0.99993468     0.00006532
      267     0.99994434     0.00005566
      268     0.99992660     0.00007340
      269     0.99994834     0.00005166
      270     0.99992809     0.00007191
      271     0.99994039     0.00005961
      272     0.99994060     0.00005940
      273     0.99992606     0.00007394
      274     0.99995155     0.00004845
      275     0.99992225     0.00007775
      276     0.99994510     0.00005490
      277     0.99993731     0.00006269
      278     0.99992570     0.00007430
      279     0.99995320     0.00004680
      280     0.99991986     0.00008014
      281     0.99994582     0.00005418
      282     0.99993772     0.00006228
      283     0.99992593     0.00007407
      284     0.99995111     0.00004889
      285     0.99992567     0.00007433
      286     0.99994102     0.00005898
      287     0.99994010     0.00005990
      288     0.99993236     0.00006764
      289     0.99994027     0.00005973
      290     0.99993863     0.00006137
      291     0.99993545     0.00006455
      292     0.99993603     0.00006397
      293     0.99994460     0.00005540
      294     0.99992554     0.00007446
      295     0.99994717     0.00005283
      296     0.99993331     0.00006669
      297     0.99993015     0.00006985
      298     0.99995087     0.00004913
      299     0.99991906     0.00008094
      300     0.99995044     0.00004956
