#    Step     Kinetic(H)     Potential(H)   Total(H)       E(0)(H)        E(1)(H)        E(2)(H)        
        0     0.01721773    -4.95049420    -4.93327647    -5.27440261    -5.04901910    -4.95049420
        1     0.02092292    -4.95432913    -4.93340621    -5.27584883    -5.05171480    -4.95432913
        2     0.02448694    -4.95828044    -4.93379350    -5.27660296    -5.05404914    -4.95828044
        3     0.02756422    -4.96215113    -4.93458692    -5.27650472    -5.05582512    -4.96215113
        4     0.02987384    -4.96574773    -4.93587388    -5.27547090    -5.05684926    -4.96574773
        5     0.03125494    -4.96897764    -4.93772271    -5.27351916    -5.05710248    -4.96897764
        6     0.03170775    -4.97185551    -4.94014776    -5.27077439    -5.05667291    -4.97185551
        7     0.03139665    -4.97441659    -4.94301994    -5.26745558    -5.05566931    -4.97441659
        8     0.03060774    -4.97679137    -4.94618364    -5.26384023    -5.05429567    -4.97679137
        9     0.02967280    -4.97922781    -4.94955501    -5.26021303    -5.05283668    -4.97922781
       10     0.02888556    -4.98181747    -4.95293190    -5.25681254    -5.05149416    -4.98181747
       11     0.02843952    -4.98467565    -4.95623613    -5.25379084    -5.05038341    -4.98467565
       12     0.02840370    -4.98781870    -4.95941499    -5.25120099    -5.04955753    -4.98781870
       13     0.07969899    -5.04897959    -4.96928060    -5.24900608    -5.04897959    -4.99120968
       14     0.02419092    -4.99654208    -4.97235116    -5.24566564    -5.04806461    -4.99654208
       15     0.02430483    -4.99939365    -4.97508882    -5.24381331    -5.04753525    -4.99939365
       16     0.02456529    -5.00217530    -4.97761002    -5.24203804    -5.04693596    -5.00217530
       17     0.02476776    -5.00472181    -4.97995405    -5.24021138    -5.04617503    -5.00472181
       18     0.02475028    -5.00696433    -4.98221405    -5.23822773    -5.04522036    -5.00696433
       19     0.02440723    -5.00886602    -4.98445879    -5.23601350    -5.04392486    -5.00886602
       20     0.02369199    -5.01031438    -4.98662239    -5.23352969    -5.04232303    -5.01031438
       21     0.02261182    -5.01137738    -4.98876557    -5.23077076    -5.04037259    -5.01137738
       22     0.02121689    -5.01200532    -4.99078843    -5.22776051    -5.03813408    -5.01200532
       23     0.01958642    -5.01228221    -4.99269580    -5.22454622    -5.03561803    -5.01228221
       24     0.01781466    -5.01227296    -4.99445830    -5.22119278    -5.03292607    -5.01227296
       25     0.01599816    -5.01201620    -4.99601804    -5.21777558    -5.03017036    -5.01201620
       26     0.01422643    -5.01162845    -4.99740202    -5.21437439    -5.02735716    -5.01162845
       27     0.01257628    -5.01115164    -4.99857537    -5.21106788    -5.02460189    -5.01115164
       28     0.01110848    -5.01073179    -4.99962331    -5.20792858    -5.02201383    -5.01073179
       29     0.00986551    -5.01035674    -5.00049124    -5.20501783    -5.01961757    -5.01035674
       30     0.00887000    -5.01014546    -5.00127546    -5.20238110    -5.01745857    -5.01014546
       31     0.00812391    -5.01008891    -5.00196500    -5.20004609    -5.01563806    -5.01008891
       32     0.00760618    -5.01019640    -5.00259022    -5.19802212    -5.01409183    -5.01019640
       33     0.00725965    -5.01042573    -5.00316608    -5.19630374    -5.01288794    -5.01042573
       34     0.00832888    -5.01216173    -5.00383285    -5.19487930    -5.01216173    -5.01065501
       35     0.00774373    -5.01220586    -5.00446213    -5.19367395    -5.01220586    -5.01058889
       36     0.00766635    -5.01271418    -5.00504783    -5.19263880    -5.01271418    -5.01025198
       37     0.00769773    -5.01328453    -5.00558680    -5.19166568    -5.01328453    -5.00986684
       38     0.00768556    -5.01380914    -5.00612359    -5.19068357    -5.01380914    -5.00943598
       39     0.00757018    -5.01423628    -5.00666610    -5.18964073    -5.01423628    -5.00898113
       40     0.00732633    -5.01445983    -5.00713350    -5.18850456    -5.01445983    -5.00839620
       41     0.00695236    -5.01457753    -5.00762517    -5.18726253    -5.01457753    -5.00774216
       42     0.00646611    -5.01448651    -5.00802039    -5.18592203    -5.01448651    -5.00695290
       43     0.00590080    -5.01428542    -5.00838462    -5.18450822    -5.01428542    -5.00612708
       44     0.00529961    -5.01401273    -5.00871312    -5.18305956    -5.01401273    -5.00526640
       45     0.00470978    -5.01371455    -5.00900477    -5.18162214    -5.01371455    -5.00441698
       46     0.00417654    -5.01343813    -5.00926159    -5.18024324    -5.01343813    -5.00358932
       47     0.00373754    -5.01318863    -5.00945109    -5.17896476    -5.01318863    -5.00286208
       48     0.00341864    -5.01303391    -5.00961527    -5.17781781    -5.01303391    -5.00226636
       49     0.00323130    -5.01302731    -5.00979600    -5.17681897    -5.01302731    -5.00178202
       50     0.00317219    -5.01309601    -5.00992382    -5.17596895    -5.01309601    -5.00140973
       51     0.00322458    -5.01329922    -5.01007465    -5.17525343    -5.01329922    -5.00117195
       52     0.00336143    -5.01357380    -5.01021236    -5.17464602    -5.01357380    -5.00100553
       53     0.00354955    -5.01392221    -5.01037266    -5.17411245    -5.01392221    -5.00091296
       54     0.00375402    -5.01427042    -5.01051639    -5.17361542    -5.01427042    -5.00082017
       55     0.00394250    -5.01461942    -5.01067692    -5.17311919    -5.01461942    -5.00069143
       56     0.00408852    -5.01490203    -5.01081350    -5.17259331    -5.01490203    -5.00053305
       57     0.00417374    -5.01513242    -5.01095869    -5.17201522    -5.01513242    -5.00028570
       58     0.00418906    -5.01529740    -5.01110833    -5.17137171    -5.01529740    -4.99997294
       59     0.00413456    -5.01539329    -5.01125873    -5.17065912    -5.01539329    -4.99955434
       60     0.00401831    -5.01538827    -5.01136997    -5.16988237    -5.01538827    -4.99907158
       61     0.00385488    -5.01536805    -5.01151317    -5.16905366    -5.01536805    -4.99853687
       62     0.00366331    -5.01527666    -5.01161335    -5.16819053    -5.01527666    -4.99796773
       63     0.00346485    -5.01517146    -5.01170661    -5.16731360    -5.01517146    -4.99734805
       64     0.00328077    -5.01507384    -5.01179307    -5.16644424    -5.01507384    -4.99673593
       65     0.00313032    -5.01500368    -5.01187336    -5.16560235    -5.01500368    -4.99615129
       66     0.00302910    -5.01494079    -5.01191169    -5.16480447    -5.01494079    -4.99561066
       67     0.00298782    -5.01497036    -5.01198254    -5.16406231    -5.01497036    -4.99512574
       68     0.00301152    -5.01506151    -5.01204999    -5.16338172    -5.01506151    -4.99470239
       69     0.00309933    -5.01521389    -5.01211456    -5.16276236    -5.01521389    -4.99437703
       70     0.00324469    -5.01542106    -5.01217637    -5.16219780    -5.01542106    -4.99406971
       71     0.00343609    -5.01563449    -5.01219840    -5.16167624    -5.01563449    -4.99384215
       72     0.00365818    -5.01591175    -5.01225356    -5.16118176    -5.01591175    -4.99367841
       73     0.00389337    -5.01619762    -5.01230425    -5.16069590    -5.01619762    -4.99352330
       74     0.00412361    -5.01647305    -5.01234944    -5.16019960    -5.01647305    -4.99335774
       75     0.00433239    -5.01675718    -5.01242479    -5.15967524    -5.01675718    -4.99320087
       76     0.00450659    -5.01696224    -5.01245566    -5.15910857    -5.01696224    -4.99303844
       77     0.00463804    -5.01715249    -5.01251444    -5.15849033    -5.01715249    -4.99282445
       78     0.00472459    -5.01725119    -5.01252660    -5.15781730    -5.01725119    -4.99259240
       79     0.00477052    -5.01733518    -5.01256465    -5.15709280    -5.01733518    -4.99234565
       80     0.00478637    -5.01741419    -5.01262782    -5.15632658    -5.01741419    -4.99209392
       81     0.00478779    -5.01742979    -5.01264200    -5.15553369    -5.01742979    -4.99185227
       82     0.00479358    -5.01747389    -5.01268031    -5.15473256    -5.01747389    -4.99160238
       83     0.00482318    -5.01752897    -5.01270579    -5.15394240    -5.01752897    -4.99143696
       84     0.00489395    -5.01761241    -5.01271846    -5.15318061    -5.01761241    -4.99126315
       85     0.00501858    -5.01777381    -5.01275523    -5.15246002    -5.01777381    -4.99120406
       86     0.00520305    -5.01798270    -5.01277965    -5.15178694    -5.01798270    -4.99119246
       87     0.00544547    -5.01827445    -5.01282897    -5.15115995    -5.01827445    -4.99122696
       88     0.00573607    -5.01856646    -5.01283039    -5.15056998    -5.01856646    -4.99133522
       89     0.00605834    -5.01891673    -5.01285839    -5.15000151    -5.01891673    -4.99142825
       90     0.00639120    -5.01930547    -5.01291427    -5.14943478    -5.01930547    -4.99155975
       91     0.00671174    -5.01967461    -5.01296287    -5.14884843    -5.01967461    -4.99167164
       92     0.00699808    -5.02000406    -5.01300597    -5.14822240    -5.02000406    -4.99174384
       93     0.00723213    -5.02027756    -5.01304543    -5.14754042    -5.02027756    -4.99176010
       94     0.00740162    -5.02052140    -5.01311979    -5.14679203    -5.02052140    -4.99170995
       95     0.00750122    -5.02069517    -5.01319395    -5.14597357    -5.02069517    -4.99155297
       96     0.00753283    -5.02080213    -5.01326929    -5.14508829    -5.02080213    -4.99136593
       97     0.00750490    -5.02085197    -5.01334707    -5.14414590    -5.02085197    -4.99108503
       98     0.00743111    -5.02089629    -5.01346518    -5.14316124    -5.02089629    -4.99072511
       99     0.00732856    -5.02087988    -5.01355132    -5.14215260    -5.02087988    -4.99034121
      100     0.00721558    -5.02089595    -5.01368037    -5.14113969    -5.02089595    -4.98995303
      101     0.00710957    -5.02089005    -5.01378048    -5.14014156    -5.02089005    -4.98954289
      102     0.00702518    -5.02091551    -5.01389033    -5.13917479    -5.02091551    -4.98916411
      103     0.00697285    -5.02102174    -5.01404889    -5.13825204    -5.02102174    -4.98879260
      104     0.00695787    -5.02110623    -5.01414836    -5.13738105    -5.02110623    -4.98847285
      105     0.00698007    -5.02128159    -5.01430152    -5.13656417    -5.02128159    -4.98817047
      106     0.00703397    -5.02150813    -5.01447416    -5.13579848    -5.02150813    -4.98791926
      107     0.00710955    -5.02170467    -5.01459512    -5.13507629    -5.02170467    -4.98767481
      108     0.00719339    -5.02197008    -5.01477668    -5.13438621    -5.02197008    -4.98742572
      109     0.00727017    -5.02221708    -5.01494691    -5.13371448    -5.02221708    -4.98723174
      110     0.00732428    -5.02246780    -5.01514352    -5.13304647    -5.02246780    -4.98696797
      111     0.00734152    -5.02267155    -5.01533003    -5.13236824    -5.02267155    -4.98669398
      112     0.00731062    -5.02285334    -5.01554272    -5.13166804    -5.02285334    -4.98639802
      113     0.00722445    -5.02296812    -5.01574367    -5.13093759    -5.02296812    -4.98607182
      114     0.00708091    -5.02301206    -5.01593115    -5.13017305    -5.02301206    -4.98567477
      115     0.00688326    -5.02302307    -5.01613980    -5.12937557    -5.02302307    -4.98524478
      116     0.00663988    -5.02300731    -5.01636743    -5.12855132    -5.02300731    -4.98475128
      117     0.00636346    -5.02293872    -5.01657526    -5.12771100    -5.02293872    -4.98424170
      118     0.00606983    -5.02283153    -5.01676170    -5.12686882    -5.02283153    -4.98373027
      119     0.00577635    -5.02270207    -5.01692573    -5.12604113    -5.02270207    -4.98323332
      120     0.00550026    -5.02260398    -5.01710372    -5.12524480    -5.02260398    -4.98273098
