#     Density Matrix: population Re; see the manual for detail orders
        0     0.00000000     1.00000000
        1     0.00000144     0.99999856
        2     0.00000985     0.99999015
        3     0.00001539     0.99998461
        4     0.00004517     0.99995483
        5     0.00005614     0.99994386
        6     0.00009173     0.99990827
        7     0.00011023     0.99988977
        8     0.00010242     0.99989758
        9     0.00011659     0.99988341
       10     0.00009531     0.99990469
       11     0.00006742     0.99993258
       12     0.00006231     0.99993769
       13     0.00004759     0.99995241
       14     0.00002558     0.99997442
       15     0.00001742     0.99998258
       16     0.00001697     0.99998303
       17     0.00001184     0.99998816
       18     0.00000495     0.99999505
       19     0.00000310     0.99999690
       20     0.00000466     0.99999534
       21     0.00000439     0.99999561
       22     0.00000185     0.99999815
       23     0.00000043     0.99999957
       24     0.00000092     0.99999908
       25     0.00000107     0.99999893
       26     0.00000096     0.99999904
       27     0.00000238     0.99999762
       28     0.00000367     0.99999633
       29     0.00000483     0.99999517
       30     0.00001185     0.99998815
       31     0.00002200     0.99997800
       32     0.00002251     0.99997749
       33     0.00001771     0.99998229
       34     0.00002158     0.99997842
       35     0.00002368     0.99997632
       36     0.00001403     0.99998597
       37     0.00000959     0.99999041
       38     0.00001217     0.99998783
       39     0.00000713     0.99999287
       40     0.00000283     0.99999717
       41     0.00000486     0.99999514
       42     0.00000277     0.99999723
       43     0.00000031     0.99999969
       44     0.00000124     0.99999876
       45     0.00000073     0.99999927
       46     0.00000019     0.99999981
       47     0.00000011     0.99999989
       48     0.00000032     0.99999968
       49     0.00000117     0.99999883
       50     0.00000053     0.99999947
       51     0.00000010     0.99999990
       52     0.00000102     0.99999898
       53     0.00000077     0.99999923
       54     0.00000017     0.99999983
       55     0.00000013     0.99999987
       56     0.00000013     0.99999987
       57     0.00000177     0.99999823
       58     0.00000292     0.99999708
       59     0.00000169     0.99999831
       60     0.00000438     0.99999562
       61     0.00000902     0.99999098
       62     0.00000676     0.99999324
       63     0.00000588     0.99999412
       64     0.00001063     0.99998937
       65     0.00000799     0.99999201
       66     0.00000297     0.99999703
       67     0.00000376     0.99999624
       68     0.00000213     0.99999787
       69     0.00000075     0.99999925
       70     0.00000113     0.99999887
       71     0.00000467     0.99999533
       72     0.00001671     0.99998329
       73     0.00002201     0.99997799
       74     0.00002591     0.99997409
       75     0.00004408     0.99995592
       76     0.00005131     0.99994869
       77     0.00004348     0.99995652
       78     0.00004818     0.99995182
       79     0.00005424     0.99994576
       80     0.00004172     0.99995828
       81     0.00002822     0.99997178
       82     0.00002700     0.99997300
       83     0.00002453     0.99997547
       84     0.00001415     0.99998585
       85     0.00000579     0.99999421
       86     0.00000401     0.99999599
       87     0.00000341     0.99999659
       88     0.00000166     0.99999834
       89     0.00000145     0.99999855
       90     0.00000257     0.99999743
       91     0.00000303     0.99999697
       92     0.00000534     0.99999466
       93     0.00001251     0.99998749
       94     0.00001963     0.99998037
       95     0.00001960     0.99998040
       96     0.00001643     0.99998357
       97     0.00002021     0.99997979
       98     0.00002825     0.99997175
       99     0.00002803     0.99997197
      100     0.00002227     0.99997773
      101     0.00002703     0.99997297
      102     0.00003760     0.99996240
      103     0.00003471     0.99996529
      104     0.00002955     0.99997045
      105     0.00003857     0.99996143
      106     0.00003821     0.99996179
      107     0.00002472     0.99997528
      108     0.00002447     0.99997553
      109     0.00002185     0.99997815
      110     0.00000850     0.99999150
      111     0.00000477     0.99999523
      112     0.00000307     0.99999693
      113     0.00000107     0.99999893
      114     0.00000182     0.99999818
      115     0.00000372     0.99999628
      116     0.00001371     0.99998629
      117     0.00001875     0.99998125
      118     0.00001715     0.99998285
      119     0.00002644     0.99997356
      120     0.00003406     0.99996594
      121     0.00002758     0.99997242
      122     0.00002474     0.99997526
      123     0.00003175     0.99996825
      124     0.00003278     0.99996722
      125     0.00002462     0.99997538
      126     0.00002054     0.99997946
      127     0.00002514     0.99997486
      128     0.00002850     0.99997150
      129     0.00002343     0.99997657
      130     0.00001487     0.99998513
      131     0.00001032     0.99998968
      132     0.00000971     0.99999029
      133     0.00000836     0.99999164
      134     0.00000480     0.99999520
      135     0.00000154     0.99999846
      136     0.00000141     0.99999859
      137     0.00000561     0.99999439
      138     0.00001271     0.99998729
      139     0.00001926     0.99998074
      140     0.00002617     0.99997383
      141     0.00004220     0.99995780
      142     0.00007132     0.99992868
      143     0.00009981     0.99990019
      144     0.00011116     0.99988884
      145     0.00011089     0.99988911
      146     0.00011750     0.99988250
      147     0.00013165     0.99986835
      148     0.00013506     0.99986494
      149     0.00011859     0.99988141
      150     0.00009272     0.99990728
      151     0.00006906     0.99993094
      152     0.00004739     0.99995261
      153     0.00002969     0.99997031
      154     0.00004675     0.99995325
      155     0.00017965     0.99982035
      156     0.00057661     0.99942339
      157     0.00146882     0.99853118
      158     0.00316509     0.99683491
      159     0.00598228     0.99401772
      160     0.01008456     0.98991544
      161     0.01529132     0.98470868
      162     0.02100096     0.97899904
      163     0.02633431     0.97366569
      164     0.03041677     0.96958323
      165     0.03261250     0.96738750
      166     0.03262228     0.96737772
      167     0.03049045     0.96950955
      168     0.02657172     0.97342828
      169     0.02145310     0.97854690
      170     0.01583341     0.98416659
      171     0.01040463     0.98959537
      172     0.00577950     0.99422050
      173     0.00245885     0.99754115
      174     0.00079641     0.99920359
      175     0.00094044     0.99905956
      176     0.00277571     0.99722429
      177     0.00591316     0.99408684
      178     0.00975285     0.99024715
      179     0.01360580     0.98639420
      180     0.01684216     0.98315784
      181     0.01902207     0.98097793
      182     0.01998089     0.98001911
      183     0.01987179     0.98012821
      184     0.01920360     0.98079640
      185     0.01897343     0.98102657
      186     0.02121731     0.97878269
      187     0.03141440     0.96858560
      188     0.07226639     0.92773361
      189     0.27282338     0.72717662
      190     0.65716144     0.34283856
      191     0.84925271     0.15074729
      192     0.88976351     0.11023649
      193     0.89489104     0.10510896
      194     0.88479138     0.11520862
      195     0.86591835     0.13408165
      196     0.84332486     0.15667514
      197     0.82286614     0.17713386
      198     0.81045549     0.18954451
      199     0.80969272     0.19030728
      200     0.81937101     0.18062899
      201     0.83289248     0.16710752
      202     0.84095889     0.15904111
      203     0.83724459     0.16275541
      204     0.82464787     0.17535213
      205     0.81659456     0.18340544
      206     0.82559529     0.17440471
      207     0.84220228     0.15779772
      208     0.83705495     0.16294505
      209     0.81230403     0.18769597
      210     0.82163382     0.17836618
      211     0.85348253     0.14651747
      212     0.81749403     0.18250597
      213     0.81067603     0.18932397
      214     0.84690512     0.15309488
      215     0.82312794     0.17687206
      216     0.82825182     0.17174818
      217     0.83249204     0.16750796
      218     0.82786673     0.17213327
      219     0.82967613     0.17032387
      220     0.82979728     0.17020272
      221     0.82982770     0.17017230
      222     0.82848890     0.17151110
      223     0.83084207     0.16915793
      224     0.82864069     0.17135931
      225     0.82941766     0.17058234
      226     0.83096954     0.16903046
      227     0.82671648     0.17328352
      228     0.83327302     0.16672698
      229     0.82579121     0.17420879
      230     0.83148878     0.16851122
      231     0.83141991     0.16858009
      232     0.82115563     0.17884437
      233     0.84200294     0.15799706
      234     0.82042957     0.17957043
      235     0.83177250     0.16822750
      236     0.83179646     0.16820354
      237     0.82726121     0.17273879
      238     0.82946006     0.17053994
      239     0.83083575     0.16916425
      240     0.83044937     0.16955063
      241     0.82550327     0.17449673
      242     0.83400359     0.16599641
      243     0.82881174     0.17118826
      244     0.82524808     0.17475192
      245     0.83616896     0.16383104
      246     0.82464662     0.17535338
      247     0.83057670     0.16942330
      248     0.83183958     0.16816042
      249     0.82591708     0.17408292
      250     0.83278223     0.16721777
      251     0.82784022     0.17215978
      252     0.82985235     0.17014765
      253     0.83002470     0.16997530
      254     0.82956441     0.17043559
      255     0.82833527     0.17166473
      256     0.83226140     0.16773860
      257     0.82619414     0.17380586
      258     0.83209664     0.16790336
      259     0.82967360     0.17032640
      260     0.82573914     0.17426086
      261     0.83602097     0.16397903
      262     0.82331484     0.17668516
      263     0.83232351     0.16767649
      264     0.83135676     0.16864324
      265     0.82516307     0.17483693
      266     0.83291027     0.16708973
      267     0.82957402     0.17042598
      268     0.82719404     0.17280596
      269     0.83150188     0.16849812
      270     0.82983538     0.17016462
      271     0.82806086     0.17193914
      272     0.83032629     0.16967371
      273     0.83020468     0.16979532
      274     0.82892828     0.17107172
      275     0.82941667     0.17058333
      276     0.82959064     0.17040936
      277     0.83030266     0.16969734
      278     0.82981092     0.17018908
      279     0.82738806     0.17261194
      280     0.83115875     0.16884125
      281     0.83184779     0.16815221
      282     0.82434014     0.17565986
      283     0.83283654     0.16716346
      284     0.83191363     0.16808637
      285     0.82204308     0.17795692
      286     0.83812482     0.16187518
      287     0.82359296     0.17640704
      288     0.83105726     0.16894274
      289     0.83142206     0.16857794
      290     0.82607223     0.17392777
      291     0.83320399     0.16679601
      292     0.82644366     0.17355634
      293     0.83201992     0.16798008
      294     0.82779254     0.17220746
      295     0.83081841     0.16918159
      296     0.82883051     0.17116949
      297     0.82989883     0.17010117
      298     0.82971069     0.17028931
      299     0.82901131     0.17098869
      300     0.83061279     0.16938721
      301     0.82812913     0.17187087
      302     0.83137328     0.16862672
      303     0.82761954     0.17238046
      304     0.83135295     0.16864705
      305     0.82849414     0.17150586
      306     0.82920984     0.17079016
      307     0.83183995     0.16816005
      308     0.82551576     0.17448424
      309     0.83415091     0.16584909
      310     0.82616905     0.17383095
      311     0.83066926     0.16933074
      312     0.83021657     0.16978343
      313     0.82936322     0.17063678
      314     0.82758523     0.17241477
      315     0.83298729     0.16701271
      316     0.82816663     0.17183337
      317     0.82600473     0.17399527
      318     0.83660946     0.16339054
      319     0.82384494     0.17615506
      320     0.83021682     0.16978318
      321     0.83304376     0.16695624
      322     0.82551126     0.17448874
      323     0.83137474     0.16862526
      324     0.83002197     0.16997803
      325     0.82879360     0.17120640
      326     0.82937352     0.17062648
      327     0.83041997     0.16958003
      328     0.82935587     0.17064413
      329     0.82844524     0.17155476
      330     0.83191664     0.16808336
      331     0.82667525     0.17332475
      332     0.83238993     0.16761007
      333     0.82726587     0.17273413
      334     0.83108282     0.16891718
      335     0.82898121     0.17101879
      336     0.82898989     0.17101011
      337     0.83136218     0.16863782
      338     0.82641301     0.17358699
      339     0.83364718     0.16635282
      340     0.82518410     0.17481590
      341     0.83325055     0.16674945
      342     0.82741434     0.17258566
      343     0.83009412     0.16990588
      344     0.82991145     0.17008855
      345     0.82966416     0.17033584
      346     0.82858684     0.17141316
      347     0.83070279     0.16929721
      348     0.82954882     0.17045118
      349     0.82838563     0.17161437
      350     0.83089515     0.16910485
      351     0.82929356     0.17070644
      352     0.82873407     0.17126593
      353     0.83078468     0.16921532
      354     0.82907852     0.17092148
      355     0.82875817     0.17124183
      356     0.83127334     0.16872666
      357     0.82857750     0.17142250
      358     0.82860362     0.17139638
      359     0.83204225     0.16795775
      360     0.82768859     0.17231141
      361     0.82919693     0.17080307
      362     0.83199047     0.16800953
      363     0.82700257     0.17299743
      364     0.83054766     0.16945234
      365     0.83040012     0.16959988
      366     0.82829340     0.17170660
      367     0.83002235     0.16997765
      368     0.83005407     0.16994593
      369     0.82937814     0.17062186
      370     0.82832284     0.17167716
      371     0.83232447     0.16767553
      372     0.82685083     0.17314917
      373     0.83011652     0.16988348
      374     0.83228407     0.16771593
      375     0.82484308     0.17515692
      376     0.83309606     0.16690394
      377     0.82993384     0.17006616
      378     0.82556355     0.17443645
      379     0.83376890     0.16623110
      380     0.82865136     0.17134864
      381     0.82706547     0.17293453
      382     0.83239279     0.16760721
      383     0.82904669     0.17095331
      384     0.82858980     0.17141020
      385     0.82973165     0.17026835
      386     0.83056156     0.16943844
      387     0.82981530     0.17018470
      388     0.82655652     0.17344348
      389     0.83348471     0.16651529
      390     0.82862288     0.17137712
      391     0.82532650     0.17467350
      392     0.83709029     0.16290971
      393     0.82295478     0.17704522
      394     0.83122491     0.16877509
      395     0.83332687     0.16667313
      396     0.82265661     0.17734339
      397     0.83579922     0.16420078
      398     0.82616370     0.17383630
      399     0.82998052     0.17001948
      400     0.83079394     0.16920606
      401     0.82842284     0.17157716
      402     0.82963217     0.17036783
      403     0.83062054     0.16937946
      404     0.82844519     0.17155481
      405     0.82944137     0.17055863
      406     0.83195784     0.16804216
      407     0.82493559     0.17506441
      408     0.83506226     0.16493774
      409     0.82545416     0.17454584
      410     0.82996019     0.17003981
      411     0.83336979     0.16663021
      412     0.82315040     0.17684960
      413     0.83525362     0.16474638
      414     0.82716785     0.17283215
      415     0.82815710     0.17184290
      416     0.83297849     0.16702151
      417     0.82662436     0.17337564
      418     0.83064860     0.16935140
      419     0.83016812     0.16983188
      420     0.82851041     0.17148959
      421     0.83019643     0.16980357
      422     0.82957977     0.17042023
      423     0.82946694     0.17053306
      424     0.82930050     0.17069950
      425     0.83037553     0.16962447
      426     0.82879387     0.17120613
      427     0.82952132     0.17047868
      428     0.83111359     0.16888641
      429     0.82672400     0.17327600
      430     0.83274393     0.16725607
      431     0.82754651     0.17245349
      432     0.82876070     0.17123930
      433     0.83517853     0.16482147
      434     0.80061217     0.19938783
      435     0.84432089     0.15567911
      436     0.84522251     0.15477749
      437     0.84479910     0.15520090
      438     0.84481888     0.15518112
      439     0.84490918     0.15509082
      440     0.84505223     0.15494777
      441     0.84448690     0.15551310
      442     0.84539663     0.15460337
      443     0.84444257     0.15555743
      444     0.84506782     0.15493218
      445     0.84506321     0.15493679
      446     0.84429388     0.15570612
      447     0.84591153     0.15408847
      448     0.84321823     0.15678177
      449     0.84839760     0.15160240
      450     0.84070318     0.15929682
      451     0.84806332     0.15193668
      452     0.84218241     0.15781759
      453     0.84654432     0.15345568
      454     0.84371258     0.15628742
      455     0.84508103     0.15491897
      456     0.84496540     0.15503460
      457     0.84430243     0.15569757
      458     0.84507728     0.15492272
      459     0.84492269     0.15507731
      460     0.84391026     0.15608974
      461     0.84623696     0.15376304
      462     0.84291639     0.15708361
      463     0.84651189     0.15348811
      464     0.84350743     0.15649257
      465     0.84517154     0.15482846
      466     0.84525292     0.15474708
      467     0.84346243     0.15653757
      468     0.84651745     0.15348255
      469     0.84291667     0.15708333
      470     0.84623426     0.15376574
      471     0.84394850     0.15605150
      472     0.84473918     0.15526082
      473     0.84548506     0.15451494
      474     0.84360450     0.15639550
      475     0.84594226     0.15405774
      476     0.84384640     0.15615360
      477     0.84524015     0.15475985
      478     0.84465661     0.15534339
      479     0.84463410     0.15536590
      480     0.84491574     0.15508426
      481     0.84468363     0.15531637
      482     0.84471810     0.15528190
      483     0.84485898     0.15514102
      484     0.84465941     0.15534059
      485     0.84480671     0.15519329
      486     0.84475084     0.15524916
      487     0.84476210     0.15523790
      488     0.84470918     0.15529082
      489     0.84486704     0.15513296
      490     0.84458750     0.15541250
      491     0.84497279     0.15502721
      492     0.84451020     0.15548980
      493     0.84501432     0.15498568
      494     0.84450911     0.15549089
      495     0.84497323     0.15502677
      496     0.84457247     0.15542753
      497     0.84492519     0.15507481
      498     0.84447655     0.15552345
      499     0.84492378     0.15507622
      500     0.84440115     0.15559885
      501     0.84503752     0.15496248
      502     0.84440910     0.15559090
      503     0.84491507     0.15508493
      504     0.84464932     0.15535068
      505     0.84451543     0.15548457
      506     0.84529498     0.15470502
      507     0.84363860     0.15636140
      508     0.84595130     0.15404870
      509     0.84851674     0.15148326
      510     0.84803243     0.15196757
