#    Step        Prob(0)        Prob(1)        
        0     0.00000000     0.00000000
        1     0.00000001     0.00000000
        2     0.00000000     0.00000000
        3     0.00000001     0.00000000
        4     0.00000000     0.00000000
        5     0.00000001     0.00000000
        6     0.00000000     0.00000000
        7     0.00000000     0.00000000
        8     0.00000000     0.00000000
        9     0.00000000     0.00000000
       10     0.00000000     0.00000000
       11     0.00000001     0.00000000
       12     0.00000000     0.00000000
       13     0.00000000     0.00000000
       14     0.00000000     0.00000000
       15     0.00000000     0.00000000
       16     0.00000001     0.00000000
       17     0.00000000     0.00000000
       18     0.00000000     0.00000000
       19     0.00012613     0.00000000
       20     0.00000000     0.00000000
       21     0.00001144     0.00000000
       22     0.00005163     0.00000000
       23     0.00000000     0.00000000
       24     0.00008171     0.00000000
       25     0.00000000     0.00000000
       26     0.00000000     0.00000000
       27     0.00009674     0.00000000
       28     0.00000000     0.00000000
       29     0.00000000     0.00000000
       30     0.00009062     0.00000000
       31     0.00000000     0.00000000
       32     0.00000000     0.00000000
       33     0.00005056     0.00000000
       34     0.00005972     0.00000000
       35     0.00000000     0.00000000
       36     0.00000000     0.00000000
       37     0.00007382     0.00000000
       38     0.00001857     0.00000000
       39     0.00000000     0.00000000
       40     0.00000000     0.00000000
       41     0.00006253     0.00000000
       42     0.00001754     0.00000000
       43     0.00000000     0.00000000
       44     0.00000000     0.00000000
       45     0.00004239     0.00000000
       46     0.00003337     0.00000000
       47     0.00000000     0.00000000
       48     0.00000000     0.00000000
       49     0.00000968     0.00000000
       50     0.00003805     0.00000000
       51     0.00000656     0.00000000
       52     0.00000000     0.00000000
       53     0.00000000     0.00000000
       54     0.00001488     0.00000000
       55     0.00002521     0.00000000
       56     0.00000055     0.00000000
       57     0.00000000     0.00000000
       58     0.00000000     0.00000000
       59     0.00000869     0.00000000
       60     0.00001569     0.00000000
       61     0.00000269     0.00000000
       62     0.00000000     0.00000000
       63     0.00000000     0.00000000
       64     0.00000134     0.00000000
       65     0.00000647     0.00000000
       66     0.00000294     0.00000000
       67     0.00000000     0.00000000
       68     0.00000000     0.00000000
       69     0.00000029     0.00000000
       70     0.00000000     0.00000000
       71     0.00000000     0.00000000
       72     0.00000000     0.00000000
       73     0.00000636     0.00000000
       74     0.00001039     0.00000000
       75     0.00000301     0.00000000
       76     0.00000000     0.00000000
       77     0.00000000     0.00000000
       78     0.00000000     0.00000000
       79     0.00001626     0.00000000
       80     0.00002327     0.00000000
       81     0.00000794     0.00000000
       82     0.00000000     0.00000000
       83     0.00000000     0.00000000
       84     0.00000000     0.00000000
       85     0.00001977     0.00000000
       86     0.00003699     0.00000000
       87     0.00002267     0.00000000
       88     0.00000000     0.00000000
       89     0.00000000     0.00000000
       90     0.00000000     0.00000000
       91     0.00000480     0.00000000
       92     0.00003871     0.00000000
       93     0.00004244     0.00000000
       94     0.00001245     0.00000000
       95     0.00000000     0.00000000
       96     0.00000000     0.00000000
       97     0.00000000     0.00000000
       98     0.00000952     0.00000000
       99     0.00003952     0.00000000
      100     0.00004028     0.00000000
      101     0.00001285     0.00000000
      102     0.00000000     0.00000000
      103     0.00000000     0.00000000
      104     0.00000000     0.00000000
      105     0.00000000     0.00000000
      106     0.00002358     0.00000000
      107     0.00003585     0.00000000
      108     0.00002652     0.00000000
      109     0.00000294     0.00000000
      110     0.00000000     0.00000000
      111     0.00000000     0.00000000
      112     0.00000000     0.00000000
      113     0.00000000     0.00000000
      114     0.00001295     0.00000000
      115     0.00002930     0.00000000
      116     0.00003383     0.00000000
      117     0.00002549     0.00000000
      118     0.00000791     0.00000000
      119     0.00000000     0.00000000
      120     0.00000000     0.00000000
      121     0.00000000     0.00000000
      122     0.00000000     0.00000000
      123     0.00000000     0.00000000
      124     0.00003449     0.00000000
      125     0.00007799     0.00000000
      126     0.00012573     0.00000000
      127     0.00017523     0.00000000
      128     0.00022742     0.00000000
      129     0.00028876     0.00000000
      130     0.00037453     0.00000000
      131     0.00051230     0.00000000
      132     0.00075087     0.00000000
      133     0.00117310     0.00000000
      134     0.00191887     0.00000000
      135     0.00322159     0.00000000
      136     0.00545832     0.00000000
      137     0.00919392     0.00000000
      138     0.01514054     0.00000000
      139     0.02384664     0.00000000
      140     0.03490816     0.00000000
      141     0.04600976     0.00000000
      142     0.05320212     0.00000000
      143     0.05327967     0.00000000
      144     0.04619159     0.00000000
      145     0.03463323     0.00000000
      146     0.02190684     0.00000000
      147     0.01041577     0.00000000
      148     0.00137828     0.00000000
      149     0.00000000     0.00000000
      150     0.00000000     0.00000000
      151     0.00000000     0.00000000
      152     0.00000000     0.00000000
      153     0.00000000     0.00000000
      154     0.00000000     0.00000000
      155     0.00000000     0.00000000
      156     0.00204736     0.00000000
      157     0.00530849     0.00000000
      158     0.00802099     0.00000000
      159     0.00979504     0.00000000
      160     0.01017683     0.00000000
      161     0.00862100     0.00000000
      162     0.00450528     0.00000000
      163     0.00000000     0.00000000
      164     0.00000000     0.00000000
      165     0.00000000     0.00000000
      166     0.00000000     0.00000000
      167     0.00000000     0.00000000
      168     0.00000000     0.00000000
      169     0.00000000     0.00000000
      170     0.00000000     0.00000000
      171     0.00000000     0.00000000
      172     0.00000000     0.00000000
      173     0.00000000     0.00000000
      174     0.00000000     0.00000000
      175     0.00000000     0.00000000
      176     0.00000000     0.00000000
      177     0.00373193     0.00000000
      178     0.00958949     0.00000000
      179     0.01742601     0.00000000
      180     0.02846331     0.00000000
      181     0.04490017     0.00000000
      182     0.07054255     0.00000000
      183     0.11042300     0.00000000
      184     0.16558824     0.00000000
      185     0.21841986     0.00000000
      186     0.23097590     0.00000000
      187     0.00000000     0.00000000
      188     0.00000000     0.00000000
      189     0.00000000     0.00000000
      190     0.00000000     0.00443035
      191     0.00000000     0.00891360
      192     0.00000000     0.00869510
      193     0.00000000     0.00584736
      194     0.00000000     0.00201702
      195     0.00000000     0.00000000
      196     0.00000000     0.00000000
      197     0.00000000     0.00052111
      198     0.00000000     0.00472704
      199     0.00000000     0.00789390
      200     0.00000000     0.00652601
      201     0.00000000     0.00000000
      202     0.00000000     0.00000000
      203     0.00000000     0.00000000
      204     0.00000000     0.00000000
      205     0.00000000     0.00938735
      206     0.00000000     0.00994253
      207     0.00000000     0.00000000
      208     0.00000000     0.00000000
      209     0.00000000     0.00000000
      210     0.00000000     0.01228096
      211     0.00000000     0.00657571
      212     0.00000000     0.00000000
      213     0.00000000     0.00000000
      214     0.00000000     0.01437932
      215     0.00000000     0.00471780
      216     0.00000000     0.00000000
      217     0.00000000     0.00319048
      218     0.00000000     0.01971000
      219     0.00000000     0.00000000
      220     0.00000000     0.00000000
      221     0.00000000     0.03787606
      222     0.00000000     0.00000000
      223     0.00000000     0.00000000
      224     0.00000000     0.05090977
      225     0.00000000     0.00000000
      226     0.00000000     0.00655213
      227     0.00000000     0.00817053
      228     0.00000000     0.00000000
      229     0.00000000     0.00973409
      230     0.00000000     0.00000000
      231     0.00000000     0.00040324
      232     0.00000000     0.00259857
      233     0.00000000     0.00000000
      234     0.00000000     0.00376342
      235     0.00000000     0.00000000
      236     0.00000000     0.00151637
      237     0.00000000     0.00000000
      238     0.00000000     0.00000000
      239     0.00000000     0.00142985
      240     0.00000000     0.00000000
      241     0.00000000     0.00168274
      242     0.00000000     0.00000000
      243     0.00000000     0.00096363
      244     0.00000000     0.00000000
      245     0.00000000     0.00000000
      246     0.00000000     0.00048674
      247     0.00000000     0.00000000
      248     0.00000000     0.00101506
      249     0.00000000     0.00000000
      250     0.00000000     0.00098795
      251     0.00000000     0.00000000
      252     0.00000000     0.00051451
      253     0.00000000     0.00000000
      254     0.00000000     0.00000000
      255     0.00000000     0.00043208
      256     0.00000000     0.00000000
      257     0.00000000     0.00078134
      258     0.00000000     0.00000000
      259     0.00000000     0.00070117
      260     0.00000000     0.00000000
      261     0.00000000     0.00026036
      262     0.00000000     0.00001451
      263     0.00000000     0.00000000
      264     0.00000000     0.00045958
      265     0.00000000     0.00000000
      266     0.00000000     0.00055593
      267     0.00000000     0.00000000
      268     0.00000000     0.00029014
      269     0.00000000     0.00000000
      270     0.00000000     0.00000000
      271     0.00000000     0.00020687
      272     0.00000000     0.00000000
      273     0.00000000     0.00023560
      274     0.00000000     0.00000000
      275     0.00000000     0.00007730
      276     0.00000000     0.00000000
      277     0.00000000     0.00000000
      278     0.00000000     0.00000000
      279     0.00000000     0.00010711
      280     0.00000000     0.00000000
      281     0.00000000     0.00019756
      282     0.00000000     0.00000000
      283     0.00000000     0.00001021
      284     0.00000000     0.00018079
      285     0.00000000     0.00000000
      286     0.00000000     0.00051695
      287     0.00000000     0.00000000
      288     0.00000000     0.00043144
      289     0.00000000     0.00000000
      290     0.00000000     0.00000000
      291     0.00000000     0.00046572
      292     0.00000000     0.00000000
      293     0.00000000     0.00082043
      294     0.00000000     0.00000000
      295     0.00000000     0.00049121
      296     0.00000000     0.00000000
      297     0.00000000     0.00000000
      298     0.00000000     0.00067359
      299     0.00000000     0.00000000
      300     0.00000000     0.00098558
