#     Density Matrix: population Re; see the manual for detail orders
        0     0.00000000     1.00000000
        1     0.00000003     0.99999997
        2     0.00000001     0.99999999
        3     0.00000002     0.99999998
        4     0.00000002     0.99999998
        5     0.00000001     0.99999999
        6     0.00000002     0.99999998
        7     0.00000000     1.00000000
        8     0.00000002     0.99999998
        9     0.00000001     0.99999999
       10     0.00000001     0.99999999
       11     0.00000001     0.99999999
       12     0.00000000     1.00000000
       13     0.00000002     0.99999998
       14     0.00003100     0.99996900
       15     0.00005222     0.99994778
       16     0.00000425     0.99999575
       17     0.00006430     0.99993570
       18     0.00000920     0.99999080
       19     0.00003953     0.99996047
       20     0.00005667     0.99994333
       21     0.00000045     0.99999955
       22     0.00006540     0.99993460
       23     0.00004328     0.99995672
       24     0.00000400     0.99999600
       25     0.00007341     0.99992659
       26     0.00004636     0.99995364
       27     0.00000164     0.99999836
       28     0.00006756     0.99993244
       29     0.00006762     0.99993238
       30     0.00000274     0.99999726
       31     0.00003806     0.99996194
       32     0.00008738     0.99991262
       33     0.00003556     0.99996444
       34     0.00000195     0.99999805
       35     0.00005817     0.99994183
       36     0.00008215     0.99991785
       37     0.00002630     0.99997370
       38     0.00000255     0.99999745
       39     0.00005209     0.99994791
       40     0.00007821     0.99992179
       41     0.00003494     0.99996506
       42     0.00000011     0.99999989
       43     0.00002955     0.99997045
       44     0.00006878     0.99993122
       45     0.00005351     0.99994649
       46     0.00001047     0.99998953
       47     0.00000545     0.99999455
       48     0.00004117     0.99995883
       49     0.00006140     0.99993860
       50     0.00003795     0.99996205
       51     0.00000609     0.99999391
       52     0.00000851     0.99999149
       53     0.00003762     0.99996238
       54     0.00005211     0.99994789
       55     0.00003429     0.99996571
       56     0.00000898     0.99999102
       57     0.00000712     0.99999288
       58     0.00002751     0.99997249
       59     0.00004290     0.99995710
       60     0.00003559     0.99996441
       61     0.00001620     0.99998380
       62     0.00000735     0.99999265
       63     0.00001670     0.99998330
       64     0.00003115     0.99996885
       65     0.00003442     0.99996558
       66     0.00002467     0.99997533
       67     0.00001368     0.99998632
       68     0.00001216     0.99998784
       69     0.00001935     0.99998065
       70     0.00002633     0.99997367
       71     0.00002665     0.99997335
       72     0.00002179     0.99997821
       73     0.00001745     0.99998255
       74     0.00001692     0.99998308
       75     0.00001876     0.99998124
       76     0.00002012     0.99997988
       77     0.00002029     0.99997971
       78     0.00002073     0.99997927
       79     0.00002223     0.99997777
       80     0.00002334     0.99997666
       81     0.00002193     0.99997807
       82     0.00001803     0.99998197
       83     0.00001459     0.99998541
       84     0.00001509     0.99998491
       85     0.00002025     0.99997975
       86     0.00002697     0.99997303
       87     0.00003046     0.99996954
       88     0.00002789     0.99997211
       89     0.00002053     0.99997947
       90     0.00001293     0.99998707
       91     0.00000994     0.99999006
       92     0.00001366     0.99998634
       93     0.00002240     0.99997760
       94     0.00003178     0.99996822
       95     0.00003720     0.99996280
       96     0.00003603     0.99996397
       97     0.00002866     0.99997134
       98     0.00001807     0.99998193
       99     0.00000857     0.99999143
      100     0.00000430     0.99999570
      101     0.00000805     0.99999195
      102     0.00002068     0.99997932
      103     0.00004109     0.99995891
      104     0.00006669     0.99993331
      105     0.00009416     0.99990584
      106     0.00012056     0.99987944
      107     0.00014483     0.99985517
      108     0.00016997     0.99983003
      109     0.00020665     0.99979335
      110     0.00027983     0.99972017
      111     0.00044216     0.99955784
      112     0.00080309     0.99919691
      113     0.00159614     0.99840386
      114     0.00334352     0.99665648
      115     0.00728775     0.99271225
      116     0.01659852     0.98340148
      117     0.03983990     0.96016010
      118     0.09929390     0.90070610
      119     0.23227582     0.76772418
      120     0.44274495     0.55725505
      121     0.62508964     0.37491036
      122     0.71859866     0.28140134
      123     0.76237557     0.23762443
      124     0.78245455     0.21754545
      125     0.79061578     0.20938422
      126     0.79251353     0.20748647
      127     0.79129229     0.20870771
      128     0.78896361     0.21103639
      129     0.78688397     0.21311603
      130     0.78584582     0.21415418
      131     0.78601656     0.21398344
      132     0.78689659     0.21310341
      133     0.78746164     0.21253836
      134     0.78660657     0.21339343
      135     0.78384895     0.21615105
      136     0.77997304     0.22002696
      137     0.77705863     0.22294137
      138     0.77740222     0.22259778
      139     0.78156958     0.21843042
      140     0.78699792     0.21300208
      141     0.78909268     0.21090732
      142     0.78524316     0.21475684
      143     0.77861560     0.22138440
      144     0.77647658     0.22352342
      145     0.78210623     0.21789377
      146     0.78883705     0.21116295
      147     0.78695156     0.21304844
      148     0.77841747     0.22158253
      149     0.77686558     0.22313442
      150     0.78588251     0.21411749
      151     0.78935923     0.21064077
      152     0.77952760     0.22047240
      153     0.77603352     0.22396648
      154     0.78773522     0.21226478
      155     0.78841848     0.21158152
      156     0.77460428     0.22539572
      157     0.78096817     0.21903183
      158     0.79308705     0.20691295
      159     0.77673222     0.22326778
      160     0.77655457     0.22344543
      161     0.79369309     0.20630691
      162     0.77833443     0.22166557
      163     0.77881223     0.22118777
      164     0.78947078     0.21052922
      165     0.77841665     0.22158335
      166     0.78336610     0.21663390
      167     0.78491735     0.21508265
      168     0.77989385     0.22010615
      169     0.78508046     0.21491954
      170     0.78181051     0.21818949
      171     0.78259628     0.21740372
      172     0.78381871     0.21618129
      173     0.78153174     0.21846826
      174     0.78394946     0.21605054
      175     0.78207553     0.21792447
      176     0.78307383     0.21692617
      177     0.78298295     0.21701705
      178     0.78234523     0.21765477
      179     0.78342740     0.21657260
      180     0.78220430     0.21779570
      181     0.78330859     0.21669141
      182     0.78250532     0.21749468
      183     0.78291494     0.21708506
      184     0.78290664     0.21709336
      185     0.78257256     0.21742744
      186     0.78314539     0.21685461
      187     0.78245890     0.21754110
      188     0.78313456     0.21686544
      189     0.78257612     0.21742388
      190     0.78294235     0.21705765
      191     0.78280729     0.21719271
      192     0.78271236     0.21728764
      193     0.78300133     0.21699867
      194     0.78258186     0.21741814
      195     0.78305260     0.21694740
      196     0.78261117     0.21738883
      197     0.78295227     0.21704773
      198     0.78276146     0.21723854
      199     0.78278041     0.21721959
      200     0.78292402     0.21707598
      201     0.78265521     0.21734479
      202     0.78299170     0.21700830
      203     0.78265374     0.21734626
      204     0.78293130     0.21706870
      205     0.78275985     0.21724015
      206     0.78280393     0.21719607
      207     0.78288126     0.21711874
      208     0.78271251     0.21728749
      209     0.78292714     0.21707286
      210     0.78271619     0.21728381
      211     0.78288167     0.21711833
      212     0.78278667     0.21721333
      213     0.78280704     0.21719296
      214     0.78284639     0.21715361
      215     0.78277455     0.21722545
      216     0.78284894     0.21715106
      217     0.78279513     0.21720487
      218     0.78281868     0.21718132
      219     0.78281979     0.21718021
      220     0.78281154     0.21718846
      221     0.78280478     0.21719522
      222     0.78284446     0.21715554
      223     0.78276580     0.21723420
      224     0.78287378     0.21712622
      225     0.78276071     0.21723929
      226     0.78284600     0.21715400
      227     0.78282083     0.21717917
      228     0.78276384     0.21723616
      229     0.78290708     0.21709292
      230     0.78269477     0.21730523
      231     0.78293964     0.21706036
      232     0.78271102     0.21728898
      233     0.78287266     0.21712734
      234     0.78281921     0.21718079
      235     0.78274251     0.21725749
      236     0.78294610     0.21705390
      237     0.78264485     0.21735515
      238     0.78299312     0.21700688
      239     0.78266084     0.21733916
      240     0.78291344     0.21708656
      241     0.78279271     0.21720729
      242     0.78275112     0.21724888
      243     0.78295714     0.21704286
      244     0.78261453     0.21738547
      245     0.78303958     0.21696042
      246     0.78260366     0.21739634
      247     0.78297212     0.21702788
      248     0.78274222     0.21725778
      249     0.78278343     0.21721657
      250     0.78295047     0.21704953
      251     0.78259312     0.21740688
      252     0.78308783     0.21691217
      253     0.78253872     0.21746128
      254     0.78304204     0.21695796
      255     0.78268482     0.21731518
      256     0.78281458     0.21718542
      257     0.78295657     0.21704343
      258     0.78254888     0.21745112
      259     0.78316052     0.21683948
      260     0.78245677     0.21754323
      261     0.78310785     0.21689215
      262     0.78265926     0.21734074
      263     0.78278435     0.21721565
      264     0.78304126     0.21695874
      265     0.78242909     0.21757091
      266     0.78327547     0.21672453
      267     0.78238996     0.21761004
      268     0.78308761     0.21691239
      269     0.78277635     0.21722365
      270     0.78259325     0.21740675
      271     0.78324382     0.21675618
      272     0.78229423     0.21770577
      273     0.78327330     0.21672670
      274     0.78255375     0.21744625
      275     0.78280342     0.21719658
      276     0.78307731     0.21692269
      277     0.78240570     0.21759430
      278     0.78321860     0.21678140
      279     0.78254682     0.21745318
      280     0.78288666     0.21711334
      281     0.78290442     0.21709558
      282     0.78266202     0.21733798
      283     0.78292389     0.21707611
      284     0.78280059     0.21719941
      285     0.78276250     0.21723750
      286     0.78284305     0.21715695
      287     0.78290257     0.21709743
      288     0.78257487     0.21742513
      289     0.78315304     0.21684696
      290     0.78250060     0.21749940
      291     0.78296385     0.21703615
      292     0.78292138     0.21707862
      293     0.78244917     0.21755083
      294     0.78334590     0.21665410
      295     0.78226809     0.21773191
      296     0.78321709     0.21678291
      297     0.78266845     0.21733155
      298     0.78266544     0.21733456
      299     0.78321554     0.21678446
      300     0.78226547     0.21773453
