#    Non-Adiabatic Coupling Matrix Elements: off-diagonal
         0    -0.00001296
         1    -0.00001275
         2    -0.00001232
         3    -0.00001172
         4    -0.00001099
         5    -0.00001018
         6    -0.00000932
         7    -0.00000845
         8    -0.00000759
         9    -0.00000678
        10    -0.00000602
        11    -0.00000531
        12    -0.00000467
        13    -0.00000410
        14    -0.00000361
        15    -0.00000321
        16    -0.00000292
        17    -0.00000276
        18    -0.00000277
        19    -0.00000295
        20    -0.00000336
        21    -0.00000399
        22    -0.00000489
        23    -0.00000605
        24    -0.00000749
        25    -0.00000921
        26    -0.00001121
        27    -0.00001348
        28    -0.00001602
        29    -0.00001879
        30    -0.00002179
        31    -0.00002497
        32    -0.00002831
        33    -0.00003195
        34    -0.00003554
        35    -0.00079742
        36    -0.00058530
        37    -0.00059577
        38    -0.00062177
        39    -0.00064464
        40    -0.00066206
        41    -0.00067503
        42    -0.00068486
        43    -0.00069207
        44    -0.00069701
        45    -0.00070007
        46    -0.00070158
        47    -0.00070221
        48    -0.00070244
        49    -0.00070288
        50    -0.00070404
        51    -0.00070631
        52    -0.00070989
        53    -0.00071480
        54    -0.00072089
        55    -0.00072789
        56    -0.00073563
        57    -0.00074304
        58    -0.00075057
        59    -0.00075761
        60    -0.00076393
        61    -0.00076938
        62    -0.00077391
        63    -0.00077754
        64    -0.00078036
        65    -0.00078255
        66    -0.00078429
        67    -0.00078582
        68    -0.00078736
        69    -0.00079038
        70    -0.00079256
        71    -0.00079536
        72    -0.00079898
        73    -0.00080357
        74    -0.00080931
        75    -0.00081638
        76    -0.00082493
        77    -0.00083518
        78    -0.00084734
        79    -0.00086168
        80    -0.00087850
        81    -0.00089817
        82    -0.00092121
        83    -0.00094827
        84    -0.00098023
        85    -0.00101822
        86    -0.00106383
        87    -0.00111915
        88    -0.00118714
        89    -0.00127194
        90    -0.00137956
        91    -0.00151905
        92    -0.00170432
        93    -0.00195779
        94    -0.00231742
        95    -0.00285067
        96    -0.00368602
        97    -0.00508648
        98    -0.00762455
        99    -0.01258838
       100    -0.02173402
       101    -0.02943918
       102    -0.02255045
       103    -0.01321672
       104    -0.00804130
       105    -0.00538473
       106    -0.00392405
       107    -0.00305585
       108    -0.00250690
       109    -0.00214528
       110    -0.00190333
       111    -0.00174514
       112    -0.00165212
       113    -0.00161636
       114    -0.00163785
       115    -0.00172393
       116    -0.00189056
       117    -0.00216561
       118    -0.00259515
       119    -0.00325406
       120    -0.00426233
       121    -0.00580025
       122    -0.00807884
       123    -0.01109556
       124    -0.01393711
       125    -0.01454464
       126    -0.01223392
       127    -0.00890070
       128    -0.00609576
       129    -0.00410688
       130    -0.00275220
       131    -0.00181422
       132    -0.00113578
       133    -0.00061315
       134    -0.00017668
       135     0.00022431
       136     0.00063183
       137     0.00108672
       138     0.00163509
       139     0.00233427
       140     0.00325700
       141     0.00448654
       142     0.00607958
       143     0.00796129
       144     0.00972080
       145     0.01059431
       146     0.01005430
       147     0.00845677
       148     0.00658397
       149     0.00493675
       150     0.00364736
       151     0.00267277
       152     0.00192899
       153     0.00133652
       154     0.00082878
       155     0.00034671
       156    -0.00017147
       157    -0.00080473
       158    -0.00168171
       159    -0.00303135
       160    -0.00530736
       161    -0.00938045
       162    -0.01618470
       163    -0.02242490
       164    -0.01942358
       165    -0.01221727
       166    -0.00733888
       167    -0.00464960
       168    -0.00314880
       169    -0.00226378
       170    -0.00170980
       171    -0.00134051
       172    -0.00107337
       173    -0.00085305
       174    -0.00062656
       175    -0.00030696
       176     0.00035102
       177     0.00255245
       178     0.02509720
       179    -0.02977009
       180    -0.00302646
       181    -0.00067530
       182    -0.00001828
       183     0.00026739
       184     0.00043954
       185     0.00058270
       186     0.00074073
       187     0.00095269
       188     0.00127319
       189     0.00180189
       190     0.00275346
       191     0.00466586
       192     0.00912556
       193     0.02108788
       194     0.03943102
       195     0.02339605
       196     0.00950342
       197     0.00429833
       198     0.00207160
       199     0.00093344
       200     0.00025632
       201    -0.00021131
       202    -0.00058576
       203    -0.00093479
       204    -0.00130821
       205    -0.00175381
       206    -0.00232833
       207    -0.00310726
       208    -0.00419194
       209    -0.00569998
       210    -0.00769011
       211    -0.00993248
       212    -0.01159026
       213    -0.01157892
       214    -0.00987357
       215    -0.00755129
       216    -0.00547187
       217    -0.00388554
       218    -0.00273692
       219    -0.00190720
       220    -0.00129356
       221    -0.00082046
       222    -0.00043376
       223    -0.00009281
       224     0.00023600
       225     0.00058455
       226     0.00098799
       227     0.00149025
       228     0.00215090
       229     0.00305255
       230     0.00430368
       231     0.00601377
       232     0.00817728
       233     0.01039165
       234     0.01988056
       235     0.01462638
       236     0.00910904
       237     0.00546515
       238     0.00325665
       239     0.00189516
       240     0.00102369
       241     0.00044630
       242     0.00005380
       243    -0.00021772
       244    -0.00040786
       245    -0.00054269
       246    -0.00064015
       247    -0.00071304
       248    -0.00076983
       249    -0.00081672
       250    -0.00085780
       251    -0.00089569
       252    -0.00093202
       253    -0.00096742
       254    -0.00100440
       255    -0.00104360
       256    -0.00108636
       257    -0.00113433
       258    -0.00119003
       259    -0.00125587
       260    -0.00133611
       261    -0.00143773
       262    -0.00157008
       263    -0.00174858
       264    -0.00199904
       265    -0.00236681
       266    -0.00293223
       267    -0.00381024
       268    -0.00488612
       269    -0.00493163
       270    -0.00364581
       271    -0.00249589
       272    -0.00175890
       273    -0.00129045
       274    -0.00097974
       275    -0.00076487
       276    -0.00061115
       277    -0.00049825
       278    -0.00041359
       279    -0.00034903
       280    -0.00029881
       281    -0.00025980
       282    -0.00022896
       283    -0.00020433
       284    -0.00018445
       285    -0.00016823
       286    -0.00015487
       287    -0.00014371
       288    -0.00013429
       289    -0.00012622
       290    -0.00011920
       291    -0.00011303
       292    -0.00010771
       293    -0.00010272
       294    -0.00009822
       295    -0.00009404
       296    -0.00008998
       297    -0.00008636
       298    -0.00008294
       299    -0.00007971
       300    -0.00007663
