#     Density Matrix: population Re; see the manual for detail orders
        0     0.00000000     1.00000000
        1     0.00000000     1.00000000
        2     0.00000000     1.00000000
        3     0.00000000     1.00000000
        4     0.00000000     1.00000000
        5     0.00000000     1.00000000
        6     0.00000000     1.00000000
        7     0.00000000     1.00000000
        8     0.00000000     1.00000000
        9     0.00000000     1.00000000
       10     0.00000000     1.00000000
       11     0.00000001     0.99999999
       12     0.00000001     0.99999999
       13     0.00000001     0.99999999
       14     0.00000001     0.99999999
       15     0.00000001     0.99999999
       16     0.00000001     0.99999999
       17     0.00000001     0.99999999
       18     0.00000001     0.99999999
       19     0.00000001     0.99999999
       20     0.00000001     0.99999999
       21     0.00000001     0.99999999
       22     0.00000001     0.99999999
       23     0.00000000     1.00000000
       24     0.00001803     0.99998197
       25     0.00003329     0.99996671
       26     0.00000166     0.99999834
       27     0.00003898     0.99996102
       28     0.00000891     0.99999109
       29     0.00002001     0.99997999
       30     0.00004147     0.99995853
       31     0.00000032     0.99999968
       32     0.00003772     0.99996228
       33     0.00003784     0.99996216
       34     0.00000023     0.99999977
       35     0.00004308     0.99995692
       36     0.00004243     0.99995757
       37     0.00000056     0.99999944
       38     0.00003468     0.99996532
       39     0.00005460     0.99994540
       40     0.00000984     0.99999016
       41     0.00001204     0.99998796
       42     0.00005415     0.99994585
       43     0.00003836     0.99996164
       44     0.00000129     0.99999871
       45     0.00002057     0.99997943
       46     0.00005176     0.99994824
       47     0.00003198     0.99996802
       48     0.00000124     0.99999876
       49     0.00001424     0.99998576
       50     0.00004197     0.99995803
       51     0.00003453     0.99996547
       52     0.00000676     0.99999324
       53     0.00000367     0.99999633
       54     0.00002553     0.99997447
       55     0.00003520     0.99996480
       56     0.00001919     0.99998081
       57     0.00000278     0.99999722
       58     0.00000800     0.99999200
       59     0.00002411     0.99997589
       60     0.00002762     0.99997238
       61     0.00001510     0.99998490
       62     0.00000422     0.99999578
       63     0.00000798     0.99999202
       64     0.00001943     0.99998057
       65     0.00002341     0.99997659
       66     0.00001595     0.99998405
       67     0.00000708     0.99999292
       68     0.00000688     0.99999312
       69     0.00001405     0.99998595
       70     0.00001934     0.99998066
       71     0.00001724     0.99998276
       72     0.00001122     0.99998878
       73     0.00000813     0.99999187
       74     0.00001022     0.99998978
       75     0.00001391     0.99998609
       76     0.00001514     0.99998486
       77     0.00001374     0.99998626
       78     0.00001228     0.99998772
       79     0.00001200     0.99998800
       80     0.00001175     0.99998825
       81     0.00001062     0.99998938
       82     0.00001017     0.99998983
       83     0.00001250     0.99998750
       84     0.00001668     0.99998332
       85     0.00001840     0.99998160
       86     0.00001455     0.99998545
       87     0.00000780     0.99999220
       88     0.00000524     0.99999476
       89     0.00001127     0.99998873
       90     0.00002192     0.99997808
       91     0.00002744     0.99997256
       92     0.00002168     0.99997832
       93     0.00000916     0.99999084
       94     0.00000191     0.99999809
       95     0.00000821     0.99999179
       96     0.00002389     0.99997611
       97     0.00003520     0.99996480
       98     0.00003150     0.99996850
       99     0.00001566     0.99998434
      100     0.00000214     0.99999786
      101     0.00000385     0.99999615
      102     0.00001998     0.99998002
      103     0.00003637     0.99996363
      104     0.00003834     0.99996166
      105     0.00002413     0.99997587
      106     0.00000643     0.99999357
      107     0.00000085     0.99999915
      108     0.00001195     0.99998805
      109     0.00002950     0.99997050
      110     0.00003803     0.99996197
      111     0.00003043     0.99996957
      112     0.00001367     0.99998633
      113     0.00000197     0.99999803
      114     0.00000441     0.99999559
      115     0.00001780     0.99998220
      116     0.00003031     0.99996969
      117     0.00003186     0.99996814
      118     0.00002188     0.99997812
      119     0.00000878     0.99999122
      120     0.00000247     0.99999753
      121     0.00000674     0.99999326
      122     0.00001728     0.99998272
      123     0.00002583     0.99997417
      124     0.00002650     0.99997350
      125     0.00001944     0.99998056
      126     0.00000990     0.99999010
      127     0.00000416     0.99999584
      128     0.00000555     0.99999445
      129     0.00001282     0.99998718
      130     0.00002143     0.99997857
      131     0.00002637     0.99997363
      132     0.00002487     0.99997513
      133     0.00001770     0.99998230
      134     0.00000859     0.99999141
      135     0.00000244     0.99999756
      136     0.00000322     0.99999678
      137     0.00001222     0.99998778
      138     0.00002742     0.99997258
      139     0.00004418     0.99995582
      140     0.00005692     0.99994308
      141     0.00006132     0.99993868
      142     0.00005627     0.99994373
      143     0.00004505     0.99995495
      144     0.00003557     0.99996443
      145     0.00003974     0.99996026
      146     0.00007247     0.99992753
      147     0.00015108     0.99984892
      148     0.00029603     0.99970397
      149     0.00053396     0.99946604
      150     0.00090457     0.99909543
      151     0.00147379     0.99852621
      152     0.00235773     0.99764227
      153     0.00376526     0.99623474
      154     0.00607316     0.99392684
      155     0.00995462     0.99004538
      156     0.01658132     0.98341868
      157     0.02787821     0.97212179
      158     0.04664460     0.95335540
      159     0.07600058     0.92399942
      160     0.11746828     0.88253172
      161     0.16833003     0.83166997
      162     0.23486861     0.76513139
      163     0.30453439     0.69546561
      164     0.35016104     0.64983896
      165     0.37365262     0.62634738
      166     0.38132127     0.61867873
      167     0.37915535     0.62084465
      168     0.37197834     0.62802166
      169     0.36352989     0.63647011
      170     0.35647104     0.64352896
      171     0.35220346     0.64779654
      172     0.35069391     0.64930609
      173     0.35060920     0.64939080
      174     0.35001945     0.64998055
      175     0.34762921     0.65237079
      176     0.34397287     0.65602713
      177     0.34154671     0.65845329
      178     0.34309577     0.65690423
      179     0.34870632     0.65129368
      180     0.35427395     0.64572605
      181     0.35418045     0.64581955
      182     0.34742386     0.65257614
      183     0.34084073     0.65915927
      184     0.34284474     0.65715526
      185     0.35183927     0.64816073
      186     0.35538156     0.64461844
      187     0.34720546     0.65279454
      188     0.33990418     0.66009582
      189     0.34685422     0.65314578
      190     0.35620117     0.64379883
      191     0.34897039     0.65102961
      192     0.33891807     0.66108193
      193     0.34894686     0.65105314
      194     0.35746588     0.64253412
      195     0.34222701     0.65777299
      196     0.34042945     0.65957055
      197     0.35974384     0.64025616
      198     0.34723852     0.65276148
      199     0.33573622     0.66426378
      200     0.35899778     0.64100222
      201     0.34848311     0.65151689
      202     0.33984868     0.66015132
      203     0.35534980     0.64465020
      204     0.34533875     0.65466125
      205     0.34620504     0.65379496
      206     0.35152120     0.64847880
      207     0.34470039     0.65529961
      208     0.34961884     0.65038116
      209     0.34787697     0.65212303
      210     0.34681865     0.65318135
      211     0.34948639     0.65051361
      212     0.34648489     0.65351511
      213     0.34887177     0.65112823
      214     0.34757841     0.65242159
      215     0.34772007     0.65227993
      216     0.34849764     0.65150236
      217     0.34717458     0.65282542
      218     0.34865061     0.65134939
      219     0.34734930     0.65265070
      220     0.34825779     0.65174221
      221     0.34784084     0.65215916
      222     0.34777309     0.65222691
      223     0.34823804     0.65176196
      224     0.34751273     0.65248727
      225     0.34834267     0.65165733
      226     0.34755614     0.65244386
      227     0.34817888     0.65182112
      228     0.34779905     0.65220095
      229     0.34790118     0.65209882
      230     0.34806482     0.65193518
      231     0.34768578     0.65231422
      232     0.34820114     0.65179886
      233     0.34764290     0.65235710
      234     0.34815240     0.65184760
      235     0.34776974     0.65223026
      236     0.34797291     0.65202709
      237     0.34796937     0.65203063
      238     0.34778745     0.65221255
      239     0.34811021     0.65188979
      240     0.34771268     0.65228732
      241     0.34811004     0.65188996
      242     0.34778260     0.65221740
      243     0.34798828     0.65201172
      244     0.34792933     0.65207067
      245     0.34784671     0.65215329
      246     0.34803869     0.65196131
      247     0.34778787     0.65221213
      248     0.34804103     0.65195897
      249     0.34783503     0.65216497
      250     0.34796185     0.65203815
      251     0.34792324     0.65207676
      252     0.34788688     0.65211312
      253     0.34796911     0.65203089
      254     0.34787578     0.65212422
      255     0.34795065     0.65204935
      256     0.34791011     0.65208989
      257     0.34791777     0.65208223
      258     0.34792632     0.65207368
      259     0.34792635     0.65207365
      260     0.34789462     0.65210538
      261     0.34797011     0.65202989
      262     0.34785590     0.65214410
      263     0.34798602     0.65201398
      264     0.34787552     0.65212448
      265     0.34792771     0.65207229
      266     0.34796432     0.65203568
      267     0.34782671     0.65217329
      268     0.34805336     0.65194664
      269     0.34777368     0.65222632
      270     0.34805264     0.65194736
      271     0.34783475     0.65216525
      272     0.34793811     0.65206189
      273     0.34798327     0.65201673
      274     0.34778396     0.65221604
      275     0.34811167     0.65188833
      276     0.34770923     0.65229077
      277     0.34811419     0.65188581
      278     0.34778402     0.65221598
      279     0.34797188     0.65202812
      280     0.34797070     0.65202930
      281     0.34777345     0.65222655
      282     0.34814459     0.65185541
      283     0.34765756     0.65234244
      284     0.34817847     0.65182153
      285     0.34771732     0.65228268
      286     0.34803001     0.65196999
      287     0.34793205     0.65206795
      288     0.34778343     0.65221657
      289     0.34816598     0.65183402
      290     0.34760505     0.65239495
      291     0.34825077     0.65174923
      292     0.34763759     0.65236241
      293     0.34809700     0.65190300
      294     0.34789371     0.65210629
      295     0.34777958     0.65222042
      296     0.34821432     0.65178568
      297     0.34752196     0.65247804
      298     0.34834793     0.65165207
      299     0.34755615     0.65244385
      300     0.34813340     0.65186660
