#    Step     Kinetic(H)     Potential(H)   Total(H)       E(0)(H)        E(1)(H)        E(2)(H)        
        0     0.00243391    -4.92323516    -4.92080125    -5.26544472    -5.03480606    -4.92323516
        1     0.00194949    -4.92274882    -4.92079934    -5.26543613    -5.03479747    -4.92274882
        2     0.00301172    -4.92382275    -4.92081104    -5.26610582    -5.03583465    -4.92382275
        3     0.00550914    -4.92629822    -4.92078908    -5.26733180    -5.03786912    -4.92629822
        4     0.00923263    -4.93002189    -4.92078926    -5.26892401    -5.04063731    -4.93002189
        5     0.01388096    -4.93468940    -4.92080844    -5.27065158    -5.04390835    -4.93468940
        6     0.01907237    -4.94005776    -4.92098539    -5.27227151    -5.04740249    -4.94005776
        7     0.02437032    -4.94578890    -4.92141858    -5.27355599    -5.05081843    -4.94578890
        8     0.02932620    -4.95165532    -4.92232912    -5.27431426    -5.05392865    -4.95165532
        9     0.03353236    -4.95748261    -4.92395025    -5.27440865    -5.05652199    -4.95748261
       10     0.03666776    -4.96312338    -4.92645563    -5.27376529    -5.05848784    -4.96312338
       11     0.03853874    -4.96842554    -4.92988680    -5.27237907    -5.05967407    -4.96842554
       12     0.03913497    -4.97333969    -4.93420472    -5.27031085    -5.06014156    -4.97333969
       13     0.03866178    -4.97775661    -4.93909483    -5.26767191    -5.05996482    -4.97775661
       14     0.03748989    -4.98166979    -4.94417991    -5.26460272    -5.05913734    -4.98166979
       15     0.03603098    -4.98515407    -4.94912310    -5.26125163    -5.05788096    -4.98515407
       16     0.03460745    -4.98830435    -4.95369690    -5.25775028    -5.05629057    -4.98830435
       17     0.03338856    -4.99114820    -4.95775964    -5.25419976    -5.05450401    -4.99114820
       18     0.03240517    -4.99383038    -4.96142521    -5.25067130    -5.05251903    -4.99383038
       19     0.07951658    -5.05049009    -4.97097351    -5.24720914    -5.05049009    -4.99628486
       20     0.02557178    -4.99971603    -4.97414425    -5.24182047    -5.04708589    -4.99971603
       21     0.02459931    -5.00151162    -4.97691231    -5.23865491    -5.04498605    -5.00151162
       22     0.02381706    -5.00324188    -4.97942482    -5.23564451    -5.04293114    -5.00324188
       23     0.02310425    -5.00483418    -4.98172993    -5.23275339    -5.04092200    -5.00483418
       24     0.02236899    -5.00635847    -4.98398948    -5.22994126    -5.03891835    -5.00635847
       25     0.02154699    -5.00766430    -4.98611730    -5.22716792    -5.03688000    -5.00766430
       26     0.02060026    -5.00879032    -4.98819006    -5.22439852    -5.03477208    -5.00879032
       27     0.01951563    -5.00967480    -4.99015916    -5.22160806    -5.03264311    -5.00967480
       28     0.01830211    -5.01034319    -4.99204108    -5.21878527    -5.03044506    -5.01034319
       29     0.01698656    -5.01076252    -4.99377597    -5.21593392    -5.02818170    -5.01076252
       30     0.01560825    -5.01098819    -4.99537994    -5.21307264    -5.02590841    -5.01098819
       31     0.01421349    -5.01105189    -4.99683840    -5.21023315    -5.02369365    -5.01105189
       32     0.01285038    -5.01095884    -4.99810846    -5.20745740    -5.02150589    -5.01095884
       33     0.01156370    -5.01079369    -4.99922999    -5.20479329    -5.01950327    -5.01079369
       34     0.01038972    -5.01064165    -5.00025193    -5.20228930    -5.01766077    -5.01064165
       35     0.00935283    -5.01043805    -5.00108522    -5.19999099    -5.01606070    -5.01043805
       36     0.00846392    -5.01033355    -5.00186963    -5.19793877    -5.01478021    -5.01033355
       37     0.00772353    -5.01025270    -5.00252916    -5.19616745    -5.01385413    -5.01025270
       38     0.00713371    -5.01026138    -5.00312767    -5.19470617    -5.01327483    -5.01026138
       39     0.00671337    -5.01037780    -5.00366444    -5.19357311    -5.01306050    -5.01037780
       40     0.00649412    -5.01063690    -5.00414278    -5.19276647    -5.01313585    -5.01063690
       41     0.00649162    -5.01112100    -5.00462938    -5.19225835    -5.01339946    -5.01112100
       42     0.00849740    -5.01376587    -5.00526847    -5.19200002    -5.01376587    -5.01181816
       43     0.00827473    -5.01414095    -5.00586622    -5.19178711    -5.01414095    -5.01259748
       44     0.00804690    -5.01448088    -5.00643399    -5.19146556    -5.01448088    -5.01312116
       45     0.00783328    -5.01481661    -5.00698333    -5.19102955    -5.01481661    -5.01334664
       46     0.00763237    -5.01513578    -5.00750341    -5.19050348    -5.01513578    -5.01333507
       47     0.00743211    -5.01547429    -5.00804217    -5.18992326    -5.01547429    -5.01315908
       48     0.00723432    -5.01575696    -5.00852263    -5.18932394    -5.01575696    -5.01281701
       49     0.00705427    -5.01605397    -5.00899971    -5.18873898    -5.01605397    -5.01241579
       50     0.00691300    -5.01636081    -5.00944780    -5.18820057    -5.01636081    -5.01195089
       51     0.00683237    -5.01674488    -5.00991250    -5.18773941    -5.01674488    -5.01141623
       52     0.00683202    -5.01719737    -5.01036535    -5.18738342    -5.01719737    -5.01091324
       53     0.00692751    -5.01770550    -5.01077799    -5.18715656    -5.01770550    -5.01042914
       54     0.00712903    -5.01836160    -5.01123258    -5.18707768    -5.01836160    -5.00998276
       55     0.00744062    -5.01914176    -5.01170114    -5.18715960    -5.01914176    -5.00955019
       56     0.00785983    -5.02005231    -5.01219249    -5.18740866    -5.02005231    -5.00921127
       57     0.00837791    -5.02109322    -5.01271531    -5.18782483    -5.02109322    -5.00892920
       58     0.00898056    -5.02229540    -5.01331484    -5.18840227    -5.02229540    -5.00866140
       59     0.00964891    -5.02357469    -5.01392578    -5.18913033    -5.02357469    -5.00847072
       60     0.01036067    -5.02495312    -5.01459246    -5.18999427    -5.02495312    -5.00830569
       61     0.01109165    -5.02645001    -5.01535836    -5.19097666    -5.02645001    -5.00811210
       62     0.01181769    -5.02800998    -5.01619228    -5.19205889    -5.02800998    -5.00794485
       63     0.01251643    -5.02961469    -5.01709826    -5.19322261    -5.02961469    -5.00774885
       64     0.01316893    -5.03124729    -5.01807836    -5.19445097    -5.03124729    -5.00750724
       65     0.01376171    -5.03293113    -5.01916943    -5.19573057    -5.03293113    -5.00724336
       66     0.01428778    -5.03462078    -5.02033300    -5.19705272    -5.03462078    -5.00691180
       67     0.01474612    -5.03631170    -5.02156558    -5.19841290    -5.03631170    -5.00654476
       68     0.01514073    -5.03803979    -5.02289906    -5.19981025    -5.03803979    -5.00610464
       69     0.01547896    -5.03976975    -5.02429079    -5.20124621    -5.03976975    -5.00566639
       70     0.01576988    -5.04154081    -5.02577093    -5.20272328    -5.04154081    -5.00515900
       71     0.01602308    -5.04331900    -5.02729592    -5.20424422    -5.04331900    -5.00465873
       72     0.01624717    -5.04514291    -5.02889573    -5.20581088    -5.04514291    -5.00413068
       73     0.01644864    -5.04697560    -5.03052696    -5.20742308    -5.04697560    -5.00361142
       74     0.01663104    -5.04885089    -5.03221985    -5.20907788    -5.04885089    -5.00306125
       75     0.01679465    -5.05072577    -5.03393112    -5.21076901    -5.05072577    -5.00251068
       76     0.01693656    -5.05266397    -5.03572741    -5.21248672    -5.05266397    -5.00194993
       77     0.01705142    -5.05457932    -5.03752790    -5.21421832    -5.05457932    -5.00136632
       78     0.01713219    -5.05649337    -5.03936117    -5.21594862    -5.05649337    -5.00074467
       79     0.01717122    -5.05835262    -5.04118140    -5.21766087    -5.05835262    -5.00010496
       80     0.01716131    -5.06021345    -5.04305214    -5.21933795    -5.06021345    -4.99943009
       81     0.01709648    -5.06198544    -5.04488896    -5.22096295    -5.06198544    -4.99866638
       82     0.01697267    -5.06368966    -5.04671699    -5.22252017    -5.06368966    -4.99783490
       83     0.01678824    -5.06534917    -5.04856093    -5.22399594    -5.06534917    -4.99692196
       84     0.01654395    -5.06691576    -5.05037181    -5.22537878    -5.06691576    -4.99595285
       85     0.01624294    -5.06838057    -5.05213763    -5.22665985    -5.06838057    -4.99491870
       86     0.01589040    -5.06973736    -5.05384696    -5.22783289    -5.06973736    -4.99377654
       87     0.01549300    -5.07101883    -5.05552583    -5.22889386    -5.07101883    -4.99255906
       88     0.01505852    -5.07218628    -5.05712776    -5.22984082    -5.07218628    -4.99130106
       89     0.01459524    -5.07327613    -5.05868089    -5.23067342    -5.07327613    -4.98996545
       90     0.01411145    -5.07425236    -5.06014091    -5.23139241    -5.07425236    -4.98855298
       91     0.01361521    -5.07519007    -5.06157486    -5.23199937    -5.07519007    -4.98713873
       92     0.01311412    -5.07601793    -5.06290381    -5.23249649    -5.07601793    -4.98565138
       93     0.01261515    -5.07681188    -5.06419673    -5.23288620    -5.07681188    -4.98416688
       94     0.01212453    -5.07750095    -5.06537642    -5.23317103    -5.07750095    -4.98268774
       95     0.01164764    -5.07819779    -5.06655015    -5.23335338    -5.07819779    -4.98117962
       96     0.01118898    -5.07879418    -5.06760520    -5.23343527    -5.07879418    -4.97968129
       97     0.01075241    -5.07940225    -5.06864984    -5.23341860    -5.07940225    -4.97823140
       98     0.01034142    -5.07995047    -5.06960906    -5.23330534    -5.07995047    -4.97679516
       99     0.00995926    -5.08047779    -5.07051853    -5.23309767    -5.08047779    -4.97541151
      100     0.00960905    -5.08098670    -5.07137765    -5.23279810    -5.08098670    -4.97404621
      101     0.00929380    -5.08151683    -5.07222303    -5.23240949    -5.08151683    -4.97277562
      102     0.00901634    -5.08199792    -5.07298158    -5.23193510    -5.08199792    -4.97156624
      103     0.00877936    -5.08250710    -5.07372774    -5.23137855    -5.08250710    -4.97042171
      104     0.00858532    -5.08304838    -5.07446306    -5.23074385    -5.08304838    -4.96938277
      105     0.00843632    -5.08358929    -5.07515297    -5.23003529    -5.08358929    -4.96845371
      106     0.00833407    -5.08417109    -5.07583702    -5.22925737    -5.08417109    -4.96760229
      107     0.00827973    -5.08476166    -5.07648194    -5.22841471    -5.08476166    -4.96686988
      108     0.00827376    -5.08540235    -5.07712859    -5.22751193    -5.08540235    -4.96626109
      109     0.00831583    -5.08609757    -5.07778174    -5.22655343    -5.08609757    -4.96574358
      110     0.00840466    -5.08685141    -5.07844675    -5.22554330    -5.08685141    -4.96535819
      111     0.00853798    -5.08763073    -5.07909275    -5.22448516    -5.08763073    -4.96510854
      112     0.00871249    -5.08847535    -5.07976286    -5.22338206    -5.08847535    -4.96496092
      113     0.00892386    -5.08935092    -5.08042707    -5.22223642    -5.08935092    -4.96491776
      114     0.00916687    -5.09029596    -5.08112909    -5.22105001    -5.09029596    -4.96501757
      115     0.00943554    -5.09127485    -5.08183931    -5.21982393    -5.09127485    -4.96518797
      116     0.00972335    -5.09228814    -5.08256479    -5.21855876    -5.09228814    -4.96546627
      117     0.01002347    -5.09337266    -5.08334920    -5.21725458    -5.09337266    -4.96581581
      118     0.01032911    -5.09445467    -5.08412556    -5.21591114    -5.09445467    -4.96627308
      119     0.01063382    -5.09560722    -5.08497340    -5.21452798    -5.09560722    -4.96676414
      120     0.01093177    -5.09675632    -5.08582454    -5.21310463    -5.09675632    -4.96728850
