#    Step        Prob(0)        Prob(1)        
        0     0.00000000     0.00000000
        1     0.00000071     0.00000000
        2     0.00000000     0.00000000
        3     0.00000000     0.00000000
        4     0.00000599     0.00000000
        5     0.00000012     0.00000000
        6     0.00001829     0.00000000
        7     0.00001526     0.00000000
        8     0.00003813     0.00000000
        9     0.00004767     0.00000000
       10     0.00006072     0.00000000
       11     0.00006833     0.00000000
       12     0.00006684     0.00000000
       13     0.00006849     0.00000000
       14     0.00007033     0.00000000
       15     0.00007495     0.00000000
       16     0.00008098     0.00000000
       17     0.00008561     0.00000000
       18     0.00008768     0.00000000
       19     0.00008609     0.00000000
       20     0.00007984     0.00000000
       21     0.00006855     0.00000000
       22     0.00005264     0.00000000
       23     0.00003360     0.00000000
       24     0.00001422     0.00000000
       25     0.00000000     0.00000000
       26     0.00000000     0.00000000
       27     0.00000000     0.00000000
       28     0.00000063     0.00000000
       29     0.00001616     0.00000000
       30     0.00003124     0.00000000
       31     0.00004093     0.00000000
       32     0.00004416     0.00000000
       33     0.00004357     0.00000000
       34     0.00004173     0.00000000
       35     0.00003852     0.00000000
       36     0.00003338     0.00000000
       37     0.00002747     0.00000000
       38     0.00002211     0.00000000
       39     0.00001747     0.00000000
       40     0.00001354     0.00000000
       41     0.00001050     0.00000000
       42     0.00000818     0.00000000
       43     0.00000622     0.00000000
       44     0.00000447     0.00000000
       45     0.00000289     0.00000000
       46     0.00000149     0.00000000
       47     0.00000038     0.00000000
       48     0.00000000     0.00000000
       49     0.00000000     0.00000000
       50     0.00000000     0.00000000
       51     0.00000000     0.00000000
       52     0.00000016     0.00000000
       53     0.00000060     0.00000000
       54     0.00000110     0.00000000
       55     0.00000162     0.00000000
       56     0.00000218     0.00000000
       57     0.00000285     0.00000000
       58     0.00000372     0.00000000
       59     0.00000496     0.00000000
       60     0.00000670     0.00000000
       61     0.00000906     0.00000000
       62     0.00001206     0.00000000
       63     0.00001558     0.00000000
       64     0.00001926     0.00000000
       65     0.00002241     0.00000000
       66     0.00002410     0.00000000
       67     0.00002342     0.00000000
       68     0.00002008     0.00000000
       69     0.00001485     0.00000000
       70     0.00000923     0.00000000
       71     0.00000417     0.00000000
       72     0.00000000     0.00000000
       73     0.00000000     0.00000000
       74     0.00000000     0.00000000
       75     0.00000000     0.00000000
       76     0.00000490     0.00000000
       77     0.00000962     0.00000000
       78     0.00001219     0.00000000
       79     0.00001275     0.00000000
       80     0.00001223     0.00000000
       81     0.00001094     0.00000000
       82     0.00000866     0.00000000
       83     0.00000559     0.00000000
       84     0.00000238     0.00000000
       85     0.00000000     0.00000000
       86     0.00000000     0.00000000
       87     0.00000000     0.00000000
       88     0.00000081     0.00000000
       89     0.00000290     0.00000000
       90     0.00000468     0.00000000
       91     0.00000570     0.00000000
       92     0.00000584     0.00000000
       93     0.00000523     0.00000000
       94     0.00000423     0.00000000
       95     0.00000319     0.00000000
       96     0.00000235     0.00000000
       97     0.00000181     0.00000000
       98     0.00000161     0.00000000
       99     0.00000171     0.00000000
      100     0.00000208     0.00000000
      101     0.00000270     0.00000000
      102     0.00000355     0.00000000
      103     0.00000456     0.00000000
      104     0.00000551     0.00000000
      105     0.00000611     0.00000000
      106     0.00000601     0.00000000
      107     0.00000502     0.00000000
      108     0.00000319     0.00000000
      109     0.00000098     0.00000000
      110     0.00000000     0.00000000
      111     0.00000000     0.00000000
      112     0.00000193     0.00000000
      113     0.00000804     0.00000000
      114     0.00001719     0.00000000
      115     0.00002843     0.00000000
      116     0.00004021     0.00000000
      117     0.00005015     0.00000000
      118     0.00005551     0.00000000
      119     0.00005426     0.00000000
      120     0.00004628     0.00000000
      121     0.00003367     0.00000000
      122     0.00001994     0.00000000
      123     0.00000845     0.00000000
      124     0.00000105     0.00000000
      125     0.00000000     0.00000000
      126     0.00000000     0.00000000
      127     0.00000000     0.00000000
      128     0.00000143     0.00000000
      129     0.00000431     0.00000000
      130     0.00000668     0.00000000
      131     0.00000787     0.00000000
      132     0.00000771     0.00000000
      133     0.00000655     0.00000000
      134     0.00000514     0.00000000
      135     0.00000428     0.00000000
      136     0.00000474     0.00000000
      137     0.00000776     0.00000000
      138     0.00001668     0.00000000
      139     0.00004019     0.00000000
      140     0.00009697     0.00000000
      141     0.00022325     0.00000000
      142     0.00048346     0.00000000
      143     0.00098482     0.00000000
      144     0.00189518     0.00000000
      145     0.00346168     0.00000000
      146     0.00603082     0.00000000
      147     0.01010676     0.00000000
      148     0.01675803     0.00000000
      149     0.03191332     0.00000000
      150     0.56680193     0.00000000
      151     0.00000000     0.39002207
      152     0.00000000     0.22125921
      153     0.00000000     0.00000000
      154     0.00000000     0.00000000
      155     0.00000000     0.00000000
      156     0.00000000     0.00000000
      157     0.00777450     0.00000000
      158     0.01693169     0.00000000
      159     0.02107298     0.00000000
      160     0.02056677     0.00000000
      161     0.01675430     0.00000000
      162     0.01141191     0.00000000
      163     0.00607069     0.00000000
      164     0.00162986     0.00000000
      165     0.00000000     0.00000000
      166     0.00000000     0.00000000
      167     0.00000000     0.00000000
      168     0.00000000     0.00000000
      169     0.00000000     0.00000000
      170     0.00165360     0.00000000
      171     0.00643385     0.00000000
      172     0.01183878     0.00000000
      173     0.01653725     0.00000000
      174     0.01895902     0.00000000
      175     0.01820679     0.00000000
      176     0.01469683     0.00000000
      177     0.00981697     0.00000000
      178     0.00500820     0.00000000
      179     0.00115945     0.00000000
      180     0.00000000     0.00000000
      181     0.00000000     0.00000000
      182     0.00000000     0.00000000
      183     0.00000000     0.00000000
      184     0.00092106     0.00000000
      185     0.00403520     0.00000000
      186     0.00783594     0.00000000
      187     0.01248797     0.00000000
      188     0.01906013     0.00000000
      189     0.03160816     0.00000000
      190     0.06857243     0.00000000
      191     0.26509625     0.00000000
      192     1.00000000     0.00000000
      193     0.00000000     0.00000000
      194     0.00000000     0.00204735
      195     0.00000000     0.01772678
      196     0.00000000     0.02035852
      197     0.00000000     0.01794666
      198     0.00000000     0.01194098
      199     0.00000000     0.00414853
      200     0.00000000     0.00000000
      201     0.00000000     0.00000000
      202     0.00000000     0.00000000
      203     0.00000000     0.00188806
      204     0.00000000     0.00154726
      205     0.00000000     0.00062137
      206     0.00000000     0.00096829
      207     0.00000000     0.00118705
      208     0.00000000     0.00087447
      209     0.00000000     0.00042850
      210     0.00000000     0.00009239
      211     0.00000000     0.00000000
      212     0.00000000     0.00000000
      213     0.00000000     0.00000000
      214     0.00000000     0.00001062
      215     0.00000000     0.00001618
      216     0.00000000     0.00000000
      217     0.00000000     0.00009167
      218     0.00000000     0.00000000
      219     0.00000000     0.00004085
      220     0.00000000     0.00006334
      221     0.00000000     0.00010661
      222     0.00000000     0.00017120
      223     0.00000000     0.00024446
      224     0.00000000     0.00029711
      225     0.00000000     0.00030024
      226     0.00000000     0.00026023
      227     0.00000000     0.00019977
      228     0.00000000     0.00013737
      229     0.00000000     0.00008348
      230     0.00000000     0.00004297
      231     0.00000000     0.00001676
      232     0.00000000     0.00000323
      233     0.00000000     0.00000000
      234     0.00000000     0.00000046
      235     0.00000000     0.00000405
      236     0.00000000     0.00000811
      237     0.00000000     0.00001246
      238     0.00000000     0.00001811
      239     0.00000000     0.00002686
      240     0.00000000     0.00004150
      241     0.00000000     0.00006552
      242     0.00000000     0.00010276
      243     0.00000000     0.00015680
      244     0.00000000     0.00023010
      245     0.00000000     0.00032266
      246     0.00000000     0.00042826
      247     0.00000000     0.00052477
      248     0.00000000     0.00056107
      249     0.00000000     0.00047224
      250     0.00000000     0.00027334
      251     0.00000000     0.00010214
      252     0.00000000     0.00002661
      253     0.00000000     0.00000366
      254     0.00000000     0.00000000
      255     0.00000000     0.00000000
      256     0.00000000     0.00000000
      257     0.00000000     0.00000004
      258     0.00000000     0.00000032
      259     0.00000000     0.00000028
      260     0.00000000     0.00000084
      261     0.00000000     0.00000522
      262     0.00000000     0.00001151
      263     0.00000000     0.00000988
      264     0.00000000     0.00000631
      265     0.00000000     0.00000383
      266     0.00000000     0.00000295
      267     0.00000000     0.00000283
      268     0.00000000     0.00000922
      269     0.00000000     0.00002748
      270     0.00000000     0.00004126
      271     0.00000000     0.00004040
      272     0.00000000     0.00003109
      273     0.00000000     0.00002075
      274     0.00000000     0.00001245
      275     0.00000000     0.00000638
      276     0.00000000     0.00000217
      277     0.00000000     0.00000000
      278     0.00000000     0.00000010
      279     0.00000000     0.00000390
      280     0.00000000     0.00001203
      281     0.00000000     0.00002456
      282     0.00000000     0.00004110
      283     0.00000000     0.00006096
      284     0.00000000     0.00008387
      285     0.00000000     0.00010952
      286     0.00000000     0.00013709
      287     0.00000000     0.00016543
      288     0.00000000     0.00019202
      289     0.00000000     0.00020929
      290     0.00000000     0.00020032
      291     0.00000000     0.00014577
      292     0.00000000     0.00006566
      293     0.00000000     0.00001034
      294     0.00000000     0.00000000
      295     0.00000000     0.00000000
      296     0.00000000     0.00000628
      297     0.00000000     0.00002660
      298     0.00000000     0.00005362
      299     0.00000000     0.00008567
      300     0.00000000     0.00011668
      301     0.00000000     0.00013491
      302     0.00000000     0.00013138
      303     0.00000000     0.00011116
      304     0.00000000     0.00008612
      305     0.00000000     0.00006263
      306     0.00000000     0.00004185
      307     0.00000000     0.00002449
      308     0.00000000     0.00001129
      309     0.00000000     0.00000264
      310     0.00000000     0.00000000
      311     0.00000000     0.00000012
      312     0.00000000     0.00000706
      313     0.00000000     0.00001977
      314     0.00000000     0.00003734
      315     0.00000000     0.00005725
      316     0.00000000     0.00007549
      317     0.00000000     0.00008727
      318     0.00000000     0.00008855
      319     0.00000000     0.00007802
      320     0.00000000     0.00005893
      321     0.00000000     0.00003833
      322     0.00000000     0.00002203
      323     0.00000000     0.00001126
      324     0.00000000     0.00000424
      325     0.00000000     0.00000000
      326     0.00000000     0.00000000
      327     0.00000000     0.00000000
      328     0.00000000     0.00000000
      329     0.00000000     0.00000340
      330     0.00000000     0.00001148
      331     0.00000000     0.00002675
      332     0.00000000     0.00005490
      333     0.00000000     0.00010293
      334     0.00000000     0.00017108
      335     0.00000000     0.00023441
      336     0.00000000     0.00025039
      337     0.00000000     0.00021892
      338     0.00000000     0.00017088
      339     0.00000000     0.00012441
      340     0.00000000     0.00008507
      341     0.00000000     0.00005456
      342     0.00000000     0.00003258
      343     0.00000000     0.00001758
      344     0.00000000     0.00000792
      345     0.00000000     0.00000206
      346     0.00000000     0.00000000
      347     0.00000000     0.00000121
      348     0.00000000     0.00001055
      349     0.00000000     0.00003349
      350     0.00000000     0.00007927
      351     0.00000000     0.00016020
      352     0.00000000     0.00028849
      353     0.00000000     0.00046631
      354     0.00000000     0.00066286
      355     0.00000000     0.00078549
      356     0.00000000     0.00068664
      357     0.00000000     0.00037387
      358     0.00000000     0.00014835
      359     0.00000000     0.00007157
      360     0.00000000     0.00003734
      361     0.00000000     0.00001542
      362     0.00000000     0.00000373
      363     0.00000000     0.00000000
      364     0.00000000     0.00000000
      365     0.00000000     0.00000351
      366     0.00000000     0.00001105
      367     0.00000000     0.00002072
      368     0.00000000     0.00002980
      369     0.00000000     0.00003147
      370     0.00000000     0.00001984
      371     0.00000000     0.00000320
      372     0.00000000     0.00000000
      373     0.00000000     0.00000000
      374     0.00000000     0.00000000
      375     0.00000000     0.00001674
      376     0.00000000     0.00010999
      377     0.00000000     0.00078851
      378     0.00000000     0.00000000
      379     0.00000000     0.00000000
      380     0.00000000     0.00001614
      381     0.00000000     0.00001703
      382     0.00000000     0.00001109
      383     0.00000000     0.00000792
      384     0.00000000     0.00000279
      385     0.00000000     0.00000000
      386     0.00000000     0.00000000
      387     0.00000000     0.00000298
      388     0.00000000     0.00001128
      389     0.00000000     0.00002506
      390     0.00000000     0.00004355
      391     0.00000000     0.00006416
      392     0.00000000     0.00008293
      393     0.00000000     0.00009574
      394     0.00000000     0.00009935
      395     0.00000000     0.00009225
      396     0.00000000     0.00007560
      397     0.00000000     0.00005457
      398     0.00000000     0.00003485
      399     0.00000000     0.00001971
      400     0.00000000     0.00000986
      401     0.00000000     0.00000426
      402     0.00000000     0.00000147
      403     0.00000000     0.00000025
      404     0.00000000     0.00000000
      405     0.00000000     0.00000000
      406     0.00000000     0.00000000
      407     0.00000000     0.00000000
      408     0.00000000     0.00000000
      409     0.00000000     0.00000009
      410     0.00000000     0.00000050
      411     0.00000000     0.00000074
      412     0.00000000     0.00000067
      413     0.00000000     0.00000061
      414     0.00000000     0.00000087
      415     0.00000000     0.00000184
      416     0.00000000     0.00000406
      417     0.00000000     0.00000685
      418     0.00000000     0.00000489
      419     0.00000000     0.00000000
      420     0.00000000     0.00000000
      421     0.00000000     0.00000000
      422     0.00000000     0.00000000
      423     0.00000000     0.00000000
      424     0.00000000     0.00000073
      425     0.00000000     0.00000460
      426     0.00000000     0.00000857
      427     0.00000000     0.00001126
      428     0.00000000     0.00001162
      429     0.00000000     0.00001007
      430     0.00000000     0.00000769
      431     0.00000000     0.00000544
      432     0.00000000     0.00000361
      433     0.00000000     0.00000228
      434     0.00000000     0.00000138
      435     0.00000000     0.00000075
      436     0.00000000     0.00000033
      437     0.00000000     0.00000008
      438     0.00000000     0.00000000
      439     0.00000000     0.00000000
      440     0.00000000     0.00000000
      441     0.00000000     0.00000000
      442     0.00000000     0.00000000
      443     0.00000000     0.00000000
      444     0.00000000     0.00000001
      445     0.00000000     0.00000004
      446     0.00000000     0.00000008
      447     0.00000000     0.00000012
      448     0.00000000     0.00000014
      449     0.00000000     0.00000012
      450     0.00000000     0.00000008
      451     0.00000000     0.00000002
      452     0.00000000     0.00000000
      453     0.00000000     0.00000000
      454     0.00000000     0.00000000
      455     0.00000000     0.00000000
      456     0.00000000     0.00000000
      457     0.00000000     0.00000000
      458     0.00000000     0.00000000
      459     0.00000000     0.00000000
      460     0.00000000     0.00000000
      461     0.00000000     0.00000000
      462     0.00000000     0.00000000
      463     0.00000000     0.00000000
      464     0.00000000     0.00000000
      465     0.00000000     0.00000000
      466     0.00000000     0.00000002
      467     0.00000000     0.00000005
      468     0.00000000     0.00000007
      469     0.00000000     0.00000008
      470     0.00000000     0.00000009
      471     0.00000000     0.00000009
      472     0.00000000     0.00000008
      473     0.00000000     0.00000008
      474     0.00000000     0.00000007
      475     0.00000000     0.00000008
      476     0.00000000     0.00000009
      477     0.00000000     0.00000011
      478     0.00000000     0.00000013
      479     0.00000000     0.00000013
      480     0.00000000     0.00000011
      481     0.00000000     0.00000005
      482     0.00000000     0.00000000
      483     0.00000000     0.00000000
      484     0.00000000     0.00000007
      485     0.00000000     0.00000033
      486     0.00000000     0.00000099
      487     0.00000000     0.00000232
      488     0.00000000     0.00000420
      489     0.00000000     0.00000423
      490     0.00000000     0.00000023
      491     0.00000000     0.00000000
      492     0.00000000     0.00000000
      493     0.00000000     0.00000016
      494     0.00000000     0.00000000
      495     0.00000000     0.00000009
      496     0.00000000     0.00000090
      497     0.00000000     0.00000201
      498     0.00000000     0.00000265
      499     0.00000000     0.00000239
      500     0.00000000     0.00000142
      501     0.00000000     0.00000036
      502     0.00000000     0.00000000
      503     0.00000000     0.00000027
      504     0.00000000     0.00007095
      505     0.00000000     0.00000000
      506     0.00000000     0.00000026
      507     0.00000000     0.00000213
      508     0.00000000     0.00000099
      509     0.00000000     0.00000120
      510     0.00000000     0.00000086
      511     0.00000000     0.00000063
      512     0.00000000     0.00000036
      513     0.00000000     0.00000012
      514     0.00000000     0.00000000
      515     0.00000000     0.00000000
      516     0.00000000     0.00000000
      517     0.00000000     0.00000000
      518     0.00000000     0.00000000
      519     0.00000000     0.00000000
      520     0.00000000     0.00000000
      521     0.00000000     0.00000003
      522     0.00000000     0.00000005
      523     0.00000000     0.00000001
      524     0.00000000     0.00000000
      525     0.00000000     0.00000005
      526     0.00000000     0.00000017
      527     0.00000000     0.00000028
      528     0.00000000     0.00000036
      529     0.00000000     0.00000063
      530     0.00000000     0.00000132
      531     0.00000000     0.00000259
      532     0.00000000     0.00000442
      533     0.00000000     0.00000657
      534     0.00000000     0.00000805
      535     0.00000000     0.00000715
      536     0.00000000     0.00000217
      537     0.00000000     0.00000000
      538     0.00000000     0.00002673
      539     0.00000000     0.00010435
      540     0.00000000     0.00008044
      541     0.00000000     0.00002358
      542     0.00000000     0.00000456
      543     0.00000000     0.00000000
      544     0.00000000     0.00000000
      545     0.00000000     0.00000000
      546     0.00000000     0.00000000
      547     0.00000000     0.00000018
      548     0.00000000     0.00000031
      549     0.00000000     0.00000012
      550     0.00000000     0.00000000
      551     0.00000000     0.00000001
      552     0.00000000     0.00000045
      553     0.00000000     0.00000111
      554     0.00000000     0.00000176
      555     0.00000000     0.00000214
      556     0.00000000     0.00000201
      557     0.00000000     0.00000117
      558     0.00000000     0.00000000
      559     0.00000000     0.00000000
      560     0.00000000     0.00000000
      561     0.00000000     0.00000000
      562     0.00000000     0.00000000
      563     0.00000000     0.00000000
      564     0.00000000     0.00000256
