#    Step        Prob(0)        Prob(1)        Prob(2)        
        0    -0.00000000    -0.00000000     0.00000000
        1     0.00000002     0.00000743     0.00000000
        2     0.00000000     0.00000824     0.00000000
        3     0.00000002     0.00000000     0.00000000
        4     0.00000003     0.00000000     0.00000000
        5     0.00000002     0.00000984     0.00000000
        6     0.00000019     0.00001103     0.00000000
        7     0.00000004     0.00000817     0.00000000
        8     0.00000034     0.00006289     0.00000000
        9     0.00000000     0.00026465     0.00000000
       10     0.00000036     0.00070855     0.00000000
       11     0.00000000     0.00164539     0.00000000
       12     0.00000030     0.00410520     0.00000000
       13     0.00000000     0.01247597     0.00000000
       14     0.00000018     0.04789468     0.00000000
       15     0.00000000     0.21373992     0.00000000
       16     0.00000000     0.54177010     0.00000000
       17     0.00000063     0.00000000     0.08203203
       18     0.00000000     0.00000000     0.27133592
       19     0.00000000     0.00000000     0.00000000
       20     0.00000026     0.00000000     0.00000000
       21     0.00000072     0.00000000     0.00000000
       22     0.00000000     0.00000000     0.00000000
       23     0.00000052     0.00000000     0.00000000
       24     0.00000011     0.00000000     0.00000000
       25     0.00000000     0.00000000     0.00000000
       26     0.00000056     0.00093689     0.00000000
       27     0.00000000     0.00090771     0.00000000
       28     0.00000000     0.00000000     0.00000000
       29     0.00000048     0.00000000     0.00000000
       30     0.00000000     0.00000000     0.00000000
       31     0.00000000     0.00000000     0.00000000
       32     0.00000041     0.00000000     0.00000000
       33     0.00000014     0.00000000     0.00000000
       34     0.00000000     0.00000000     0.00000000
       35     0.00000024     0.00000000     0.00000000
       36     0.00000030     0.00000000     0.00000000
       37     0.00000000     0.00000000     0.00000000
       38     0.00000000     0.00000000     0.00000000
       39     0.00000040     0.00000000     0.00000000
       40     0.00000000     0.00000000     0.00000000
       41     0.00000000     0.00000000     0.00000000
       42     0.00000034     0.00000000     0.00000000
       43     0.00000004     0.00000000     0.00000000
       44     0.00000000     0.07512325     0.00000000
       45     0.00000037     0.75157102     0.00000000
       46     0.00000040     0.00000000     0.00000000
       47     0.00000000     0.00000000     0.00000000
       48     0.00000000     0.00000000     0.00000000
       49     0.00000058     0.00000000     0.00000000
       50     0.00000015     0.00000000     0.00000000
       51     0.00000000     0.00000000     0.00000000
       52     0.00000000     0.00000000     0.00000000
       53     0.00000100     0.00000000     0.00000000
       54     0.00000000     0.00000000     0.00000000
       55     0.00000000     0.00000000     0.00000000
       56     0.00000060     0.00000000     0.00048938
       57     0.00000127     0.00000000     0.00315435
       58     0.00000000     0.00000000     0.00498349
       59     0.00000000     0.00000000     0.00594941
       60     0.00000133     0.00000000     0.00766165
       61     0.00000153     0.00000000     0.00800365
       62     0.00000020     0.00000000     0.00822916
       63     0.00000038     0.00000000     0.00780264
       64     0.00000187     0.00000000     0.00672971
       65     0.00000173     0.00000000     0.00509769
       66     0.00000029     0.00000000     0.00309021
       67     0.00000043     0.00000000     0.00094809
       68     0.00000170     0.00000000     0.00000000
       69     0.00000141     0.00000000     0.00000000
       70     0.00000000     0.00000000     0.00000000
       71     0.00000000     0.00000000     0.00000000
       72     0.00000113     0.00000000     0.00000000
       73     0.00000138     0.00000000     0.00000000
       74     0.00000446     0.00000000     0.00569906
       75     0.00000036     0.00000000     0.01009301
       76     0.00000000     0.00000000     0.01183450
       77     0.00000000     0.00000000     0.01004659
       78     0.00000445     0.00000000     0.00493513
       79     0.00000206     0.00000000     0.00000000
       80     0.00000000     0.00000000     0.00000000
       81     0.00000000     0.00000000     0.00000000
       82     0.00000291     0.00000000     0.00000000
       83     0.00000243     0.00000000     0.00000000
       84     0.00000209     0.00000000     0.00240315
       85     0.00000040     0.00000000     0.00325994
       86     0.00000000     0.00000000     0.00217643
       87     0.00000000     0.00000000     0.00000000
       88     0.00000166     0.00000000     0.00000000
       89     0.00000096     0.00000000     0.00000000
       90     0.00000000     0.00000000     0.00000000
       91     0.00000000     0.00000000     0.00016798
       92     0.00000090     0.00000000     0.00168341
       93     0.00000148     0.00000000     0.00171401
       94     0.00000000     0.00000000     0.00040263
       95     0.00000000     0.00000000     0.00000000
       96     0.00000015     0.00000000     0.00000000
       97     0.00000168     0.00000000     0.00000000
       98     0.00000030     0.00000000     0.00056008
       99     0.00000000     0.00000000     0.00103598
      100     0.00000000     0.00000000     0.00040988
      101     0.00000181     0.00000000     0.00000000
      102     0.00000170     0.00000000     0.00000000
      103     0.00000000     0.00000000     0.00000000
      104     0.00000000     0.00000000     0.00040482
      105     0.00000080     0.00000000     0.00041541
      106     0.00000339     0.00000000     0.00000000
      107     0.00000120     0.00000000     0.00000000
      108     0.00000000     0.00000000     0.00000000
      109     0.00000000     0.00000000     0.00008197
      110     0.00000266     0.00000000     0.00002941
      111     0.00000509     0.00000000     0.00000543
      112     0.00000108     0.00000000     0.00007553
      113     0.00000000     0.00000000     0.00004866
      114     0.00000000     0.00000000     0.00000000
      115     0.00000433     0.00000000     0.00000000
      116     0.00000785     0.00000000     0.00000000
      117     0.00000330     0.00000000     0.00023892
      118     0.00000000     0.00000000     0.00014580
      119     0.00000000     0.00000000     0.00000000
      120     0.00000308     0.00000000     0.00000000
