#    Step        Prob(0)        Prob(1)        
        0    -0.00000000     0.00000000
        1     0.00000355     0.00000000
        2     0.00000000     0.00000000
        3     0.00000000     0.00000000
        4     0.00001946     0.00000000
        5     0.00000000     0.00000000
        6     0.00004275     0.00000000
        7     0.00003516     0.00000000
        8     0.00000000     0.00000000
        9     0.00016184     0.00000000
       10     0.00000000     0.00000000
       11     0.00001881     0.00000000
       12     0.00019195     0.00000000
       13     0.00000000     0.00000000
       14     0.00000000     0.00000000
       15     0.00010686     0.00000000
       16     0.00004582     0.00000000
       17     0.00000000     0.00000000
       18     0.00000000     0.00000000
       19     0.00000000     0.00000000
       20     0.00000000     0.00000000
       21     0.00000000     0.00000000
       22     0.00002188     0.00000000
       23     0.00005035     0.00000000
       24     0.00001430     0.00000000
       25     0.00000000     0.00000000
       26     0.00000511     0.00000000
       27     0.00006989     0.00000000
       28     0.00004315     0.00000000
       29     0.00000000     0.00000000
       30     0.00000000     0.00000000
       31     0.00003769     0.00000000
       32     0.00004660     0.00000000
       33     0.00000000     0.00000000
       34     0.00000000     0.00000000
       35     0.00005208     0.00000000
       36     0.00000000     0.00000000
       37     0.00000000     0.00000000
       38     0.00002079     0.00000000
       39     0.00001061     0.00000000
       40     0.00000000     0.00000000
       41     0.00000602     0.00000000
       42     0.00000532     0.00000000
       43     0.00000000     0.00000000
       44     0.00000000     0.00000000
       45     0.00000000     0.00000000
       46     0.00002053     0.00000000
       47     0.00000000     0.00000000
       48     0.00000000     0.00000000
       49     0.00003261     0.00000000
       50     0.00000000     0.00000000
       51     0.00000000     0.00000000
       52     0.00002390     0.00000000
       53     0.00002216     0.00000000
       54     0.00000000     0.00000000
       55     0.00000000     0.00000000
       56     0.00003346     0.00000000
       57     0.00002144     0.00000000
       58     0.00000000     0.00000000
       59     0.00000000     0.00000000
       60     0.00003743     0.00000000
       61     0.00007349     0.00000000
       62     0.00004301     0.00000000
       63     0.00000000     0.00000000
       64     0.00000000     0.00000000
       65     0.00000000     0.00000000
       66     0.00001659     0.00000000
       67     0.00000350     0.00000000
       68     0.00000000     0.00000000
       69     0.00000000     0.00000000
       70     0.00000000     0.00000000
       71     0.00000497     0.00000000
       72     0.00001258     0.00000000
       73     0.00000127     0.00000000
       74     0.00000000     0.00000000
       75     0.00000698     0.00000000
       76     0.00002250     0.00000000
       77     0.00001953     0.00000000
       78     0.00000000     0.00000000
       79     0.00000000     0.00000000
       80     0.00000000     0.00000000
       81     0.00001879     0.00000000
       82     0.00005432     0.00000000
       83     0.00006923     0.00000000
       84     0.00005723     0.00000000
       85     0.00002770     0.00000000
       86     0.00000000     0.00000000
       87     0.00000000     0.00000000
       88     0.00000000     0.00000000
       89     0.00004216     0.00000000
       90     0.00028065     0.00000000
       91     0.00086673     0.00000000
       92     0.00210784     0.00000000
       93     0.00446787     0.00000000
       94     0.00855801     0.00000000
       95     0.01507081     0.00000000
       96     0.02471404     0.00000000
       97     0.03827811     0.00000000
       98     0.05681501     0.00000000
       99     0.08130256     0.00000000
      100     0.11031819     0.00000000
      101     0.13643282     0.00000000
      102     0.14591868     0.00000000
      103     0.13038654     0.00000000
      104     0.09613822     0.00000000
      105     0.05716949     0.00000000
      106     0.02356779     0.00000000
      107     0.00000000     0.00000000
      108     0.00000000     0.00000000
      109     0.00000000     0.00000000
      110     0.00000000     0.00000000
      111     0.00000000     0.00000000
      112     0.00000000     0.00000000
      113     0.00418452     0.00000000
      114     0.00182996     0.00000000
      115     0.00000000     0.00000000
      116     0.00000000     0.00000000
      117     0.00000000     0.00000000
      118     0.00000000     0.00000000
      119     0.00000000     0.00000000
      120     0.00000000     0.00000000
      121     0.00000000     0.00000000
      122     0.00000000     0.00000000
      123     0.00000000     0.00000000
      124     0.00337664     0.00000000
      125     0.01471378     0.00000000
      126     0.02812503     0.00000000
      127     0.04119829     0.00000000
      128     0.05037111     0.00000000
      129     0.05165236     0.00000000
      130     0.04228834     0.00000000
      131     0.02288440     0.00000000
      132     0.00000000     0.00000000
      133     0.00000000     0.00000000
      134     0.00000000     0.00000000
      135     0.00000000     0.00000000
      136     0.00000000     0.00000000
      137     0.00000000     0.00000000
      138     0.00000000     0.00000000
      139     0.00000000     0.00000000
      140     0.00000000     0.00000000
      141     0.02913025     0.00000000
      142     0.06111789     0.00000000
      143     0.08729913     0.00000000
      144     0.09947502     0.00000000
      145     0.09295997     0.00000000
      146     0.07029821     0.00000000
      147     0.04097734     0.00000000
      148     0.01603127     0.00000000
      149     0.00166097     0.00000000
      150     0.00000000     0.00000000
      151     0.00000000     0.00000000
      152     0.00000000     0.00000000
      153     0.00000000     0.00000000
      154     0.00000000     0.00000000
      155     0.00000000     0.00000000
      156     0.00000000     0.00000000
      157     0.00058175     0.00000000
      158     0.00708839     0.00000000
      159     0.01299151     0.00000000
      160     0.01615081     0.00000000
      161     0.01583137     0.00000000
      162     0.01282411     0.00000000
      163     0.00872754     0.00000000
      164     0.00487506     0.00000000
      165     0.00145721     0.00000000
      166     0.00000000     0.00000000
      167     0.00000000     0.00000000
      168     0.00000000     0.00000000
      169     0.00000000     0.00000000
      170     0.00000000     0.00000000
      171     0.00000000     0.00000000
      172     0.00000000     0.00000000
      173     0.00000000     0.00000000
      174     0.00000000     0.00000000
      175     0.00000000     0.00000000
      176     0.00000000     0.00000000
      177     0.00000000     0.00000000
      178     0.00043511     0.00000000
      179     0.00000000     0.00000000
      180     0.00000000     0.00000000
      181     0.00000000     0.00000000
      182     0.00000000     0.00000000
      183     0.00000000     0.00000000
      184     0.00000000     0.00000000
      185     0.00000000     0.00000000
      186     0.00000000     0.00000000
      187     0.00000000     0.00000000
      188     0.00000000     0.00000000
      189     0.00433243     0.00000000
      190     0.00727148     0.00000000
      191     0.00636088     0.00000000
      192     0.00350515     0.00000000
      193     0.00060241     0.00000000
      194     0.00000000     0.00000000
      195     0.00000000     0.00000000
      196     0.00066677     0.00000000
      197     0.00231850     0.00000000
      198     0.00316864     0.00000000
      199     0.00278386     0.00000000
      200     0.00147960     0.00000000
      201     0.00009366     0.00000000
      202     0.00000000     0.00000000
      203     0.00000000     0.00000000
      204     0.00110992     0.00000000
      205     0.00202757     0.00000000
      206     0.00182960     0.00000000
      207     0.00032435     0.00000000
      208     0.00000000     0.00000000
      209     0.00000000     0.00000000
      210     0.00000000     0.00000000
      211     0.00270222     0.00000000
      212     0.00981430     0.00000000
      213     0.01823324     0.00000000
      214     0.02566073     0.00000000
      215     0.02962541     0.00000000
      216     0.02848763     0.00000000
      217     0.02237126     0.00000000
      218     0.01334578     0.00000000
      219     0.00465756     0.00000000
      220     0.00000000     0.00000000
      221     0.00155496     0.00000000
      222     0.01344733     0.00000000
      223     0.03890604     0.00000000
      224     0.07957907     0.00000000
      225     0.12931768     0.00000000
      226     0.17314834     0.00000000
      227     0.20077226     0.00000000
      228     0.00000000     0.00000000
      229     0.00000000     0.00000000
      230     0.00000000     0.00000000
      231     0.00000000     0.00000000
      232     0.00000000     0.00000000
      233     0.00000000     0.00000000
      234     0.00000000     0.00078623
      235     0.00000000     0.00696852
      236     0.00000000     0.01040273
      237     0.00000000     0.01080099
      238     0.00000000     0.00843236
      239     0.00000000     0.00443592
      240     0.00000000     0.00055220
      241     0.00000000     0.00000000
      242     0.00000000     0.00000000
      243     0.00000000     0.00000000
      244     0.00000000     0.00000000
      245     0.00000000     0.00088402
      246     0.00000000     0.00167205
      247     0.00000000     0.00088932
      248     0.00000000     0.00000000
      249     0.00000000     0.00000000
      250     0.00000000     0.00000000
      251     0.00000000     0.00000000
      252     0.00000000     0.00000000
      253     0.00000000     0.00305420
      254     0.00000000     0.00584780
      255     0.00000000     0.00000000
      256     0.00000000     0.00000000
      257     0.00000000     0.01112990
      258     0.00000000     0.00474839
      259     0.00000000     0.00000000
      260     0.00000000     0.01135864
      261     0.00000000     0.00442326
      262     0.00000000     0.00000000
      263     0.00000000     0.01802141
      264     0.00000000     0.00000000
      265     0.00000000     0.00380042
      266     0.00000000     0.00246294
      267     0.00000000     0.00000000
      268     0.00000000     0.00534037
      269     0.00000000     0.00000000
      270     0.00000000     0.00129541
      271     0.00000000     0.00050023
      272     0.00000000     0.00000000
      273     0.00000000     0.00130533
      274     0.00000000     0.00000000
      275     0.00000000     0.00014171
      276     0.00000000     0.00007229
      277     0.00000000     0.00039742
      278     0.00000000     0.00000000
      279     0.00000000     0.00343984
      280     0.00000000     0.00000000
      281     0.00000000     0.00637412
      282     0.00000000     0.00000000
      283     0.00000000     0.00555465
      284     0.00000000     0.00000000
      285     0.00000000     0.00283670
      286     0.00000000     0.00000000
      287     0.00000000     0.00109891
      288     0.00000000     0.00000000
      289     0.00000000     0.00017989
      290     0.00000000     0.00020713
      291     0.00000000     0.00000000
      292     0.00000000     0.00080171
      293     0.00000000     0.00000000
      294     0.00000000     0.00099025
      295     0.00000000     0.00000000
      296     0.00000000     0.00081583
      297     0.00000000     0.00000000
      298     0.00000000     0.00043313
      299     0.00000000     0.00000000
      300     0.00000000     0.00000000
      301     0.00000000     0.00026567
      302     0.00000000     0.00000000
      303     0.00000000     0.00046349
      304     0.00000000     0.00000000
      305     0.00000000     0.00014342
      306     0.00000000     0.00002762
      307     0.00000000     0.00002396
      308     0.00000000     0.00000000
      309     0.00000000     0.00091076
      310     0.00000000     0.00000000
      311     0.00000000     0.00103348
      312     0.00000000     0.00000000
      313     0.00000000     0.00000000
      314     0.00000000     0.00228068
      315     0.00000000     0.00000000
      316     0.00000000     0.00160231
      317     0.00000000     0.00000000
      318     0.00000000     0.00000000
      319     0.00000000     0.00069652
      320     0.00000000     0.00000000
      321     0.00000000     0.00000000
      322     0.00000000     0.00032123
      323     0.00000000     0.00053284
      324     0.00000000     0.00000000
      325     0.00000000     0.00316068
      326     0.00000000     0.00000000
      327     0.00000000     0.00408117
      328     0.00000000     0.00000000
      329     0.00000000     0.00282240
      330     0.00000000     0.00000000
      331     0.00000000     0.00083661
      332     0.00000000     0.00008063
      333     0.00000000     0.00000000
      334     0.00000000     0.00142712
      335     0.00000000     0.00000000
      336     0.00000000     0.00177778
      337     0.00000000     0.00000000
      338     0.00000000     0.00088560
      339     0.00000000     0.00000000
      340     0.00000000     0.00000000
      341     0.00000000     0.00093964
      342     0.00000000     0.00000000
      343     0.00000000     0.00090899
      344     0.00000000     0.00000000
      345     0.00000000     0.00000000
      346     0.00000000     0.00434063
      347     0.00000000     0.00000000
      348     0.00000000     0.00798414
      349     0.00000000     0.00000000
      350     0.00000000     0.00200229
      351     0.00000000     0.00305557
      352     0.00000000     0.00000000
      353     0.00000000     0.00663129
      354     0.00000000     0.00000000
      355     0.00000000     0.00077673
      356     0.00000000     0.00068444
      357     0.00000000     0.00018247
      358     0.00000000     0.00000000
      359     0.00000000     0.00190982
      360     0.00000000     0.00000000
      361     0.00000000     0.00000000
      362     0.00000000     0.00418509
      363     0.00000000     0.00000000
      364     0.00000000     0.00425044
      365     0.00000000     0.00000000
      366     0.00000000     0.00288052
      367     0.00000000     0.00000000
      368     0.00000000     0.00186454
      369     0.00000000     0.00000000
      370     0.00000000     0.00042602
      371     0.00000000     0.00040625
      372     0.00000000     0.00000000
      373     0.00000000     0.00074628
      374     0.00000000     0.00000000
      375     0.00000000     0.00000000
      376     0.00000000     0.00205814
      377     0.00000000     0.00000000
      378     0.00000000     0.00626484
      379     0.00000000     0.00000000
      380     0.00000000     0.01480789
      381     0.00000000     0.00000000
      382     0.00000000     0.02099661
      383     0.00000000     0.00000000
      384     0.00000000     0.00712549
      385     0.00000000     0.00270349
      386     0.00000000     0.00000000
      387     0.00000000     0.00637739
      388     0.00000000     0.00000000
      389     0.00000000     0.00000000
      390     0.00000000     0.00000000
      391     0.00000000     0.00989254
      392     0.00000000     0.00000000
      393     0.00000000     0.01634629
      394     0.00000000     0.00000000
      395     0.00000000     0.00000000
      396     0.00000000     0.01845494
      397     0.00000000     0.00000000
      398     0.00000000     0.00990713
      399     0.00000000     0.00000000
      400     0.00000000     0.00000000
      401     0.00000000     0.00076354
      402     0.00000000     0.00022027
      403     0.00000000     0.00000000
      404     0.00000000     0.00033509
      405     0.00000000     0.00000345
      406     0.00000000     0.00020927
      407     0.00000000     0.00000000
      408     0.00000000     0.00090125
      409     0.00000000     0.00000000
      410     0.00000000     0.00036908
      411     0.00000000     0.00000000
      412     0.00000000     0.00003565
      413     0.00000000     0.00000000
      414     0.00000000     0.00099925
      415     0.00000000     0.00000000
      416     0.00000000     0.00197261
      417     0.00000000     0.00000000
      418     0.00000000     0.00117409
      419     0.00000000     0.00000000
      420     0.00000000     0.00000000
      421     0.00000000     0.00138988
      422     0.00000000     0.00000000
      423     0.00000000     0.00065697
      424     0.00000000     0.00043508
      425     0.00000000     0.00000000
      426     0.00000000     0.00171811
      427     0.00000000     0.00000000
      428     0.00000000     0.00000000
      429     0.00000000     0.00262423
      430     0.00000000     0.00000000
      431     0.00000000     0.00417900
      432     0.00000000     0.00000000
      433     0.00000000     0.00051762
      434     0.00000000     0.00156117
      435     0.00000000     0.00000000
      436     0.00000000     0.00223180
      437     0.00000000     0.00000000
      438     0.00000000     0.00012420
      439     0.00000000     0.00017576
      440     0.00000000     0.00035649
      441     0.00000000     0.00000000
      442     0.00000000     0.00185910
      443     0.00000000     0.00000000
      444     0.00000000     0.00000000
      445     0.00000000     0.00240738
      446     0.00000000     0.00000000
      447     0.00000000     0.00420273
      448     0.00000000     0.00000000
      449     0.00000000     0.00110283
      450     0.00000000     0.00343815
      451     0.00000000     0.00000000
      452     0.00000000     0.01365508
      453     0.00000000     0.00000000
      454     0.00000000     0.00116159
      455     0.00000000     0.01227131
      456     0.00000000     0.00000000
      457     0.00000000     0.01570863
      458     0.00000000     0.00000000
      459     0.00000000     0.00000000
      460     0.00000000     0.01142496
      461     0.00000000     0.00000000
      462     0.00000000     0.00000000
      463     0.00000000     0.00000000
      464     0.00000000     0.00546934
      465     0.00000000     0.00000000
      466     0.00000000     0.00000000
      467     0.00000000     0.02259638
      468     0.00000000     0.00000000
      469     0.00000000     0.01190546
      470     0.00000000     0.00071067
      471     0.00000000     0.00000000
      472     0.00000000     0.00824225
      473     0.00000000     0.00000000
      474     0.00000000     0.00179084
      475     0.00000000     0.00068811
      476     0.00000000     0.00000000
      477     0.00000000     0.00075237
      478     0.00000000     0.00089581
      479     0.00000000     0.00000000
      480     0.00000000     0.00437239
      481     0.00000000     0.00000000
      482     0.00000000     0.00557200
      483     0.00000000     0.00000000
      484     0.00000000     0.00315729
      485     0.00000000     0.00000000
      486     0.00000000     0.00000000
      487     0.00000000     0.00536689
      488     0.00000000     0.00000000
      489     0.00000000     0.00500660
      490     0.00000000     0.00000000
      491     0.00000000     0.00000000
      492     0.00000000     0.00392458
      493     0.00000000     0.00000000
      494     0.00000000     0.00063711
      495     0.00000000     0.00000000
      496     0.00000000     0.00238468
      497     0.00000000     0.00000000
      498     0.00000000     0.00657190
      499     0.00000000     0.00000000
      500     0.00000000     0.00000000
      501     0.00000000     0.01736840
      502     0.00000000     0.00000000
      503     0.00000000     0.01387054
      504     0.00000000     0.00000000
      505     0.00000000     0.00000000
      506     0.00000000     0.01014244
      507     0.00000000     0.00000000
      508     0.00000000     0.00286472
      509     0.00000000     0.00000000
      510     0.00000000     0.00073713
      511     0.00000000     0.00000000
      512     0.00000000     0.00581712
      513     0.00000000     0.00000000
      514     0.00000000     0.00000000
      515     0.00000000     0.00965490
      516     0.00000000     0.00000000
      517     0.00000000     0.01658205
      518     0.00000000     0.00000000
      519     0.00000000     0.00415435
      520     0.00000000     0.00451313
      521     0.00000000     0.00000000
      522     0.00000000     0.01084660
      523     0.00000000     0.00000000
      524     0.00000000     0.00209630
      525     0.00000000     0.00047644
      526     0.00000000     0.00185272
      527     0.00000000     0.00000000
      528     0.00000000     0.01530135
      529     0.00000000     0.00000000
      530     0.00000000     0.01285437
      531     0.00000000     0.00000000
      532     0.00000000     0.00000000
      533     0.00000000     0.01635632
      534     0.00000000     0.00000000
      535     0.00000000     0.00653306
      536     0.00000000     0.00000000
      537     0.00000000     0.00000000
      538     0.00000000     0.00176926
      539     0.00000000     0.00000000
      540     0.00000000     0.00000000
      541     0.00000000     0.00067558
      542     0.00000000     0.00000000
      543     0.00000000     0.00052282
      544     0.00000000     0.00047142
      545     0.00000000     0.00000000
      546     0.00000000     0.00095652
      547     0.00000000     0.00000000
      548     0.00000000     0.00000000
      549     0.00000000     0.00000000
      550     0.00000000     0.03533141
      551     0.00000000     0.00000000
      552     0.00000000     0.00000000
      553     0.00000000     0.00615318
      554     0.00000000     0.00000000
      555     0.00000000     0.00311770
      556     0.00000000     0.00000000
      557     0.00000000     0.00000000
      558     0.00000000     0.00185978
      559     0.00000000     0.00000000
      560     0.00000000     0.00000000
      561     0.00000000     0.00000000
      562     0.00000000     0.00387912
      563     0.00000000     0.00000000
      564     0.00000000     0.00796512
      565     0.00000000     0.00000000
      566     0.00000000     0.00000000
      567     0.00000000     0.00984559
      568     0.00000000     0.00000000
      569     0.00000000     0.02256079
      570     0.00000000     0.00000000
      571     0.00000000     0.01457797
      572     0.00000000     0.00000000
      573     0.00000000     0.00066409
      574     0.00000000     0.00335791
      575     0.00000000     0.00000000
      576     0.00000000     0.00477933
      577     0.00000000     0.00000000
      578     0.00000000     0.00079602
      579     0.00000000     0.00097289
      580     0.00000000     0.00000000
      581     0.00000000     0.00083666
      582     0.00000000     0.00000000
      583     0.00000000     0.00000000
      584     0.00000000     0.00000000
      585     0.00000000     0.00034945
      586     0.00000000     0.00056626
      587     0.00000000     0.00000000
      588     0.00000000     0.00128057
      589     0.00000000     0.00081529
      590     0.00000000     0.00000000
      591     0.00000000     0.00276000
      592     0.00000000     0.00000000
      593     0.00000000     0.00000000
      594     0.00000000     0.00342902
      595     0.00000000     0.00000000
      596     0.00000000     0.00001767
      597     0.00000000     0.00109429
      598     0.00000000     0.00000000
      599     0.00000000     0.00008531
      600     0.00000000     0.00029809
