#    Step     Kinetic(H)     Potential(H)   Total(H)       E(0)(H)        E(1)(H)        
        0     0.01229369   -16.40697073   -16.39467704   -16.54952700   -16.40697073
        1     0.01410378   -16.40879960   -16.39469582   -16.55093140   -16.40879960
        2     0.01679544   -16.41151465   -16.39471921   -16.55264468   -16.41151465
        3     0.02000950   -16.41475292   -16.39474342   -16.55420473   -16.41475292
        4     0.02337460   -16.41813836   -16.39476376   -16.55509889   -16.41813836
        5     0.02658187   -16.42135812   -16.39477625   -16.55484275   -16.42135812
        6     0.02944586   -16.42422761   -16.39478175   -16.55310562   -16.42422761
        7     0.03190732   -16.42669099   -16.39478367   -16.54982497   -16.42669099
        8     0.03397676   -16.42876338   -16.39478662   -16.54520859   -16.42876338
        9     0.03564575   -16.43044124   -16.39479549   -16.53957938   -16.43044124
       10     0.03680340   -16.43161621   -16.39481281   -16.53318598   -16.43161621
       11     0.03721482   -16.43204759   -16.39483277   -16.52611987   -16.43204759
       12     0.03660226   -16.43144803   -16.39484577   -16.51838290   -16.43144803
       13     0.03479112   -16.42963418   -16.39484306   -16.51003068   -16.42963418
       14     0.03183220   -16.42665479   -16.39482259   -16.50129635   -16.42665479
       15     0.02803970   -16.42282772   -16.39478802   -16.49262612   -16.42282772
       16     0.02393898   -16.41868574   -16.39474676   -16.48462745   -16.41868574
       17     0.02015933   -16.41486662   -16.39470729   -16.47796591   -16.41486662
       18     0.01730604   -16.41198346   -16.39467742   -16.47324573   -16.41198346
       19     0.01583737   -16.41050073   -16.39466336   -16.47089807   -16.41050073
       20     0.01596932   -16.41063743   -16.39466811   -16.47109609   -16.41063743
       21     0.01762695   -16.41231777   -16.39469082   -16.47371396   -16.41231777
       22     0.02045637   -16.41518315   -16.39472678   -16.47834149   -16.41518315
       23     0.02389473   -16.41866325   -16.39476852   -16.48435159   -16.41866325
       24     0.02728604   -16.42209319   -16.39480715   -16.49100984   -16.42209319
       25     0.03002379   -16.42485677   -16.39483298   -16.49760996   -16.42485677
       26     0.03169674   -16.42653575   -16.39483901   -16.50361900   -16.42653575
       27     0.03219861   -16.42702172   -16.39482311   -16.50879133   -16.42702172
       28     0.03175355   -16.42654478   -16.39479123   -16.51320475   -16.42654478
       29     0.03082762   -16.42558326   -16.39475564   -16.51718082   -16.42558326
       30     0.02994506   -16.42467469   -16.39472963   -16.52110604   -16.42467469
       31     0.02949307   -16.42421396   -16.39472089   -16.52523703   -16.42421396
       32     0.02960203   -16.42433158   -16.39472955   -16.52958253   -16.42433158
       33     0.03013804   -16.42488774   -16.39474970   -16.53389899   -16.42488774
       34     0.03078732   -16.42556011   -16.39477279   -16.53778106   -16.42556011
       35     0.03118715   -16.42597717   -16.39479002   -16.54079853   -16.42597717
       36     0.03106568   -16.42585996   -16.39479428   -16.54263852   -16.42585996
       37     0.03034654   -16.42513029   -16.39478375   -16.54320864   -16.42513029
       38     0.02918153   -16.42394331   -16.39476178   -16.54266214   -16.42394331
       39     0.02789868   -16.42263474   -16.39473606   -16.54133996   -16.42263474
       40     0.02688784   -16.42160298   -16.39471514   -16.53965286   -16.42160298
       41     0.02646926   -16.42117501   -16.39470575   -16.53795112   -16.42117501
       42     0.02678765   -16.42149893   -16.39471128   -16.53642157   -16.42149893
       43     0.02775772   -16.42248886   -16.39473114   -16.53503611   -16.42248886
       44     0.02907075   -16.42383206   -16.39476131   -16.53355796   -16.42383206
       45     0.03026431   -16.42505805   -16.39479374   -16.53160617   -16.42505805
       46     0.03085160   -16.42566934   -16.39481774   -16.52877847   -16.42566934
       47     0.03048914   -16.42531182   -16.39482268   -16.52481293   -16.42531182
       48     0.02912851   -16.42393210   -16.39480359   -16.51973877   -16.42393210
       49     0.02707708   -16.42184382   -16.39476674   -16.51393918   -16.42184382
       50     0.02490039   -16.41962864   -16.39472825   -16.50805395   -16.41962864
       51     0.02317962   -16.41788623   -16.39470661   -16.50273394   -16.41788623
       52     0.02224591   -16.41695654   -16.39471063   -16.49837014   -16.41695654
       53     0.02205256   -16.41678666   -16.39473410   -16.49496603   -16.41678666
       54     0.02226040   -16.41702172   -16.39476132   -16.49223141   -16.41702172
       55     0.02246218   -16.41724023   -16.39477805   -16.48981568   -16.41724023
       56     0.02239811   -16.41717576   -16.39477765   -16.48752381   -16.41717576
       57     0.02205934   -16.41682150   -16.39476216   -16.48541362   -16.41682150
       58     0.02166584   -16.41640501   -16.39473917   -16.48376348   -16.41640501
       59     0.02156088   -16.41627813   -16.39471725   -16.48295784   -16.41627813
       60     0.02207350   -16.41677843   -16.39470493   -16.48334676   -16.41677843
       61     0.02339039   -16.41809771   -16.39470732   -16.48511500   -16.41809771
       62     0.02547333   -16.42019850   -16.39472517   -16.48820010   -16.42019850
       63     0.02804602   -16.42280059   -16.39475457   -16.49228092   -16.42280059
       64     0.03065417   -16.42544220   -16.39478803   -16.49684036   -16.42544220
       65     0.03278301   -16.42759960   -16.39481659   -16.50128607   -16.42759960
       66     0.03399613   -16.42882871   -16.39483258   -16.50509342   -16.42882871
       67     0.03405244   -16.42888444   -16.39483200   -16.50792618   -16.42888444
       68     0.03296449   -16.42778097   -16.39481648   -16.50969877   -16.42778097
       69     0.03098082   -16.42577147   -16.39479065   -16.51055883   -16.42577147
       70     0.02850431   -16.42326603   -16.39476172   -16.51080882   -16.42326603
       71     0.02598257   -16.42071933   -16.39473676   -16.51079767   -16.42071933
       72     0.02379979   -16.41852112   -16.39472133   -16.51081594   -16.41852112
       73     0.02219047   -16.41690890   -16.39471843   -16.51101367   -16.41690890
       74     0.02119844   -16.41592491   -16.39472647   -16.51136199   -16.41592491
       75     0.02070550   -16.41544436   -16.39473886   -16.51168545   -16.41544436
       76     0.02052650   -16.41527464   -16.39474814   -16.51176335   -16.41527464
       77     0.02051583   -16.41526650   -16.39475067   -16.51144162   -16.41526650
       78     0.02062260   -16.41537048   -16.39474788   -16.51068812   -16.41537048
       79     0.02087364   -16.41561764   -16.39474400   -16.50957118   -16.41561764
       80     0.02131383   -16.41605684   -16.39474301   -16.50819418   -16.41605684
       81     0.02195175   -16.41669800   -16.39474625   -16.50663535   -16.41669800
       82     0.02273554   -16.41748865   -16.39475311   -16.50492040   -16.41748865
       83     0.02356357   -16.41832436   -16.39476079   -16.50302856   -16.41832436
       84     0.02432319   -16.41908898   -16.39476579   -16.50092817   -16.41908898
       85     0.02493840   -16.41970470   -16.39476630   -16.49862264   -16.41970470
       86     0.02539867   -16.42016178   -16.39476311   -16.49617688   -16.42016178
       87     0.02574683   -16.42050681   -16.39475998   -16.49370404   -16.42050681
       88     0.02602504   -16.42078668   -16.39476164   -16.49130959   -16.42078668
       89     0.02621433   -16.42098326   -16.39476893   -16.48902752   -16.42098326
       90     0.02622144   -16.42099894   -16.39477750   -16.48680811   -16.42099894
       91     0.02594744   -16.42072610   -16.39477866   -16.48458950   -16.42072610
       92     0.02541126   -16.42017657   -16.39476531   -16.48242814   -16.42017657
       93     0.02483647   -16.41957653   -16.39474006   -16.48059363   -16.41957653
       94     0.02460605   -16.41932197   -16.39471592   -16.47952304   -16.41932197
       95     0.02507617   -16.41978400   -16.39470783   -16.47962452   -16.41978400
       96     0.02636990   -16.42109050   -16.39472060   -16.48105639   -16.42109050
       97     0.02830741   -16.42305361   -16.39474620   -16.48365163   -16.42305361
       98     0.03050949   -16.42528202   -16.39477253   -16.48702645   -16.42528202
       99     0.03256585   -16.42735817   -16.39479232   -16.49075390   -16.42735817
      100     0.03414770   -16.42895234   -16.39480464   -16.49447494   -16.42895234
      101     0.03504217   -16.42985223   -16.39481006   -16.49792651   -16.42985223
      102     0.03515647   -16.42996414   -16.39480767   -16.50094328   -16.42996414
      103     0.03452978   -16.42932601   -16.39479623   -16.50347290   -16.42932601
      104     0.03334285   -16.42812019   -16.39477734   -16.50559291   -16.42812019
      105     0.03189245   -16.42664788   -16.39475543   -16.50749018   -16.42664788
      106     0.03051685   -16.42525432   -16.39473747   -16.50939163   -16.42525432
      107     0.02949029   -16.42421995   -16.39472966   -16.51146092   -16.42421995
      108     0.02893184   -16.42366623   -16.39473439   -16.51370979   -16.42366623
      109     0.02877351   -16.42352241   -16.39474890   -16.51596950   -16.42352241
      110     0.02879965   -16.42356641   -16.39476676   -16.51793587   -16.42356641
      111     0.02874330   -16.42352412   -16.39478082   -16.51927091   -16.42352412
      112     0.02840749   -16.42319115   -16.39478366   -16.51972468   -16.42319115
      113     0.02778127   -16.42255084   -16.39476957   -16.51925149   -16.42255084
      114     0.02711644   -16.42185533   -16.39473889   -16.51808800   -16.42185533
      115     0.02689820   -16.42160202   -16.39470382   -16.51672742   -16.42160202
      116     0.02764923   -16.42233542   -16.39468619   -16.51572103   -16.42233542
      117     0.02962004   -16.42432243   -16.39470239   -16.51535509   -16.42432243
      118     0.03257165   -16.42731914   -16.39474749   -16.51542004   -16.42731914
      119     0.03584548   -16.43064422   -16.39479874   -16.51528465   -16.43064422
      120     0.03868044   -16.43351387   -16.39483343   -16.51423130   -16.43351387
      121     0.04053753   -16.43538063   -16.39484310   -16.51179438   -16.43538063
      122     0.04124321   -16.43607533   -16.39483212   -16.50790363   -16.43607533
      123     0.04094604   -16.43575609   -16.39481005   -16.50283398   -16.43575609
      124     0.03998258   -16.43476866   -16.39478608   -16.49706513   -16.43476866
      125     0.03873337   -16.43350045   -16.39476708   -16.49113008   -16.43350045
      126     0.03750839   -16.43226547   -16.39475708   -16.48548929   -16.43226547
      127     0.03648619   -16.43124155   -16.39475536   -16.48045413   -16.43124155
      128     0.03571652   -16.43047522   -16.39475870   -16.47617836   -16.43047522
      129     0.03516842   -16.42993165   -16.39476323   -16.47269770   -16.42993165
      130     0.03478241   -16.42955053   -16.39476812   -16.46997891   -16.42955053
      131     0.03449341   -16.42926702   -16.39477361   -16.46793822   -16.42926702
      132     0.03422869   -16.42900815   -16.39477946   -16.46644084   -16.42900815
      133     0.03392189   -16.42870330   -16.39478141   -16.46532131   -16.42870330
      134     0.03358404   -16.42835526   -16.39477122   -16.46446917   -16.42835526
      135     0.03340933   -16.42815439   -16.39474506   -16.46396009   -16.42815439
      136     0.03380142   -16.42851583   -16.39471441   -16.46410581   -16.42851583
      137     0.03519178   -16.42989568   -16.39470390   -16.46527889   -16.42989568
      138     0.03769816   -16.43242891   -16.39473075   -16.46755334   -16.43242891
      139     0.04091078   -16.43569398   -16.39478320   -16.47046791   -16.43569398
      140     0.04405526   -16.43888534   -16.39483008   -16.47319490   -16.43888534
      141     0.04641382   -16.44126306   -16.39484924   -16.47498447   -16.44126306
      142     0.04764090   -16.44248324   -16.39484234   -16.47549063   -16.44248324
      143     0.04776632   -16.44259221   -16.39482589   -16.47476111   -16.44259221
      144     0.04698691   -16.44180029   -16.39481338   -16.47300872   -16.44180029
      145     0.04547194   -16.44028010   -16.39480816   -16.47040923   -16.44028010
      146     0.04330962   -16.43811393   -16.39480431   -16.46705055   -16.43811393
      147     0.04057410   -16.43536918   -16.39479508   -16.46301106   -16.43536918
      148     0.03742045   -16.43219808   -16.39477763   -16.45846310   -16.43219808
      149     0.03412635   -16.42888093   -16.39475458   -16.45371813   -16.42888093
      150     0.03105440   -16.42578646   -16.39473206   -16.44918768   -16.42578646
      151     0.02855933   -16.42327656   -16.39471723   -16.44528577   -16.42327656
      152     0.02687957   -16.42159560   -16.39471603   -16.44231358   -16.42159560
      153     0.02605377   -16.42078353   -16.39472976   -16.44036607   -16.42078353
      154     0.02590413   -16.42065739   -16.39475326   -16.43930612   -16.42065739
      155     0.02612161   -16.42089574   -16.39477413   -16.43884207   -16.42089574
      156     0.02644911   -16.42122714   -16.39477803   -16.43871200   -16.42122714
      157     0.02687723   -16.42163765   -16.39476042   -16.43889164   -16.42163765
      158     0.02767991   -16.42241671   -16.39473680   -16.43964609   -16.42241671
      159     0.02918607   -16.42391944   -16.39473337   -16.44130150   -16.42391944
      160     0.03143257   -16.42619384   -16.39476127   -16.44388222   -16.42619384
      161     0.03401420   -16.42882025   -16.39480605   -16.44695699   -16.42882025
      162     0.03627165   -16.43111513   -16.39484348   -16.44984387   -16.43111513
      163     0.03762532   -16.43248498   -16.39485966   -16.45195940   -16.43248498
      164     0.03779141   -16.43264559   -16.39485418   -16.45302887   -16.43264559
      165     0.03681498   -16.43164756   -16.39483258   -16.45310169   -16.43164756
      166     0.03500464   -16.42980532   -16.39480068   -16.45247358   -16.42980532
      167     0.03283811   -16.42760347   -16.39476536   -16.45159140   -16.42760347
      168     0.03085481   -16.42558873   -16.39473392   -16.45094932   -16.42558873
      169     0.02953999   -16.42425302   -16.39471303   -16.45097846   -16.42425302
      170     0.02921896   -16.42392587   -16.39470691   -16.45194642   -16.42392587
      171     0.02998444   -16.42470185   -16.39471741   -16.45389002   -16.42470185
      172     0.03166952   -16.42641263   -16.39474311   -16.45659240   -16.42641263
      173     0.03386707   -16.42864765   -16.39478058   -16.45960728   -16.42864765
      174     0.03599650   -16.43081892   -16.39482242   -16.46232706   -16.43081892
      175     0.03742752   -16.43228457   -16.39485705   -16.46410811   -16.43228457
      176     0.03766463   -16.43253451   -16.39486988   -16.46445522   -16.43253451
      177     0.03656379   -16.43141307   -16.39484928   -16.46323958   -16.43141307
      178     0.03447657   -16.42927589   -16.39479932   -16.46084849   -16.42927589
      179     0.03215931   -16.42690543   -16.39474612   -16.45809329   -16.42690543
      180     0.03038283   -16.42510757   -16.39472474   -16.45580071   -16.42510757
      181     0.02945446   -16.42420221   -16.39474775   -16.45430170   -16.42420221
      182     0.02905104   -16.42384323   -16.39479219   -16.45325269   -16.42384323
      183     0.02853332   -16.42335404   -16.39482072   -16.45197456   -16.42335404
      184     0.02745640   -16.42227088   -16.39481448   -16.44999939   -16.42227088
      185     0.02585421   -16.42063579   -16.39478158   -16.44736652   -16.42063579
      186     0.02415877   -16.41890120   -16.39474243   -16.44452909   -16.41890120
      187     0.02292441   -16.41763743   -16.39471302   -16.44206271   -16.41763743
      188     0.02258731   -16.41728657   -16.39469926   -16.44042030   -16.41728657
      189     0.02335860   -16.41805891   -16.39470031   -16.43982923   -16.41805891
      190     0.02522370   -16.41993637   -16.39471267   -16.44029507   -16.41993637
      191     0.02798515   -16.42271822   -16.39473307   -16.44164708   -16.42271822
      192     0.03131939   -16.42607652   -16.39475713   -16.44359226   -16.42607652
      193     0.03484764   -16.42962735   -16.39477971   -16.44578413   -16.42962735
      194     0.03821563   -16.43301241   -16.39479678   -16.44790057   -16.43301241
      195     0.04115490   -16.43596262   -16.39480772   -16.44970300   -16.43596262
      196     0.04349452   -16.43830994   -16.39481542   -16.45104377   -16.43830994
      197     0.04512895   -16.43995130   -16.39482235   -16.45182625   -16.43995130
      198     0.04599369   -16.44081900   -16.39482531   -16.45197318   -16.44081900
      199     0.04610613   -16.44092336   -16.39481723   -16.45146909   -16.44092336
      200     0.04563884   -16.44043735   -16.39479851   -16.45044664   -16.44043735
      201     0.04489044   -16.43967340   -16.39478296   -16.44916631   -16.43967340
      202     0.04409082   -16.43887753   -16.39478671   -16.44781414   -16.43887753
      203     0.04321040   -16.43801611   -16.39480571   -16.44629365   -16.43801611
      204     0.04202617   -16.43684205   -16.39481588   -16.44429952   -16.43684205
      205     0.04043061   -16.43523009   -16.39479948   -16.44166464   -16.43523009
      206     0.03866719   -16.43343074   -16.39476355   -16.43863433   -16.43343074
      207     0.04108055   -16.43581815   -16.39473760   -16.43581815   -16.43197047
      208     0.03930449   -16.43397134   -16.39466685   -16.43397134   -16.43078093
      209     0.03971592   -16.43447178   -16.39475586   -16.43447178   -16.42958539
      210     0.04162824   -16.43643410   -16.39480586   -16.43643410   -16.42875684
      211     0.04424654   -16.43908858   -16.39484204   -16.43908858   -16.42811862
      212     0.04699677   -16.44186293   -16.39486616   -16.44186293   -16.42724899
      213     0.04948461   -16.44436199   -16.39487738   -16.44436199   -16.42580660
      214     0.05150314   -16.44638337   -16.39488023   -16.44638337   -16.42361792
      215     0.05297614   -16.44785800   -16.39488186   -16.44785800   -16.42063626
      216     0.05384809   -16.44873810   -16.39489001   -16.44873810   -16.41683784
      217     0.01721891   -16.41212400   -16.39490509   -16.44889276   -16.41212400
      218     0.01544094   -16.41034879   -16.39490785   -16.44908839   -16.41034879
      219     0.01592286   -16.41085287   -16.39493001   -16.44989259   -16.41085287
      220     0.01834136   -16.41330247   -16.39496111   -16.45109440   -16.41330247
      221     0.02222619   -16.41721902   -16.39499283   -16.45251681   -16.41721902
      222     0.02708244   -16.42210558   -16.39502314   -16.45410524   -16.42210558
      223     0.03243376   -16.42748740   -16.39505364   -16.45590732   -16.42748740
      224     0.03780589   -16.43289063   -16.39508474   -16.45798195   -16.43289063
      225     0.04272732   -16.43783752   -16.39511020   -16.46032080   -16.43783752
      226     0.04680963   -16.44192929   -16.39511966   -16.46283979   -16.44192929
      227     0.04986009   -16.44497163   -16.39511154   -16.46540704   -16.44497163
      228     0.05188234   -16.44698241   -16.39510007   -16.46783462   -16.44698241
      229     0.05291433   -16.44801413   -16.39509980   -16.46982532   -16.44801413
      230     0.05286391   -16.44797358   -16.39510967   -16.47095216   -16.44797358
      231     0.05153192   -16.44664669   -16.39511477   -16.47076400   -16.44664669
      232     0.04881129   -16.44391248   -16.39510119   -16.46900436   -16.44391248
      233     0.04487223   -16.43994010   -16.39506787   -16.46578426   -16.43994010
      234     0.04017384   -16.43520019   -16.39502635   -16.46156767   -16.43520019
      235     0.03530229   -16.43029396   -16.39499167   -16.45698027   -16.43029396
      236     0.03076105   -16.42573329   -16.39497224   -16.45257483   -16.42573329
      237     0.02684628   -16.42181299   -16.39496671   -16.44869296   -16.42181299
      238     0.02365327   -16.41862182   -16.39496855   -16.44546862   -16.41862182
      239     0.02116579   -16.41613685   -16.39497106   -16.44291723   -16.41613685
      240     0.01935346   -16.41432422   -16.39497076   -16.44103311   -16.41432422
      241     0.01823117   -16.41319771   -16.39496654   -16.43984642   -16.41319771
      242     0.01787235   -16.41283261   -16.39496026   -16.43943665   -16.41283261
      243     0.01838102   -16.41333699   -16.39495597   -16.43990480   -16.41333699
      244     0.01982265   -16.41478276   -16.39496011   -16.44130617   -16.41478276
      245     0.02213629   -16.41711318   -16.39497689   -16.44356026   -16.41711318
      246     0.02508895   -16.42009080   -16.39500185   -16.44640172   -16.42009080
      247     0.02834164   -16.42336394   -16.39502230   -16.44944963   -16.42336394
      248     0.03162135   -16.42664833   -16.39502698   -16.45239169   -16.42664833
      249     0.03486909   -16.42988653   -16.39501744   -16.45514542   -16.42988653
      250     0.03821496   -16.43322282   -16.39500786   -16.45783349   -16.43322282
      251     0.04178346   -16.43679617   -16.39501271   -16.46057571   -16.43679617
      252     0.04549601   -16.44053088   -16.39503487   -16.46327757   -16.44053088
      253     0.04902586   -16.44409152   -16.39506566   -16.46558293   -16.44409152
      254     0.05190804   -16.44700245   -16.39509441   -16.46699191   -16.44700245
      255     0.05370560   -16.44881736   -16.39511176   -16.46703081   -16.44881736
      256     0.05414864   -16.44926189   -16.39511325   -16.46539676   -16.44926189
      257     0.05321444   -16.44831275   -16.39509831   -16.46204183   -16.44831275
      258     0.05113541   -16.44620762   -16.39507221   -16.45719278   -16.44620762
      259     0.04832429   -16.44337014   -16.39504585   -16.45130522   -16.44337014
      260     0.04517615   -16.44023230   -16.39505615   -16.44502785   -16.44023230
      261     0.04440118   -16.43963863   -16.39523745   -16.43963863   -16.43661050
      262     0.04141371   -16.43690545   -16.39549174   -16.43690545   -16.43110583
      263     0.04020991   -16.43573713   -16.39552722   -16.43573713   -16.42524843
      264     0.03989050   -16.43543770   -16.39554720   -16.43543770   -16.41965989
      265     0.04010899   -16.43568317   -16.39557418   -16.43568317   -16.41425245
      266     0.04044360   -16.43605108   -16.39560748   -16.43605108   -16.40873964
      267     0.04040083   -16.43603846   -16.39563763   -16.43603846   -16.40275088
      268     0.03956324   -16.43521276   -16.39564952   -16.43521276   -16.39599351
      269     0.03780524   -16.43343708   -16.39563184   -16.43343708   -16.38847370
      270     0.03542946   -16.43101987   -16.39559041   -16.43101987   -16.38063727
      271     0.03305719   -16.42860719   -16.39555000   -16.42860719   -16.37325211
      272     0.03127985   -16.42681521   -16.39553536   -16.42681521   -16.36703244
      273     0.03032096   -16.42587102   -16.39555006   -16.42587102   -16.36227461
      274     0.02998216   -16.42555795   -16.39557579   -16.42555795   -16.35880143
      275     0.02988864   -16.42547946   -16.39559082   -16.42547946   -16.35622933
      276     0.02979447   -16.42538114   -16.39558667   -16.42538114   -16.35429565
      277     0.02972435   -16.42529298   -16.39556863   -16.42529298   -16.35300851
      278     0.02991732   -16.42546510   -16.39554778   -16.42546510   -16.35258968
      279     0.03067033   -16.42620412   -16.39553379   -16.42620412   -16.35331699
      280     0.03218789   -16.42771992   -16.39553203   -16.42771992   -16.35537376
      281     0.03449366   -16.43003697   -16.39554331   -16.43003697   -16.35875834
      282     0.03741720   -16.43298082   -16.39556362   -16.43298082   -16.36326336
      283     0.04065289   -16.43623839   -16.39558550   -16.43623839   -16.36852309
      284     0.04387198   -16.43947240   -16.39560042   -16.43947240   -16.37411087
      285     0.04685100   -16.44245359   -16.39560259   -16.44245359   -16.37965270
      286     0.04955652   -16.44514898   -16.39559246   -16.44514898   -16.38489918
      287     0.05213699   -16.44771447   -16.39557748   -16.44771447   -16.38971041
      288     0.05482749   -16.45039324   -16.39556575   -16.45039324   -16.39396474
      289     0.05784163   -16.45340141   -16.39555978   -16.45340141   -16.39748442
      290     0.06133609   -16.45689130   -16.39555521   -16.45689130   -16.40006799
      291     0.06545691   -16.46100400   -16.39554709   -16.46100400   -16.40160607
      292     0.07039203   -16.46592610   -16.39553407   -16.46592610   -16.40212629
      293     0.07637848   -16.47189132   -16.39551284   -16.47189132   -16.40164422
      294     0.08374625   -16.47921654   -16.39547029   -16.47921654   -16.39988826
      295     0.09282214   -16.48835485   -16.39553271   -16.48835485   -16.39630271
      296     0.10195006   -16.49796025   -16.39601019   -16.49796025   -16.39224049
      297     0.10833901   -16.50411046   -16.39577145   -16.50411046   -16.39100620
      298     0.11213402   -16.50784820   -16.39571418   -16.50784820   -16.39019050
      299     0.11443735   -16.51015598   -16.39571863   -16.51015598   -16.38813027
      300     0.11535565   -16.51108027   -16.39572462   -16.51108027   -16.38470373
      301     0.11487618   -16.51060165   -16.39572547   -16.51060165   -16.38009334
      302     0.11303994   -16.50876041   -16.39572047   -16.50876041   -16.37452179
      303     0.10997437   -16.50568102   -16.39570665   -16.50568102   -16.36820642
      304     0.10592398   -16.50160566   -16.39568168   -16.50160566   -16.36139057
      305     0.10127895   -16.49692680   -16.39564785   -16.49692680   -16.35440328
      306     0.09656865   -16.49217922   -16.39561057   -16.49217922   -16.34768688
      307     0.09236699   -16.48794885   -16.39558186   -16.48794885   -16.34173445
