#    Step        Prob(0)        Prob(1)        Prob(2)        
        0    -0.00000000    -0.00000000     0.00000000
        1     0.00000003     0.00000044     0.00000000
        2     0.00000000     0.00000097     0.00000000
        3     0.00000000     0.00000122     0.00000000
        4     0.00000007     0.00000127     0.00000000
        5     0.00000000     0.00000221     0.00000000
        6     0.00000015     0.00000671     0.00000000
        7     0.00000000     0.00001835     0.00000000
        8     0.00000023     0.00004287     0.00000000
        9     0.00000000     0.00009706     0.00000000
       10     0.00000029     0.00024575     0.00000000
       11     0.00000000     0.00078851     0.00000000
       12     0.00000028     0.00369539     0.00000000
       13     0.00000000     0.03742235     0.00000000
       14     0.00000010     0.99999990     0.00000000
       15     0.00000000     0.00000000     1.00000000
       16     0.00000013     0.00000000     0.00000000
       17     0.00000000     0.00880535     0.00000000
       18     0.00000135     0.01084061     0.00000000
       19     0.00000000     0.00927518     0.00000000
       20     0.00000048     0.00686580     0.00000000
       21     0.00000060     0.00452528     0.00000000
       22     0.00000000     0.00259055     0.00000000
       23     0.00000127     0.00117506     0.00000000
       24     0.00000000     0.00029472     0.00000000
       25     0.00000000     0.00000000     0.00000000
       26     0.00000125     0.00000492     0.00000000
       27     0.00000000     0.00046855     0.00000000
       28     0.00000000     0.00124757     0.00000000
       29     0.00000105     0.00228502     0.00000000
       30     0.00000000     0.00354430     0.00000000
       31     0.00000000     0.00501617     0.00000000
       32     0.00000089     0.00673027     0.00000000
       33     0.00000000     0.00877182     0.00000000
       34     0.00000000     0.01131202     0.00000000
       35     0.00000068     0.01467136     0.00000000
       36     0.00000013     0.01946088     0.00000000
       37     0.00000000     0.02693598     0.00000000
       38     0.00000031     0.03994630     0.00000000
       39     0.00000055     0.06598083     0.00000000
       40     0.00000002     0.00000000     0.00000000
       41     0.00000000     0.00000000     0.00000000
       42     0.00000026     0.00000000     0.00000000
       43     0.00000010     0.00000000     0.00000000
       44     0.00000000     0.00000000     0.00000000
       45     0.00000008     0.00000000     0.00000000
       46     0.00000035     0.00000000     0.00000000
       47     0.00000000     0.00000000     0.00000000
       48     0.00000000     0.00000000     0.00059134
       49     0.00000024     0.00000000     0.00130646
       50     0.00000020     0.00000000     0.00167036
       51     0.00000000     0.00000000     0.00189427
       52     0.00000000     0.00000000     0.00206017
       53     0.00000035     0.00000000     0.00219721
       54     0.00000003     0.00000000     0.00231181
       55     0.00000000     0.00000000     0.00240100
       56     0.00000000     0.00000000     0.00245824
       57     0.00000050     0.00000000     0.00247744
       58     0.00000000     0.00000000     0.00245383
       59     0.00000000     0.00000000     0.00238575
       60     0.00000000     0.00000000     0.00227521
       61     0.00000087     0.00000000     0.00213016
       62     0.00000017     0.00000000     0.00196014
       63     0.00000000     0.00000000     0.00177794
       64     0.00000034     0.00000000     0.00159944
       65     0.00000178     0.00000000     0.00143594
       66     0.00000106     0.00000000     0.00129408
       67     0.00000000     0.00000000     0.00116998
       68     0.00000124     0.00000000     0.00104669
       69     0.00000325     0.00000000     0.00088921
       70     0.00000264     0.00000000     0.00064576
       71     0.00000092     0.00000000     0.00025231
       72     0.00000181     0.00000000     0.00000000
       73     0.00000412     0.00000000     0.00000000
       74     0.00000363     0.00000000     0.00000000
       75     0.00000084     0.00000000     0.00000000
       76     0.00000021     0.00000000     0.00000000
       77     0.00000215     0.00000000     0.00000000
       78     0.00000221     0.00000000     0.00000000
       79     0.00000000     0.00000000     0.00000000
       80     0.00000000     0.00000000     0.00000000
       81     0.00000000     0.00000000     0.00000000
       82     0.00000006     0.00000000     0.00000000
       83     0.00000000     0.00000000     0.00269271
       84     0.00000000     0.00000000     0.00723463
       85     0.00000000     0.00000000     0.01134396
       86     0.00000124     0.00000000     0.01403881
       87     0.00000323     0.00000000     0.01435705
       88     0.00000204     0.00000000     0.01166902
       89     0.00000082     0.00000000     0.00603583
       90     0.00000218     0.00000000     0.00000000
       91     0.00000417     0.00000000     0.00000000
       92     0.00000329     0.00000000     0.00000000
       93     0.00000000     0.00000000     0.00000000
       94     0.00000000     0.00000000     0.00000000
       95     0.00000000     0.00000000     0.00000000
       96     0.00000008     0.00000000     0.00340981
       97     0.00000055     0.00000000     0.01099910
       98     0.00000000     0.00000000     0.01440853
       99     0.00000000     0.00000000     0.01182960
      100     0.00000172     0.00000000     0.00390960
      101     0.00000383     0.00000000     0.00000000
      102     0.00000293     0.00000000     0.00000000
      103     0.00000000     0.00000000     0.00000000
      104     0.00000000     0.00000000     0.00000000
      105     0.00000000     0.00000000     0.00404598
      106     0.00000111     0.00000000     0.01100496
      107     0.00000328     0.00000000     0.01065710
      108     0.00000244     0.00000000     0.00287846
      109     0.00000003     0.00000000     0.00000000
      110     0.00000000     0.00000000     0.00000000
      111     0.00000000     0.00000000     0.00000000
      112     0.00000172     0.00000000     0.00340458
      113     0.00000217     0.00000000     0.00968980
      114     0.00000115     0.00000000     0.00683535
      115     0.00000008     0.00000000     0.00000000
      116     0.00000035     0.00000000     0.00000000
      117     0.00000198     0.00000000     0.00000000
      118     0.00000371     0.00000000     0.00353072
      119     0.00000418     0.00000000     0.00831058
      120     0.00000306     0.00000000     0.00306029
