#    Step        Prob(0)        Prob(1)        
        0    -0.00000000     0.00000000
        1     0.00000000     0.00000000
        2     0.00000000     0.00000000
        3     0.00000000     0.00000000
        4     0.00000000     0.00000000
        5     0.00000000     0.00000000
        6     0.00000000     0.00000000
        7     0.00000001     0.00000000
        8     0.00000005     0.00000000
        9     0.00000005     0.00000000
       10     0.00000000     0.00000000
       11     0.00000000     0.00000000
       12     0.00005254     0.00000000
       13     0.00004037     0.00000000
       14     0.00000000     0.00000000
       15     0.00001011     0.00000000
       16     0.00004958     0.00000000
       17     0.00000000     0.00000000
       18     0.00007218     0.00000000
       19     0.00000000     0.00000000
       20     0.00006639     0.00000000
       21     0.00000000     0.00000000
       22     0.00001970     0.00000000
       23     0.00002298     0.00000000
       24     0.00000000     0.00000000
       25     0.00001437     0.00000000
       26     0.00001277     0.00000000
       27     0.00000000     0.00000000
       28     0.00000000     0.00000000
       29     0.00000000     0.00000000
       30     0.00000000     0.00000000
       31     0.00000184     0.00000000
       32     0.00001380     0.00000000
       33     0.00001798     0.00000000
       34     0.00000886     0.00000000
       35     0.00000000     0.00000000
       36     0.00000000     0.00000000
       37     0.00000000     0.00000000
       38     0.00005700     0.00000000
       39     0.00026231     0.00000000
       40     0.00091003     0.00000000
       41     0.00295359     0.00000000
       42     0.01045609     0.00000000
       43     0.05092543     0.00000000
       44     0.50532334     0.00000000
       45     0.00000000     0.00000000
       46     0.00000000     0.00000000
       47     0.00000000     0.00000000
       48     0.00511808     0.00000000
       49     0.00564975     0.00000000
       50     0.00433115     0.00000000
       51     0.00244642     0.00000000
       52     0.00087534     0.00000000
       53     0.00001277     0.00000000
       54     0.00000000     0.00000000
       55     0.00000000     0.00000000
       56     0.00000000     0.00000000
       57     0.00151236     0.00000000
       58     0.00337128     0.00000000
       59     0.00000000     0.00000000
       60     0.00000000     0.00000000
       61     0.00179500     0.00000000
       62     0.00596137     0.00000000
       63     0.00000000     0.00000000
       64     0.00186484     0.00000000
       65     0.00361528     0.00000000
       66     0.00000000     0.00000000
       67     0.00844829     0.00000000
       68     0.00000000     0.00000000
       69     0.00851478     0.00000000
       70     0.00000000     0.00000000
       71     0.00000000     0.00000000
       72     0.02157826     0.00000000
       73     0.00000000     0.00000000
       74     0.00000000     0.00000000
       75     0.00000000     0.00000000
       76     0.00339142     0.00000000
       77     0.00386302     0.00000000
       78     0.00000000     0.00000000
       79     0.01194621     0.00000000
       80     0.00000000     0.00000000
       81     0.00046521     0.00000000
       82     0.00000000     0.00000000
       83     0.00238520     0.00000000
       84     0.00244438     0.00000000
       85     0.00662656     0.00000000
       86     1.00000000     0.00000000
       87     0.00000000     0.13898985
       88     0.00000000     0.03090668
       89     0.00000000     0.00000000
       90     0.00000000     0.00000000
       91     0.00000000     0.01711007
       92     0.00000000     0.00936654
       93     0.00000000     0.00000000
       94     0.00000000     0.00564441
       95     0.00000000     0.00000000
       96     0.00000000     0.00000000
       97     0.00000000     0.00070042
       98     0.00000000     0.00000000
       99     0.00000000     0.00000000
      100     0.00000000     0.00036650
      101     0.00000000     0.00000000
      102     0.00000000     0.00000147
      103     0.00000000     0.00001125
      104     0.00000000     0.00000425
      105     0.00000000     0.00005199
      106     0.00000000     0.00005483
      107     0.00000000     0.00005248
      108     0.00000000     0.00011490
      109     0.00000000     0.00014514
      110     0.00000000     0.00000141
      111     0.00000000     0.10603640
      112     0.00000000     0.00000000
      113     0.00000000     0.00361178
      114     0.00000000     0.00050690
      115     0.00000000     0.00000000
      116     0.00000000     0.00647570
      117     0.00000000     0.00517502
      118     0.00000000     0.00282271
      119     0.00000000     0.00000000
      120     0.00000000     0.01013239
      121     0.00000000     0.00449329
      122     0.00000000     0.00000000
      123     0.00000000     0.00000000
      124     0.00000000     0.00000000
      125     0.00000000     0.00019023
      126     0.00000000     0.00074363
      127     0.00000000     0.00041565
      128     0.00000000     0.00000000
      129     0.00000000     0.00000000
      130     0.00000000     0.00017465
      131     0.00000000     0.00020964
      132     0.00000000     0.00056230
      133     0.00000000     0.00261737
      134     0.00000000     0.03402907
      135     0.00000000     1.00000000
      136     0.01031997     0.00000000
      137     0.00460432     0.00000000
      138     0.00219577     0.00000000
      139     0.00000000     0.00000000
      140     0.00000000     0.00000000
      141     0.00000000     0.00000000
      142     0.00090423     0.00000000
      143     0.00085696     0.00000000
      144     0.00000000     0.00000000
      145     0.00000000     0.00000000
      146     0.00109499     0.00000000
      147     0.00025956     0.00000000
      148     0.00000000     0.00000000
      149     0.00023763     0.00000000
      150     0.00049164     0.00000000
      151     0.00000000     0.00000000
      152     0.00000000     0.00000000
      153     0.00003525     0.00000000
      154     0.00006901     0.00000000
      155     0.00026015     0.00000000
      156     0.00000000     0.00000000
      157     0.00000000     0.00000000
      158     0.00107712     0.00000000
      159     0.00000000     0.00000000
      160     0.00000000     0.00000000
      161     0.00156410     0.00000000
      162     0.00167573     0.00000000
      163     0.00000000     0.00000000
      164     0.00000000     0.00000000
      165     0.00333074     0.00000000
      166     0.00437484     0.00000000
      167     0.00000000     0.00000000
      168     0.00000000     0.00000000
      169     0.00315198     0.00000000
      170     0.00497727     0.00000000
      171     0.00498365     0.00000000
      172     0.00529871     0.00000000
      173     0.01083976     0.00000000
      174     0.02975739     0.00000000
      175     0.06278206     0.00000000
      176     0.07572581     0.00000000
      177     0.03802543     0.00000000
      178     0.00000000     0.00000000
      179     0.00000000     0.00000000
      180     0.00000000     0.00000000
      181     0.00000000     0.00000000
      182     0.02111792     0.00000000
      183     0.04019803     0.00000000
      184     0.00149612     0.00000000
      185     0.00000000     0.00000000
      186     0.00000000     0.00000000
      187     0.03947253     0.00000000
      188     0.00533873     0.00000000
      189     0.00000000     0.00000000
      190     0.00000000     0.00000000
      191     0.04914792     0.00000000
      192     0.02694100     0.00000000
      193     0.00000000     0.00000000
      194     0.00000000     0.00000000
      195     0.00000000     0.00000000
      196     1.00000000     0.00000000
      197     0.00000000     0.00453586
      198     0.00000000     0.00490501
      199     0.00000000     0.00000000
      200     0.00000000     0.00000000
      201     0.00000000     0.00023218
      202     0.00000000     0.00000000
      203     0.00000000     0.00000930
      204     0.00000000     0.00000000
      205     0.00000000     0.00016350
      206     0.00000000     0.00012339
      207     0.00000000     0.00000000
      208     0.00000000     0.00131816
      209     0.00000000     0.00000000
      210     0.00000000     0.00154525
      211     0.00000000     0.00000000
      212     0.00000000     0.01073333
      213     0.00000000     0.00000000
      214     0.00000000     0.00315359
      215     0.00000000     0.00000000
      216     0.00000000     0.00000000
      217     0.00000000     0.00438466
      218     0.00000000     0.00042117
      219     0.00000000     0.00000000
      220     0.00000000     0.00000000
      221     0.00000000     0.00568484
      222     0.00000000     0.00851202
      223     0.00000000     0.00957767
      224     0.00000000     0.01775414
      225     0.00000000     0.09334350
      226     0.00000000     0.85607613
      227     0.00000000     0.00000000
      228     0.00000000     0.00000000
      229     0.04155063     0.00000000
      230     0.06856981     0.00000000
      231     0.06623059     0.00000000
      232     0.01992697     0.00000000
      233     0.00000000     0.00000000
      234     0.00000000     0.00000000
      235     0.01129223     0.00000000
      236     0.02932955     0.00000000
      237     0.00000000     0.00000000
      238     0.00000000     0.00000000
      239     0.00729734     0.00000000
      240     0.00145587     0.00000000
      241     0.00000000     0.00000000
      242     0.00007944     0.00000000
      243     0.00069040     0.00000000
      244     0.00000000     0.00000000
      245     0.00000000     0.00000000
      246     0.00000000     0.00000000
      247     0.02458755     0.00000000
      248     0.14857964     0.00000000
      249     0.26587573     0.00000000
      250     0.15511191     0.00000000
      251     0.00832476     0.00000000
      252     0.00000000     0.00000000
      253     0.00000000     0.00000000
      254     0.00000000     0.00000000
      255     0.01880875     0.00000000
      256     0.01463936     0.00000000
      257     0.00000000     0.00000000
      258     0.00000000     0.00000000
      259     0.01507018     0.00000000
      260     0.01994804     0.00000000
      261     0.00000000     0.00000000
      262     0.00000000     0.00000000
      263     0.01842793     0.00000000
      264     0.02238725     0.00000000
      265     0.00000000     0.00000000
      266     0.00000000     0.00000000
      267     0.00496960     0.00000000
      268     0.02512884     0.00000000
      269     0.01253605     0.00000000
      270     0.00000000     0.00000000
      271     0.00000000     0.00000000
      272     0.00000000     0.00000000
      273     0.00000000     0.00000000
      274     0.00000000     0.00000000
      275     0.00000000     0.00000000
      276     0.00000000     0.00000000
      277     1.00000000     0.00000000
      278     0.00000000     0.00000000
      279     0.00000000     0.00656504
      280     0.00000000     0.01446130
      281     0.00000000     0.01368091
      282     0.00000000     0.00000000
      283     0.00000000     0.00000000
      284     0.00000000     0.01728634
      285     0.00000000     0.00000000
      286     0.00000000     0.00988921
      287     0.00000000     0.00000000
      288     0.00000000     0.05158963
      289     0.00000000     0.00252230
      290     0.00000000     0.00000000
      291     0.00000000     0.00000000
      292     0.00000000     0.00000000
      293     0.00000000     0.00000000
      294     0.00000000     0.00000000
      295     0.00000000     0.00004531
      296     0.00000000     0.00012169
      297     0.00000000     0.00000000
      298     0.00000000     0.00000000
      299     0.00000000     0.00016291
      300     0.00000000     0.00000000
      301     0.00000000     0.00017082
      302     0.00000000     0.00000000
      303     0.00000000     0.00000000
      304     0.00000000     0.00000000
      305     0.00000000     0.00008022
      306     0.00000000     0.00015657
      307     0.00000000     0.00022470
      308     0.00000000     0.00044488
      309     0.00000000     0.00072646
      310     0.00000000     0.00093279
      311     0.00000000     0.00100116
      312     0.00000000     0.00090504
      313     0.00000000     0.00063506
      314     0.00000000     0.00023079
      315     0.00000000     0.00000000
      316     0.00000000     0.00000000
      317     0.00000000     0.00000000
      318     0.00000000     0.00000000
      319     0.00000000     0.00000000
      320     0.00000000     0.00052748
      321     0.00000000     0.00117546
      322     0.00000000     0.00112416
      323     0.00000000     0.00001388
      324     0.00000000     0.00000000
      325     0.00000000     0.00000000
      326     0.00000000     0.00000000
      327     0.00000000     0.00017871
      328     0.00000000     0.00125054
      329     0.00000000     0.00035591
      330     0.00000000     0.00000000
      331     0.00000000     0.00000000
      332     0.00000000     0.00093486
      333     0.00000000     0.00000000
      334     0.00000000     0.00000000
      335     0.00000000     0.00047401
      336     0.00000000     0.00000000
      337     0.00000000     0.00000000
      338     0.00000000     0.00002327
      339     0.00000000     0.00000000
      340     0.00000000     0.00075150
      341     0.00000000     0.00000000
      342     0.00000000     0.00344442
      343     0.00000000     0.00000684
      344     0.00000000     0.00000000
      345     0.00000000     0.00000000
      346     0.00000000     0.00039500
      347     0.00000000     0.00006057
      348     0.00000000     0.00002210
      349     0.00000000     0.00012741
      350     0.00000000     0.00000000
      351     0.00000000     0.00000000
      352     0.00000000     0.00026494
      353     0.00000000     0.00000000
      354     0.00000000     0.00000000
      355     0.00000000     0.00118355
      356     0.00000000     0.00000000
      357     0.00000000     0.00239144
      358     0.00000000     0.00000000
      359     0.00000000     0.00000000
      360     0.00000000     0.00000000
      361     0.00000000     0.00100141
      362     0.00000000     0.00000000
      363     0.00000000     0.00136164
      364     0.00000000     0.00000000
      365     0.00000000     0.00013369
      366     0.00000000     0.00132583
      367     0.00000000     0.00000000
      368     0.00000000     0.00116968
      369     0.00000000     0.00069729
      370     0.00000000     0.00000000
      371     0.00000000     0.00134020
      372     0.00000000     0.00008953
      373     0.00000000     0.00000000
      374     0.00000000     0.00116948
      375     0.00000000     0.00000000
      376     0.00000000     0.00000000
      377     0.00000000     0.00102105
      378     0.00000000     0.00000000
      379     0.00000000     0.00000000
      380     0.00000000     0.00076321
      381     0.00000000     0.00000000
      382     0.00000000     0.00000000
      383     0.00000000     0.00038175
      384     0.00000000     0.00000000
      385     0.00000000     0.00002137
      386     0.00000000     0.00000000
      387     0.00000000     0.00041996
      388     0.00000000     0.00000000
      389     0.00000000     0.00000000
      390     0.00000000     0.00130424
      391     0.00000000     0.00000000
      392     0.00000000     0.00140430
      393     0.00000000     0.00053021
      394     0.00000000     0.00000000
      395     0.00000000     0.00396875
      396     0.00000000     0.00000000
      397     0.00000000     0.00300434
      398     0.00000000     0.00000000
      399     0.00000000     0.00054151
      400     0.00000000     0.00000000
      401     0.00000000     0.00127993
      402     0.00000000     0.00000000
      403     0.00000000     0.00165606
      404     0.00000000     0.00000000
      405     0.00000000     0.00000000
      406     0.00000000     0.00072903
      407     0.00000000     0.00000000
      408     0.00000000     0.00014697
      409     0.00000000     0.00016966
      410     0.00000000     0.00009076
      411     0.00000000     0.00000000
      412     0.00000000     0.00028181
      413     0.00000000     0.00012263
      414     0.00000000     0.00000000
      415     0.00000000     0.00035316
      416     0.00000000     0.00000000
      417     0.00000000     0.00000000
      418     0.00000000     0.00055768
      419     0.00000000     0.00000000
      420     0.00000000     0.00022321
      421     0.00000000     0.00009630
      422     0.00000000     0.00000000
      423     0.00000000     0.00000000
      424     0.00000000     0.00096196
      425     0.00000000     0.00000000
      426     0.00000000     0.00023877
      427     0.00000000     0.00000000
      428     0.00000000     0.00000000
      429     0.00000000     0.00007978
      430     0.00000000     0.00000000
      431     0.00000000     0.00022824
      432     0.00000000     0.00000000
      433     0.00000000     0.00045280
      434     0.00000000     0.00000000
      435     0.00000000     0.00000000
      436     0.00000000     0.00148369
      437     0.00000000     0.00063160
      438     0.00000000     0.00000000
      439     0.00000000     0.00000000
      440     0.00000000     0.00293193
      441     0.00000000     0.00298391
      442     0.00000000     0.00000000
      443     0.00000000     0.00000000
      444     0.00000000     0.00000000
      445     0.00000000     0.00000921
      446     0.00000000     0.00128216
      447     0.00000000     0.00057901
      448     0.00000000     0.00000000
      449     0.00000000     0.00000000
      450     0.00000000     0.00008561
      451     0.00000000     0.00000000
      452     0.00000000     0.00000000
      453     0.00000000     0.00095610
      454     0.00000000     0.00225516
      455     0.00000000     0.00000000
      456     0.00000000     0.00000000
      457     0.00000000     0.00021934
      458     0.00000000     0.00147625
      459     0.00000000     0.00000000
      460     0.00000000     0.00030232
      461     0.00000000     0.00020944
      462     0.00000000     0.00000000
      463     0.00000000     0.00058967
      464     0.00000000     0.00000000
      465     0.00000000     0.00069539
      466     0.00000000     0.00000000
      467     0.00000000     0.00073879
      468     0.00000000     0.00000000
      469     0.00000000     0.00099165
      470     0.00000000     0.00000000
      471     0.00000000     0.00174394
      472     0.00000000     0.00000000
      473     0.00000000     0.00297531
      474     0.00000000     0.00000000
      475     0.00000000     0.00185083
      476     0.00000000     0.00000000
      477     0.00000000     0.00000000
      478     0.00000000     0.00064764
      479     0.00000000     0.00000000
      480     0.00000000     0.00064191
      481     0.00000000     0.00000000
      482     0.00000000     0.00103306
      483     0.00000000     0.00000000
      484     0.00000000     0.00086241
      485     0.00000000     0.00025831
      486     0.00000000     0.00000000
      487     0.00000000     0.00162869
      488     0.00000000     0.00125565
      489     0.00000000     0.00000000
      490     0.00000000     0.00000000
      491     0.00000000     0.00344920
      492     0.00000000     0.00398060
      493     0.00000000     0.00000000
      494     0.00000000     0.00000000
      495     0.00000000     0.00000000
      496     0.00000000     0.00223174
      497     0.00000000     0.00447050
      498     0.00000000     0.00029906
      499     0.00000000     0.00000000
      500     0.00000000     0.00000000
      501     0.00000000     0.00197871
      502     0.00000000     0.00000000
      503     0.00000000     0.00009487
      504     0.00000000     0.00000000
      505     0.00000000     0.00054711
      506     0.00000000     0.00099141
      507     0.00000000     0.00000000
      508     0.00000000     0.00222925
      509     0.00000000     0.00000000
      510     0.00000000     0.00000000
      511     0.00000000     0.00071939
      512     0.00000000     0.00000000
      513     0.00000000     0.00000000
      514     0.00000000     0.00118572
      515     0.00000000     0.00000000
      516     0.00000000     0.00000000
      517     0.00000000     0.00208382
      518     0.00000000     0.00000000
      519     0.00000000     0.00222172
      520     0.00000000     0.00000000
      521     0.00000000     0.00103027
      522     0.00000000     0.00000000
      523     0.00000000     0.00292010
      524     0.00000000     0.00000000
      525     0.00000000     0.00473664
      526     0.00000000     0.00000000
      527     0.00000000     0.00095684
      528     0.00000000     0.00000000
      529     0.00000000     0.00000000
      530     0.00000000     0.00000000
      531     0.00000000     0.00109854
      532     0.00000000     0.00000000
      533     0.00000000     0.00044530
      534     0.00000000     0.00097815
      535     0.00000000     0.00000000
      536     0.00000000     0.00220776
      537     0.00000000     0.00025049
      538     0.00000000     0.00000000
      539     0.00000000     0.00521466
      540     0.00000000     0.00000000
      541     0.00000000     0.00293240
      542     0.00000000     0.00000000
      543     0.00000000     0.00180037
      544     0.00000000     0.00000000
      545     0.00000000     0.00022941
      546     0.00000000     0.00000000
      547     0.00000000     0.00007811
      548     0.00000000     0.00000000
      549     0.00000000     0.00016877
      550     0.00000000     0.00000000
      551     0.00000000     0.00000000
      552     0.00000000     0.00043533
      553     0.00000000     0.00000000
      554     0.00000000     0.00000000
      555     0.00000000     0.00011283
      556     0.00000000     0.00000000
      557     0.00000000     0.00000000
      558     0.00000000     0.00000000
      559     0.00000000     0.00003262
      560     0.00000000     0.00002216
      561     0.00000000     0.00000000
      562     0.00000000     0.00005035
      563     0.00000000     0.00001272
      564     0.00000000     0.00000000
      565     0.00000000     0.00003960
      566     0.00000000     0.00000000
      567     0.00000000     0.00000000
      568     0.00000000     0.00003102
      569     0.00000000     0.00000000
      570     0.00000000     0.00000000
      571     0.00000000     0.00001572
      572     0.00000000     0.00000000
      573     0.00000000     0.00000000
      574     0.00000000     0.00000000
      575     0.00000000     0.00000209
      576     0.00000000     0.00001158
      577     0.00000000     0.00000000
      578     0.00000000     0.00000000
      579     0.00000000     0.00002907
      580     0.00000000     0.00000000
      581     0.00000000     0.00000000
      582     0.00000000     0.00002529
      583     0.00000000     0.00002571
      584     0.00000000     0.00000000
      585     0.00000000     0.00000000
      586     0.00000000     0.00002688
      587     0.00000000     0.00004008
      588     0.00000000     0.00000101
      589     0.00000000     0.00000000
      590     0.00000000     0.00000000
      591     0.00000000     0.00000000
      592     0.00000000     0.00000593
      593     0.00000000     0.00004218
      594     0.00000000     0.00000000
      595     0.00000000     0.00000754
      596     0.00000000     0.00000000
      597     0.00000000     0.00000000
      598     0.00000000     0.00000000
      599     0.00000000     0.00004184
      600     0.00000000     0.00002312
