#     Density Matrix: coherence Re-Im; see the manual for detail orders
        0     0.00000000     0.00000000
        1    -0.00018529    -0.00037108
        2    -0.00020895     0.00058276
        3    -0.00029589     0.00104205
        4    -0.00046441     0.00207537
        5    -0.00062866     0.00327769
        6    -0.00083195     0.00481614
        7    -0.00093403     0.00635671
        8    -0.00092679     0.00751665
        9    -0.00082941     0.00800393
       10    -0.00074336     0.00786939
       11    -0.00068872     0.00738474
       12    -0.00063195     0.00676162
       13    -0.00054212     0.00609228
       14    -0.00041035     0.00539134
       15    -0.00025000     0.00465103
       16    -0.00009612     0.00387492
       17     0.00000403     0.00310693
       18     0.00001765     0.00242951
       19    -0.00005627     0.00193141
       20    -0.00019242     0.00166750
       21    -0.00036157     0.00164101
       22    -0.00054467     0.00181819
       23    -0.00072554     0.00214980
       24    -0.00087900     0.00257645
       25    -0.00096953     0.00302234
       26    -0.00096007     0.00338979
       27    -0.00083556     0.00356938
       28    -0.00061808     0.00347886
       29    -0.00036243     0.00310388
       30    -0.00012818     0.00251442
       31     0.00005398     0.00182350
       32     0.00018300     0.00112832
       33     0.00026261     0.00048814
       34     0.00030063    -0.00006268
       35     0.00031842    -0.00051820
       36     0.00033648    -0.00089853
       37     0.00036210    -0.00123030
       38     0.00039212    -0.00152839
       39     0.00041993    -0.00179259
       40     0.00043694    -0.00201074
       41     0.00043363    -0.00216079
       42     0.00040347    -0.00221629
       43     0.00034536    -0.00215658
       44     0.00026310    -0.00197565
       45     0.00016883    -0.00168863
       46     0.00006960    -0.00132888
       47    -0.00002128    -0.00093230
       48    -0.00008765    -0.00054737
       49    -0.00011565    -0.00021952
       50    -0.00008805     0.00000237
       51     0.00000783     0.00006385
       52     0.00016632    -0.00008691
       53     0.00034897    -0.00046611
       54     0.00049640    -0.00101535
       55     0.00056724    -0.00160178
       56     0.00056352    -0.00207801
       57     0.00050685    -0.00234881
       58     0.00040243    -0.00237886
       59     0.00024279    -0.00216355
       60     0.00003010    -0.00171523
       61    -0.00021963    -0.00106239
       62    -0.00048277    -0.00024679
       63    -0.00073319     0.00067477
       64    -0.00095324     0.00162888
       65    -0.00114506     0.00254641
       66    -0.00132909     0.00339989
       67    -0.00151055     0.00421290
       68    -0.00166263     0.00501440
       69    -0.00174150     0.00580494
       70    -0.00169746     0.00653974
       71    -0.00148544     0.00711677
       72    -0.00109896     0.00738054
       73    -0.00060358     0.00718078
       74    -0.00011768     0.00646254
       75     0.00026735     0.00531712
       76     0.00056067     0.00391939
       77     0.00084049     0.00240917
       78     0.00115416     0.00085330
       79     0.00147254    -0.00070027
       80     0.00172708    -0.00217246
       81     0.00186993    -0.00345776
       82     0.00191388    -0.00446888
       83     0.00193627    -0.00519165
       84     0.00203895    -0.00571054
       85     0.00228472    -0.00617311
       86     0.00265462    -0.00671169
       87     0.00305152    -0.00737759
       88     0.00334036    -0.00812380
       89     0.00339846    -0.00883100
       90     0.00315848    -0.00935099
       91     0.00261105    -0.00954318
       92     0.00179757    -0.00928789
       93     0.00078470    -0.00850304
       94    -0.00038506    -0.00714596
       95    -0.00172231    -0.00520784
       96    -0.00330672    -0.00269179
       97    -0.00527774     0.00042425
       98    -0.00780403     0.00421865
       99    -0.01104770     0.00882872
      100    -0.01513492     0.01441642
      101    -0.02013920     0.02110760
      102    -0.02608925     0.02894082
      103    -0.03300513     0.03787540
      104    -0.04092003     0.04785975
      105    -0.04982733     0.05887601
      106    -0.05957240     0.07088161
      107    -0.06976294     0.08366346
      108    -0.07972397     0.09669083
      109    -0.08818195     0.10904928
      110    -0.09110346     0.11940336
      111    -0.06655051     0.12567712
      112     0.31906321     0.13198690
      113     0.45940994     0.11188359
      114     0.40810240     0.07221003
      115     0.40080906     0.01103403
      116     0.38692590    -0.06626464
      117     0.35118405    -0.14961546
      118     0.28821237    -0.22521821
      119     0.20125489    -0.27824485
      120     0.10183867    -0.29736819
      121     0.00662453    -0.27927173
      122    -0.06832829    -0.23025903
      123    -0.11294773    -0.16365637
      124    -0.12539332    -0.09476850
      125    -0.11088160    -0.03627310
      126    -0.07860162     0.00431694
      127    -0.03839007     0.02492929
      128     0.00159049     0.02757286
      129     0.03567802     0.01644346
      130     0.06048180    -0.00354051
      131     0.07448121    -0.02751482
      132     0.07793406    -0.05112221
      133     0.07283386    -0.07100237
      134     0.06247270    -0.08525670
      135     0.05060312    -0.09359981
      136     0.04057153    -0.09708082
      137     0.03474118    -0.09753370
      138     0.03424031    -0.09701190
      139     0.03890820    -0.09734928
      140     0.04737037    -0.09984779
      141     0.05728914    -0.10507451
      142     0.06585235    -0.11278844
      143     0.07044865    -0.12199720
      144     0.06929518    -0.13111450
      145     0.06169267    -0.13825119
      146     0.04749137    -0.14172279
      147     0.02463256    -0.14056607
      148    -0.02040182    -0.13436018
      149    -0.16745321    -0.12146864
      150    -0.48109845    -0.10028168
      151    -0.37560201    -0.05706865
      152    -0.29482239     0.00394057
      153    -0.23864272     0.07534712
      154    -0.16223758     0.13571940
      155    -0.06597856     0.15557821
      156     0.01819335     0.12066627
      157     0.05399037     0.05323851
      158     0.03811126    -0.00097626
      159     0.00486694    -0.01528042
      160    -0.01143514    -0.00303085
      161    -0.00757807     0.00783446
      162    -0.00020884     0.00727886
      163     0.00103580     0.00300059
      164    -0.00092993     0.00184595
      165    -0.00177525     0.00294538
      166    -0.00157014     0.00373237
      167    -0.00162801     0.00408856
      168    -0.00188392     0.00461931
      169    -0.00199051     0.00519594
      170    -0.00201374     0.00568095
      171    -0.00195660     0.00611587
      172    -0.00172020     0.00640025
      173    -0.00122553     0.00625629
      174    -0.00055998     0.00538197
      175    -0.00005374     0.00387883
      176     0.00017064     0.00229450
      177     0.00028191     0.00095747
      178     0.00037846    -0.00020089
      179     0.00036113    -0.00117420
      180     0.00013306    -0.00164323
      181    -0.00002168    -0.00154749
      182    -0.00000541    -0.00132362
      183     0.00003700    -0.00124612
      184     0.00006801    -0.00129631
      185     0.00009229    -0.00141879
      186     0.00011479    -0.00157055
      187     0.00013793    -0.00171225
      188     0.00016213    -0.00180732
      189     0.00018577    -0.00183166
      190     0.00020510    -0.00178045
      191     0.00021561    -0.00166319
      192     0.00021125    -0.00149247
      193     0.00018643    -0.00127636
      194     0.00013652    -0.00101804
      195     0.00006024    -0.00071793
      196    -0.00004014    -0.00037765
      197    -0.00015964    -0.00000097
      198    -0.00029292     0.00040701
      199    -0.00043803     0.00084431
      200    -0.00059732     0.00131717
      201    -0.00077260     0.00183728
      202    -0.00095730     0.00240851
      203    -0.00113353     0.00301154
      204    -0.00127379     0.00359811
      205    -0.00134694     0.00409614
      206    -0.00132690     0.00442409
      207    -0.00120336     0.00450930
      208    -0.00099258     0.00431047
      209    -0.00073914     0.00384177
      210    -0.00049277     0.00317822
      211    -0.00028734     0.00242863
      212    -0.00013407     0.00170063
      213    -0.00002950     0.00107021
      214     0.00003656     0.00057052
      215     0.00007546     0.00019571
      216     0.00009867    -0.00008462
      217     0.00011314    -0.00030919
      218     0.00012328    -0.00051118
      219     0.00013030    -0.00071361
      220     0.00013559    -0.00092929
      221     0.00014169    -0.00116997
      222     0.00015702    -0.00146093
      223     0.00017974    -0.00183124
      224     0.00018287    -0.00225096
      225     0.00013636    -0.00258085
      226     0.00007664    -0.00266784
      227     0.00006303    -0.00250988
      228     0.00008619    -0.00223488
      229     0.00011617    -0.00194959
      230     0.00014035    -0.00169440
      231     0.00015734    -0.00147602
      232     0.00016808    -0.00129190
      233     0.00017098    -0.00113626
      234     0.00015767    -0.00099275
      235     0.00011644    -0.00082832
      236     0.00003071    -0.00059549
      237    -0.00011285    -0.00023677
      238    -0.00031691     0.00029810
      239    -0.00056878     0.00103640
      240    -0.00083897     0.00196281
      241    -0.00108770     0.00300318
      242    -0.00127869     0.00403781
      243    -0.00138604     0.00494950
      244    -0.00137107     0.00563619
      245    -0.00117819     0.00595237
      246    -0.00080873     0.00571345
      247    -0.00042995     0.00490422
      248    -0.00020477     0.00382971
      249    -0.00010165     0.00283221
      250    -0.00004422     0.00202200
      251    -0.00000090     0.00137985
      252     0.00003695     0.00086572
      253     0.00006908     0.00044680
      254     0.00009367     0.00010329
      255     0.00010922    -0.00017578
      256     0.00011555    -0.00039636
      257     0.00011381    -0.00056327
      258     0.00010550    -0.00068103
      259     0.00009222    -0.00075299
      260     0.00007567    -0.00078071
      261     0.00005804    -0.00076492
      262     0.00004260    -0.00071008
      263     0.00003321    -0.00063081
      264     0.00003267    -0.00055190
      265     0.00004158    -0.00049909
      266     0.00005880    -0.00048990
      267     0.00008188    -0.00053038
      268     0.00010732    -0.00061538
      269     0.00013166    -0.00073216
      270     0.00015051    -0.00086462
      271     0.00016477    -0.00100074
      272     0.00017283    -0.00113378
      273     0.00017430    -0.00125373
      274     0.00016618    -0.00134446
      275     0.00014481    -0.00137988
      276     0.00010715    -0.00132993
      277     0.00005242    -0.00116957
      278    -0.00001891    -0.00088482
      279    -0.00010438    -0.00047273
      280    -0.00020189     0.00006404
      281    -0.00030880     0.00072695
      282    -0.00041438     0.00151735
      283    -0.00048312     0.00239306
      284    -0.00043418     0.00316182
      285    -0.00021439     0.00344248
      286     0.00004063     0.00300327
      287     0.00016072     0.00212328
      288     0.00017514     0.00124942
      289     0.00015484     0.00057133
      290     0.00012091     0.00009573
      291     0.00008129    -0.00021558
      292     0.00004530    -0.00040937
      293     0.00002026    -0.00053404
      294     0.00000701    -0.00063022
      295     0.00000243    -0.00072158
      296    -0.00000098    -0.00080680
      297    -0.00001191    -0.00085513
      298    -0.00002936    -0.00082683
      299    -0.00004226    -0.00071148
      300    -0.00004397    -0.00053954
      301    -0.00003895    -0.00035601
      302    -0.00003225    -0.00019456
      303    -0.00002291    -0.00007623
      304    -0.00000645    -0.00001727
      305     0.00002008    -0.00002898
      306     0.00005109    -0.00010540
      307     0.00007229    -0.00020984
      308     0.00007397    -0.00029044
      309     0.00005509    -0.00031171
      310     0.00001877    -0.00026060
      311    -0.00003328    -0.00013627
      312    -0.00009482     0.00005633
      313    -0.00016036     0.00030447
      314    -0.00022370     0.00059299
      315    -0.00027820     0.00089920
      316    -0.00032010     0.00119526
      317    -0.00034884     0.00145501
      318    -0.00036431     0.00166074
      319    -0.00035772     0.00179673
      320    -0.00029669     0.00181307
      321    -0.00014488     0.00159765
      322     0.00003233     0.00110039
      323     0.00011419     0.00050379
      324     0.00010963     0.00005038
      325     0.00007188    -0.00019604
      326     0.00003292    -0.00028291
      327     0.00000211    -0.00027563
      328    -0.00001621    -0.00022362
      329    -0.00002604    -0.00015602
      330    -0.00002802    -0.00008542
      331    -0.00002279    -0.00001997
      332    -0.00001187     0.00003452
      333     0.00000168     0.00007508
      334     0.00001406     0.00010291
      335     0.00002424     0.00011966
      336     0.00002978     0.00012859
      337     0.00003092     0.00013451
      338     0.00002946     0.00014161
      339     0.00002797     0.00014957
      340     0.00002707     0.00015264
      341     0.00002359     0.00014639
      342     0.00001556     0.00013433
      343     0.00000675     0.00012331
      344     0.00000018     0.00011513
      345    -0.00000361     0.00010638
      346    -0.00000134     0.00008950
      347     0.00000505     0.00005806
      348     0.00001819     0.00001064
      349     0.00004020    -0.00005915
      350     0.00007396    -0.00016022
      351     0.00012156    -0.00030387
      352     0.00018087    -0.00049652
      353     0.00024332    -0.00072953
      354     0.00029635    -0.00097460
      355     0.00032885    -0.00119159
      356     0.00033533    -0.00134370
      357     0.00031466    -0.00140867
      358     0.00027001    -0.00137990
      359     0.00020567    -0.00126219
      360     0.00012899    -0.00106437
      361     0.00004978    -0.00080155
      362    -0.00001996    -0.00049945
      363    -0.00006950    -0.00020012
      364    -0.00009614     0.00005290
      365    -0.00010363     0.00023727
      366    -0.00009695     0.00035552
      367    -0.00008039     0.00042297
      368    -0.00005870     0.00045812
      369    -0.00003357     0.00047582
      370    -0.00000601     0.00048277
      371     0.00002339     0.00047746
      372     0.00005201     0.00045076
      373     0.00007208     0.00039606
      374     0.00007751     0.00031908
      375     0.00006423     0.00024599
      376     0.00004036     0.00021209
      377     0.00001870     0.00024280
      378     0.00000788     0.00034551
      379     0.00000774     0.00050880
      380     0.00001267     0.00069852
      381     0.00001422     0.00086013
      382     0.00000804     0.00094115
      383    -0.00000327     0.00092432
      384    -0.00001278     0.00083167
      385    -0.00001421     0.00069426
      386    -0.00000052     0.00052639
      387     0.00003503     0.00032101
      388     0.00010220     0.00005479
      389     0.00021332    -0.00031006
      390     0.00038049    -0.00081927
      391     0.00060464    -0.00150868
      392     0.00085924    -0.00236519
      393     0.00108564    -0.00328492
      394     0.00121219    -0.00407349
      395     0.00120433    -0.00452693
      396     0.00109094    -0.00455915
      397     0.00092299    -0.00423723
      398     0.00072715    -0.00368971
      399     0.00051359    -0.00301706
      400     0.00029181    -0.00227960
      401     0.00008229    -0.00152063
      402    -0.00009341    -0.00079212
      403    -0.00022688    -0.00014084
      404    -0.00032153     0.00040929
      405    -0.00038389     0.00085924
      406    -0.00042009     0.00122251
      407    -0.00043487     0.00151499
      408    -0.00043553     0.00175122
      409    -0.00042902     0.00194756
      410    -0.00041621     0.00211461
      411    -0.00039496     0.00225096
      412    -0.00036746     0.00235066
      413    -0.00034340     0.00241851
      414    -0.00033520     0.00247767
      415    -0.00035056     0.00256074
      416    -0.00038864     0.00269065
      417    -0.00044041     0.00286304
      418    -0.00049220     0.00304084
      419    -0.00052716     0.00316498
      420    -0.00053682     0.00318343
      421    -0.00051549     0.00307600
      422    -0.00045943     0.00284427
      423    -0.00036522     0.00249593
      424    -0.00022876     0.00202970
      425    -0.00005019     0.00143410
      426     0.00015979     0.00070567
      427     0.00038044    -0.00012708
      428     0.00059074    -0.00099974
      429     0.00077913    -0.00183865
      430     0.00094145    -0.00259301
      431     0.00107323    -0.00324221
      432     0.00116692    -0.00378341
      433     0.00121333    -0.00421619
      434     0.00119651    -0.00452370
      435     0.00109880    -0.00465436
      436     0.00091664    -0.00453307
      437     0.00068138    -0.00411390
      438     0.00045108    -0.00344709
      439     0.00026864    -0.00267230
      440     0.00014071    -0.00193131
      441     0.00005455    -0.00130233
      442    -0.00000263    -0.00080337
      443    -0.00003997    -0.00042149
      444    -0.00006407    -0.00013294
      445    -0.00007946     0.00008624
      446    -0.00009055     0.00025682
      447    -0.00009835     0.00039391
      448    -0.00010373     0.00050438
      449    -0.00010669     0.00059095
      450    -0.00010865     0.00065562
      451    -0.00011203     0.00070551
      452    -0.00011867     0.00075192
      453    -0.00012993     0.00080677
      454    -0.00014637     0.00087987
      455    -0.00016679     0.00097569
      456    -0.00018794     0.00109061
      457    -0.00020523     0.00121340
      458    -0.00021361     0.00132861
      459    -0.00020886     0.00141935
      460    -0.00018712     0.00146580
      461    -0.00014585     0.00144186
      462    -0.00008579     0.00131829
      463    -0.00001337     0.00107508
      464     0.00006020     0.00071737
      465     0.00012355     0.00027970
      466     0.00016958    -0.00018745
      467     0.00019584    -0.00063613
      468     0.00020232    -0.00102971
      469     0.00018915    -0.00134048
      470     0.00015772    -0.00154571
      471     0.00011319    -0.00163089
      472     0.00006514    -0.00159831
      473     0.00002352    -0.00147018
      474    -0.00000663    -0.00127975
      475    -0.00002586    -0.00105816
      476    -0.00003766    -0.00082760
      477    -0.00004609    -0.00060063
      478    -0.00005550    -0.00037897
      479    -0.00007215    -0.00014792
      480    -0.00010021     0.00012431
      481    -0.00013491     0.00046828
      482    -0.00013251     0.00083826
      483    -0.00009302     0.00110738
      484    -0.00007553     0.00123666
      485    -0.00008564     0.00130096
      486    -0.00010621     0.00135669
      487    -0.00013012     0.00142489
      488    -0.00015399     0.00151263
      489    -0.00017600     0.00161850
      490    -0.00019297     0.00173359
      491    -0.00020279     0.00184070
      492    -0.00020390     0.00191494
      493    -0.00019598     0.00192427
      494    -0.00018007     0.00184272
      495    -0.00015867     0.00167365
      496    -0.00013100     0.00144876
      497    -0.00009449     0.00119698
      498    -0.00004496     0.00092474
      499     0.00001779     0.00061958
      500     0.00009223     0.00026439
      501     0.00017463    -0.00015659
      502     0.00025933    -0.00065246
      503     0.00033738    -0.00121992
      504     0.00039430    -0.00183031
      505     0.00040846    -0.00241155
      506     0.00035894    -0.00284269
      507     0.00025168    -0.00299743
      508     0.00013693    -0.00283964
      509     0.00005945    -0.00246440
      510     0.00001524    -0.00200809
      511    -0.00001815    -0.00154805
      512    -0.00005398    -0.00109752
      513    -0.00009480    -0.00064495
      514    -0.00013514    -0.00018765
      515    -0.00016841     0.00025476
      516    -0.00019064     0.00065293
      517    -0.00020291     0.00098736
      518    -0.00020841     0.00125579
      519    -0.00021130     0.00146691
      520    -0.00021455     0.00163285
      521    -0.00022121     0.00176482
      522    -0.00023250     0.00187243
      523    -0.00024700     0.00195947
      524    -0.00026107     0.00202105
      525    -0.00027021     0.00204446
      526    -0.00027136     0.00201646
      527    -0.00026380     0.00193293
      528    -0.00024866     0.00180217
      529    -0.00022682     0.00163893
      530    -0.00019800     0.00145487
      531    -0.00016019     0.00125284
      532    -0.00010952     0.00102601
      533    -0.00004125     0.00076076
      534     0.00004661     0.00044232
      535     0.00015342     0.00005916
      536     0.00027231    -0.00039417
      537     0.00038918    -0.00090621
      538     0.00048646    -0.00144203
      539     0.00055054    -0.00194732
      540     0.00057488    -0.00236409
      541     0.00056262    -0.00264854
      542     0.00052274    -0.00278499
      543     0.00046544    -0.00278339
      544     0.00039982    -0.00266996
      545     0.00033211    -0.00247556
      546     0.00026535    -0.00222637
      547     0.00020023    -0.00193959
      548     0.00013676    -0.00162435
      549     0.00007608    -0.00128695
      550     0.00001879    -0.00093517
      551    -0.00003066    -0.00058339
      552    -0.00007028    -0.00025224
      553    -0.00009942     0.00004453
      554    -0.00011860     0.00030404
      555    -0.00012895     0.00053313
      556    -0.00013159     0.00074268
      557    -0.00012730     0.00094217
      558    -0.00011623     0.00113431
      559    -0.00009853     0.00130995
      560    -0.00007644     0.00144803
      561    -0.00005664     0.00152840
      562    -0.00004685     0.00155074
      563    -0.00004857     0.00153605
      564    -0.00005221     0.00150037
      565    -0.00004197     0.00142640
      566    -0.00000514     0.00126226
      567     0.00006124     0.00094853
      568     0.00014810     0.00045818
      569     0.00023519    -0.00016853
      570     0.00029989    -0.00081956
      571     0.00032908    -0.00136108
      572     0.00033590    -0.00172434
      573     0.00033712    -0.00193275
      574     0.00034047    -0.00204208
      575     0.00034708    -0.00209620
      576     0.00035236    -0.00211492
      577     0.00035120    -0.00209760
      578     0.00034003    -0.00203623
      579     0.00031857    -0.00192550
      580     0.00028882    -0.00176868
      581     0.00025384    -0.00157663
      582     0.00021764    -0.00136590
      583     0.00017199    -0.00114545
      584     0.00011308    -0.00090702
      585     0.00003635    -0.00064212
      586    -0.00006213    -0.00033310
      587    -0.00017820     0.00003447
      588    -0.00029772     0.00045783
      589    -0.00039924     0.00090166
      590    -0.00046978     0.00130549
      591    -0.00051515     0.00162581
      592    -0.00055019     0.00186442
      593    -0.00058181     0.00205017
      594    -0.00061074     0.00220758
      595    -0.00063385     0.00234765
      596    -0.00064154     0.00246201
      597    -0.00061892     0.00252039
      598    -0.00055123     0.00247504
      599    -0.00043272     0.00227741
      600    -0.00027291     0.00190424
