#     Density Matrix: coherence Re-Im; see the manual for detail orders
        0     0.00000000     0.00000000
        1    -0.00007598    -0.00004841
        2    -0.00008353    -0.00013996
        3    -0.00000939    -0.00019178
        4     0.00007580    -0.00014407
        5    -0.00025199     0.01238939
        6    -0.00093001     0.00339532
        7    -0.00069207     0.00302762
        8     0.00027785     0.00355664
        9     0.00059140     0.00538367
       10    -0.00074791     0.00635125
       11    -0.00042074     0.00569301
       12     0.00047026     0.00780894
       13    -0.00110519     0.00810001
       14     0.00052454     0.00920269
       15    -0.00121981     0.01020600
       16     0.00033719     0.01175172
       17    -0.00102579     0.01200397
       18    -0.00066541     0.01486237
       19    -0.00000269     0.01500648
       20    -0.00157147     0.01665942
       21    -0.00110243     0.01960842
       22    -0.00037165     0.02065709
       23    -0.00162758     0.02210384
       24    -0.00272961     0.02559519
       25    -0.00242549     0.02935645
       26    -0.00217332     0.03227410
       27    -0.00316485     0.03539840
       28    -0.00488947     0.03994353
       29    -0.00632867     0.04591110
       30    -0.00727294     0.05260772
       31    -0.00846983     0.05972182
       32    -0.01109892     0.06782962
       33    -0.01639894     0.07828530
       34    -0.02572754     0.09294079
       35    -0.04074239     0.11398197
       36    -0.06273557     0.14376124
       37    -0.08953238     0.18414042
       38    -0.10943134     0.23468833
       39    -0.09911580     0.28888289
       40    -0.03652544     0.32829569
       41     0.07783431     0.31924890
       42     0.20415488     0.22414600
       43     0.26146251     0.03917662
       44     0.16954899    -0.15783447
       45    -0.05386566    -0.21619720
       46    -0.22694570    -0.04728340
       47    -0.13802751     0.19420363
       48     0.13771341     0.18898499
       49     0.20424418    -0.09440348
       50    -0.07627151    -0.20521203
       51    -0.19942867     0.08009129
       52     0.10339973     0.18295955
       53     0.14651417    -0.14149353
       54    -0.18123617    -0.08042340
       55     0.01503283     0.19287596
       56     0.13849743    -0.11872785
       57    -0.17552791    -0.01088188
       58     0.12510499     0.11345894
       59    -0.05609203    -0.14529840
       60     0.00552280     0.15457312
       61     0.01496595    -0.13861727
       62    -0.00890995     0.14160836
       63    -0.02307997    -0.12298760
       64     0.07023430     0.11077744
       65    -0.11527584    -0.02612454
       66     0.09756857    -0.03661041
       67     0.00996244     0.11059443
       68    -0.09883531    -0.02757130
       69     0.05694320    -0.08307192
       70     0.06582823     0.07535408
       71     0.00000000     0.00000000
       72    -0.00033390    -0.00139522
       73     0.00054510    -0.00236385
       74     0.00060465    -0.00269675
       75     0.00004488    -0.00506110
       76     0.00130608    -0.00960353
       77     0.00263690    -0.01568571
       78     0.00044872    -0.02070758
       79    -0.00157507    -0.02041616
       80     0.00040516    -0.01790416
       81    -0.00073549    -0.01762412
       82     0.00123240    -0.01770995
       83     0.00131035    -0.02123739
       84     0.00203208    -0.02388882
       85     0.00604213    -0.02965572
       86     0.01358001    -0.04010892
       87     0.03416312    -0.05586186
       88     0.17173581    -0.08246467
       89     0.18275909    -0.12101277
       90     0.01817790    -0.14783333
       91    -0.10080090    -0.12050298
       92    -0.17522603     0.00075893
       93    -0.10537025     0.15458921
       94     0.08928089     0.16403427
       95     0.17675747    -0.03140538
       96     0.00330841    -0.17437409
       97    -0.17078359    -0.02382907
       98    -0.03430424     0.16601442
       99     0.16083594     0.03450280
      100     0.02492727    -0.15665478
      101    -0.15473483    -0.00844446
      102     0.00927606     0.15126384
      103     0.13908472    -0.02942848
      104    -0.05681447    -0.12186183
      105    -0.10657813     0.08247173
      106     0.09561897     0.08624684
      107     0.05522187    -0.10337276
      108    -0.11176787    -0.02396695
      109    -0.00018055     0.11245577
      110     0.10324451    -0.02101612
      111    -0.04025284    -0.09164084
      112     0.00000000     0.00000000
      113     0.00171268    -0.00153810
      114     0.00134137    -0.00450358
      115    -0.00004134    -0.00543183
      116     0.00074449    -0.00567763
      117     0.00220127    -0.00816026
      118     0.00152135    -0.01133057
      119     0.00002695    -0.01239672
      120     0.00024941    -0.01235648
      121     0.00116552    -0.01349640
      122     0.00022487    -0.01480167
      123    -0.00201326    -0.01346872
      124    -0.00271769    -0.00966037
      125    -0.00162696    -0.00633032
      126    -0.00151726    -0.00420426
      127    -0.00302042    -0.00070120
      128    -0.00317903     0.00462865
      129    -0.00136475     0.00842204
      130    -0.00099754     0.01001374
      131    -0.00226232     0.01288364
      132    -0.00131878     0.01651985
      133     0.00067756     0.01684588
      134    -0.00017303     0.01596402
      135    -0.00059375     0.01725882
      136     0.00147581     0.01634756
      137     0.00066620     0.01340111
      138    -0.00022817     0.01366930
      139     0.00171165     0.01179519
      140     0.00001556     0.00912081
      141     0.00041262     0.00973247
      142     0.00121987     0.00652182
      143    -0.00061473     0.00645670
      144     0.00145717     0.00530784
      145    -0.00047953     0.00337475
      146     0.00064935     0.00430686
      147     0.00048217     0.00152462
      148    -0.00071028     0.00283375
      149     0.00103427     0.00210207
      150    -0.00109952     0.00166677
      151    -0.00215104     0.00547173
      152    -0.00328375     0.00976836
      153    -0.01117665     0.01955863
      154    -0.03139326     0.04423653
      155    -0.07444375     0.09438656
      156    -0.12876380     0.17918575
      157    -0.10616379     0.28220039
      158     0.06759633     0.30847709
      159     0.26116078     0.10611694
      160     0.13396649    -0.21307811
      161    -0.22416474    -0.11148893
      162    -0.04836956     0.24458180
      163     0.22970571    -0.06368395
      164    -0.17942023    -0.13721409
      165     0.02642541     0.21138347
      166     0.10334607    -0.16607387
      167    -0.16828319     0.07742905
      168     0.16859173     0.02575324
      169    -0.12825450    -0.09086525
      170     0.06027664     0.14295117
      171     0.01371776    -0.13382759
      172    -0.08129742     0.11547932
      173     0.11994927    -0.03470625
      174    -0.11782694    -0.02556895
      175     0.06582599     0.10461610
      176     0.01576931    -0.10140122
      177    -0.08600831     0.06916795
      178     0.09759273     0.03233910
      179     0.00000000     0.00000000
      180    -0.00386309     0.00780896
      181     0.00584703     0.00536691
      182     0.00089629    -0.00415885
      183    -0.00445548     0.00171904
      184     0.00427444     0.00273312
      185     0.00481033    -0.00796356
      186    -0.00381489    -0.00850947
      187    -0.00150513    -0.00195726
      188     0.00587678    -0.00638990
      189     0.00166199    -0.01424387
      190    -0.00589810    -0.00991126
      191    -0.00203248    -0.00202153
      192     0.00441102    -0.00490611
      193    -0.00046524    -0.00954089
      194    -0.00697555    -0.00238618
      195    -0.00156166     0.00601976
      196     0.00449179     0.00225399
      197    -0.00165635    -0.00141307
      198    -0.00650225     0.00701480
      199     0.00082980     0.01279882
      200     0.00450397     0.00648795
      201    -0.00326266     0.00477885
      202    -0.00519980     0.01370770
      203     0.00306436     0.01579293
      204     0.00410331     0.00813712
      205    -0.00391603     0.00783796
      206    -0.00448162     0.01607449
      207     0.00338607     0.01707842
      208     0.00474834     0.00958540
      209    -0.00244402     0.00755055
      210    -0.00550473     0.01419842
      211     0.00009714     0.01846136
      212     0.00513450     0.01447861
      213     0.00236956     0.00910861
      214    -0.00461825     0.01032806
      215    -0.00891156     0.01791580
      216    -0.00931594     0.02693174
      217    -0.01088961     0.03528339
      218    -0.02179994     0.04630553
      219    -0.05714658     0.06724986
      220    -0.16771674     0.10886114
      221    -0.42342552     0.18351472
      222    -0.34663018     0.29120293
      223    -0.07544071     0.38034226
      224     0.24812359     0.31275852
      225     0.42845252    -0.07219529
      226     0.02996005    -0.46019235
      227    -0.47176776     0.02905387
      228     0.27226234     0.41231904
      229     0.05819419    -0.48612626
      230    -0.21003605     0.40075932
      231     0.18727757    -0.30844198
      232    -0.08677831     0.30656400
      233    -0.05411587    -0.22770949
      234     0.16517271     0.12667314
      235    -0.16044451     0.05565165
      236     0.03115388    -0.13293438
      237     0.09586209     0.07509423
      238    -0.08986473     0.05627835
      239     0.00000000     0.00000000
      240     0.00084946    -0.00039103
      241     0.00000933    -0.00104637
      242     0.00012073    -0.00362660
      243     0.00119787    -0.00501505
      244     0.00026580    -0.00742848
      245     0.00107688    -0.01111923
      246     0.00024495    -0.01193006
      247    -0.00026262    -0.01338794
      248    -0.00044476    -0.01109619
      249    -0.00024164    -0.01110698
      250    -0.00060759    -0.00912785
      251     0.00050300    -0.00944053
      252    -0.00052707    -0.00940183
      253     0.00038145    -0.00885729
      254     0.00062631    -0.01037366
      255    -0.00029627    -0.01057671
      256     0.00045380    -0.01047511
      257     0.00128579    -0.01213177
      258     0.00099972    -0.01400050
      259     0.00122225    -0.01542363
      260     0.00288756    -0.01789141
      261     0.00553466    -0.02254121
      262     0.00918788    -0.02958881
      263     0.01537750    -0.03949802
      264     0.02741144    -0.05374476
      265     0.05153209    -0.07489816
      266     0.09980426    -0.10649158
      267     0.19210674    -0.15259581
      268     0.32590704    -0.21630554
      269     0.39095036    -0.29702390
      270     0.30818131    -0.38418750
      271     0.13327768    -0.45488113
      272    -0.09899203    -0.46107863
      273    -0.34522211    -0.33209418
      274    -0.48491945    -0.02531631
      275    -0.33614473     0.35064544
      276     0.12056981     0.45821584
      277     0.43836890     0.04701552
      278     0.09690577    -0.38165184
      279    -0.35103693    -0.06271941
      280     0.01367187     0.31805074
      281     0.23334866    -0.11938524
      282    -0.21205983    -0.08488452
      283     0.08515892     0.18714327
      284     0.01565952    -0.16658892
      285    -0.07042642     0.14443529
      286     0.09029634    -0.09278563
      287    -0.09877823     0.08390561
      288     0.09921450    -0.04179931
      289    -0.09962109     0.03500045
      290     0.00000000     0.00000000
      291    -0.00078009     0.00898679
      292     0.00484301    -0.00189396
      293    -0.00536575     0.00030965
      294     0.00180619     0.00604293
      295     0.00198605     0.00008806
      296    -0.01320062     0.00627621
      297    -0.04623677     0.03384107
      298    -0.14575676     0.09373573
      299    -0.25476032     0.19885927
      300    -0.28670749     0.32246202
      301    -0.18243832     0.44075756
      302     0.06679673     0.47845884
      303     0.34990543     0.32481622
      304     0.46321353    -0.01503580
      305     0.25124329    -0.37190182
      306    -0.25560862    -0.36631888
      307    -0.41525782     0.18899395
      308     0.18794372     0.41278147
      309     0.35473422    -0.25230156
      310    -0.34611292    -0.23143373
      311    -0.05040965     0.39223480
      312     0.31934248    -0.14676281
      313    -0.28258848    -0.13668780
      314     0.06687848     0.27576233
      315     0.13096966    -0.19730760
      316    -0.21018841     0.04862606
      317     0.15478634     0.11397177
      318    -0.02100916    -0.16285654
      319    -0.10567433     0.11614188
      320     0.13703440     0.02377712
      321    -0.05273186    -0.11070666
      322    -0.07513788     0.09849983
      323     0.10254002     0.04104997
      324     0.00000000     0.00000000
      325    -0.01188192     0.01312547
      326    -0.00124555     0.02586941
      327     0.00683550     0.01960258
      328    -0.00370504     0.01573507
      329    -0.01836396     0.02965996
      330    -0.02474701     0.05398002
      331    -0.02762719     0.07909306
      332    -0.03808111     0.10600876
      333    -0.06072963     0.14213917
      334    -0.08469986     0.19230848
      335    -0.07922212     0.25007701
      336    -0.01165703     0.28693889
      337     0.10909097     0.24773624
      338     0.19218962     0.09127779
      339     0.10317193    -0.09790117
      340    -0.11693044    -0.08279242
      341    -0.11143187     0.14980848
      342     0.14443247     0.10093951
      343     0.00683663    -0.14070787
      344    -0.11603316     0.10911485
      345     0.14191262    -0.00051370
      346    -0.12834877    -0.02712902
      347     0.11406156     0.05524377
      348    -0.11130563    -0.02108498
      349     0.10344401     0.00592310
      350    -0.08507885     0.06554802
      351     0.00000000     0.00000000
      352     0.01111004     0.03901328
      353    -0.01601315     0.00983855
      354     0.02033354    -0.00172544
      355    -0.00705460     0.02073455
      356    -0.00654958    -0.01978623
      357     0.01747209     0.00934361
      358    -0.02032848    -0.00377516
      359     0.01983408    -0.00770667
      360    -0.01967805     0.00426516
      361     0.01979637    -0.00389920
      362    -0.02033040    -0.00585422
      363     0.00875746     0.02131032
      364     0.00652594    -0.01107677
      365    -0.02291253     0.01144553
      366     0.00244847     0.03610383
      367     0.01915485     0.01145455
      368    -0.00566718    -0.00213482
      369    -0.01797667     0.02069899
      370     0.00508235     0.03273357
      371     0.02182651     0.01023338
      372     0.00532007    -0.01149427
      373    -0.01675053    -0.00217612
      374    -0.01146231     0.01927920
      375     0.01231254     0.01908055
      376     0.02295055    -0.00429393
      377     0.00975812    -0.02462718
      378    -0.00924305    -0.02439517
      379    -0.01354378    -0.01122437
      380    -0.00062901    -0.00345810
      381     0.01735012    -0.01088890
      382     0.02785806    -0.03004987
      383     0.02691474    -0.05137798
      384     0.01881287    -0.06753129
      385     0.01115210    -0.07694071
      386     0.01014849    -0.08278646
      387     0.01835569    -0.09006441
      388     0.03450753    -0.10304320
      389     0.05422337    -0.12394352
      390     0.07079002    -0.15252557
      391     0.07611133    -0.18588327
      392     0.06236068    -0.21793675
      393     0.02473530    -0.23875234
      394    -0.03457350    -0.23492538
      395    -0.10224630    -0.19321176
      396    -0.15238693    -0.10875128
      397    -0.15234086     0.00315404
      398    -0.08186076     0.09851998
      399     0.03595917     0.11745741
      400     0.12145304     0.03456980
      401     0.09138347    -0.08519211
      402    -0.03827083    -0.11525881
      403    -0.12839051    -0.00512663
      404    -0.06455250     0.12400008
      405     0.07256185     0.11039449
      406     0.00000000     0.00000000
      407    -0.03086321     0.02337466
      408    -0.01741363     0.06194853
      409     0.02270082     0.05728621
      410     0.02351593     0.01605424
      411    -0.01797093     0.01117411
      412    -0.02027724     0.05237441
      413     0.02603010     0.04658978
      414     0.01081487    -0.00300798
      415    -0.02931498     0.02899289
      416     0.02287569     0.04313128
      417    -0.00870876    -0.00342215
      418    -0.01271237     0.07023600
      419     0.00068748     0.03355234
      420     0.03074682     0.04063580
      421    -0.03117279     0.01303082
      422     0.01094116    -0.02576917
      423     0.03022190     0.01653947
      424    -0.00501767     0.03498124
      425    -0.02964806     0.01589201
      426    -0.03192679    -0.00531526
      427    -0.02739151    -0.01654225
      428    -0.02412166    -0.02118985
      429    -0.02156326    -0.02412067
      430    -0.01577762    -0.02849899
      431    -0.00156039    -0.03255307
      432     0.02161568    -0.02382674
      433     0.03131211     0.01104431
      434    -0.00587770     0.04029744
      435    -0.03844134     0.02317666
      436     0.02497586     0.02145867
      437    -0.00028692     0.05799022
      438    -0.00166087    -0.00999386
      439    -0.00123963     0.04965568
      440     0.01556055    -0.01121515
      441    -0.02762377     0.02657551
      442     0.02931981     0.02542538
      443     0.00055922    -0.02324607
      444    -0.02672087     0.01589119
      445     0.01999149     0.02578497
      446     0.02718921    -0.02398865
      447    -0.01634514    -0.03357064
      448    -0.02543299     0.00400458
      449     0.01068169     0.01636592
      450     0.03157466    -0.01546385
      451     0.00892953    -0.04415335
      452    -0.02491615    -0.03357819
      453    -0.02998798     0.00091467
      454    -0.00456830     0.02136376
      455     0.02135944     0.01125013
      456     0.02130780    -0.01291734
      457    -0.00450158    -0.02260370
      458    -0.03341642    -0.00357601
      459    -0.04107580     0.03399697
      460    -0.02027104     0.06484622
      461     0.01400166     0.06784482
      462     0.03550986     0.04198157
      463     0.02680103     0.00859231
      464    -0.00464625    -0.00352478
      465    -0.02806004     0.01654710
      466    -0.01557811     0.04517003
      467     0.02218533     0.04128660
      468     0.03515300    -0.00166733
      469    -0.00212545    -0.02869253
      470    -0.03128596     0.00369259
      471     0.00641113     0.03101637
      472     0.03307539    -0.01550592
      473    -0.01896950    -0.03388054
      474    -0.01456164     0.02072504
      475     0.03403428    -0.01437011
      476    -0.02426639    -0.03470126
      477     0.00491108     0.01968760
      478     0.01405070    -0.04502520
      479    -0.02441332     0.00766823
      480     0.02913349    -0.03200207
      481    -0.02957748     0.00011656
      482     0.02646604    -0.03713055
      483    -0.01351780     0.01058128
      484    -0.00149806    -0.06948136
      485     0.02185735     0.01011807
      486    -0.03396243     0.00973306
      487     0.00040940    -0.03663360
      488     0.03315006     0.01293593
      489    -0.02282032     0.02789031
      490    -0.02073937    -0.02838872
      491     0.03274392    -0.01285641
      492     0.00759594     0.03625053
      493    -0.03561438     0.00135184
      494     0.01001529    -0.03337172
      495     0.02770751     0.02344828
      496    -0.03380231     0.01400568
      497     0.01160137    -0.03060079
      498     0.01186492     0.03863682
      499    -0.02867710    -0.01434860
      500     0.03167994     0.02555857
      501    -0.03987638     0.01937068
      502     0.03211858     0.04120849
      503    -0.02717755     0.02336343
      504     0.02925654     0.03930897
      505    -0.01673048    -0.00722079
      506    -0.00205956     0.05165651
      507     0.02279362    -0.00148691
      508    -0.03214213     0.01804516
      509     0.01586460     0.04951433
      510     0.01564143    -0.00706145
      511    -0.03116710     0.02068667
      512     0.01738597     0.04525012
      513     0.01786956    -0.01224480
      514    -0.03065330     0.01080717
      515     0.01502849     0.03862542
      516     0.02050177    -0.01870376
      517    -0.03024575    -0.00116091
      518     0.01013065     0.03233586
      519     0.02640401    -0.02162752
      520    -0.02584870    -0.02081874
      521    -0.00526355     0.02295644
      522     0.03435491    -0.01233618
      523    -0.00315867    -0.04788381
      524    -0.02840144    -0.01137519
      525     0.01268759     0.00624331
      526     0.03106467    -0.03753613
      527    -0.01098496    -0.05716941
      528    -0.03173074    -0.01593801
      529     0.00714658     0.00731040
      530     0.02920183    -0.02871087
      531    -0.00907048    -0.04914197
      532    -0.03306232    -0.00825190
      533     0.00437064     0.01942803
      534     0.02765951    -0.01457580
      535    -0.01163652    -0.03260597
      536    -0.02940974     0.01234952
      537     0.01766596     0.02600880
      538     0.02074154    -0.02399370
      539    -0.02907303    -0.01142559
      540     0.00569163     0.02873598
      541     0.02209757    -0.02656580
      542    -0.03067845    -0.00237658
      543     0.02926578     0.00612233
      544    -0.02384769    -0.02826585
      545     0.02663712     0.00660788
      546    -0.02889985    -0.02332567
      547     0.03134675    -0.05508629
      548     0.01230491     0.00398799
      549    -0.03558091     0.01985258
      550    -0.04113089    -0.01746130
      551    -0.02084569    -0.03922116
      552    -0.00285131    -0.04396658
      553     0.00434441    -0.04385450
      554     0.00252486    -0.04423962
      555    -0.00373746    -0.04435786
      556    -0.00859962    -0.04358125
      557    -0.00655261    -0.04363194
      558     0.00662902    -0.04332356
      559     0.03002210    -0.03174433
      560     0.04357199     0.00425519
      561     0.01222663     0.04203457
      562    -0.04019573     0.01673726
      563    -0.01171417    -0.04342780
      564     0.03746530     0.02466186
      565    -0.02492387     0.03149821
      566     0.01107746    -0.02393497
      567    -0.00705855     0.04230212
      568     0.01202894    -0.02269377
      569    -0.02382277     0.03427362
      570     0.03334425     0.00309348
      571    -0.02897045    -0.00806301
      572     0.00280921     0.04476450
      573     0.02755866    -0.00865985
      574    -0.02992650    -0.00538850
      575    -0.00764495     0.04629386
      576     0.03322950     0.01339353
      577    -0.00720599    -0.01747460
      578    -0.03476882     0.02689725
      579     0.00671031     0.05435887
      580     0.03181870     0.01722415
      581    -0.00462081    -0.00781367
      582    -0.03461175     0.02615351
      583    -0.00614540     0.06080409
      584     0.03341535     0.03834044
      585     0.02084753    -0.00586295
      586    -0.02144317    -0.00466644
      587    -0.02504652     0.03335509
      588     0.01509884     0.04197459
      589     0.03861638     0.00283325
      590     0.01530823    -0.03422288
      591    -0.01959633    -0.03048344
      592    -0.02350086    -0.00346992
      593     0.00520622     0.00769289
      594     0.03939179    -0.01340977
      595     0.05665752    -0.05556171
      596     0.05325880    -0.09936169
      597     0.03742696    -0.13231064
      598     0.01818323    -0.15105667
      599    -0.00049378    -0.15678893
      600    -0.01904800    -0.15058041
