#    Step     Kinetic(H)     Potential(H)   Total(H)       E(0)(H)        E(1)(H)        
        0     0.00365584    -6.14875353    -6.14509769    -6.41373309    -6.14875353
        1     0.00195788    -6.14703169    -6.14507381    -6.41362442    -6.14703169
        2     0.00193160    -6.14700984    -6.14507824    -6.41427357    -6.14700984
        3     0.00351022    -6.14862065    -6.14511043    -6.41555987    -6.14862065
        4     0.00620378    -6.15136368    -6.14515990    -6.41700130    -6.15136368
        5     0.00926142    -6.15447099    -6.14520957    -6.41791728    -6.15447099
        6     0.01193641    -6.15717694    -6.14524053    -6.41768510    -6.15717694
        7     0.01376608    -6.15900634    -6.14524026    -6.41600719    -6.15900634
        8     0.01474456    -6.15995670    -6.14521214    -6.41306962    -6.15995670
        9     0.01526378    -6.16044128    -6.14517750    -6.40946533    -6.16044128
       10     0.01580118    -6.16096407    -6.14516289    -6.40585737    -6.16096407
       11     0.01937530    -6.13723457    -6.11785927    -6.39786357    -6.13723457
       12     0.02747415    -6.14542664    -6.11795249    -6.39475310    -6.14542664
       13     0.03670779    -6.15474377    -6.11803598    -6.39085554    -6.15474377
       14     0.04570711    -6.16380802    -6.11810091    -6.38559605    -6.16380802
       15     0.05336045    -6.17149931    -6.11813886    -6.37853889    -6.17149931
       16     0.05896735    -6.17711297    -6.11814562    -6.36953721    -6.17711297
       17     0.06232440    -6.18044559    -6.11812119    -6.35881019    -6.18044559
       18     0.06372538    -6.18179931    -6.11807393    -6.34695421    -6.18179931
       19     0.06382598    -6.18184834    -6.11802236    -6.33482608    -6.18184834
       20     0.06336179    -6.18135000    -6.11798821    -6.32327462    -6.18135000
       21     0.06283430    -6.18081541    -6.11798111    -6.31283214    -6.18081541
       22     0.06233692    -6.18033663    -6.11799971    -6.30355919    -6.18033663
       23     0.06159310    -6.17962215    -6.11802905    -6.29509451    -6.17962215
       24     0.06017893    -6.17822653    -6.11804760    -6.28689900    -6.17822653
       25     0.05782368    -6.17586523    -6.11804155    -6.27858350    -6.17586523
       26     0.05460753    -6.17262094    -6.11801341    -6.27012437    -6.17262094
       27     0.05092231    -6.16890271    -6.11798040    -6.26182760    -6.16890271
       28     0.04723149    -6.16519161    -6.11796012    -6.25407595    -6.16519161
       29     0.04381870    -6.16177691    -6.11795821    -6.24706493    -6.16177691
       30     0.04070484    -6.15867145    -6.11796661    -6.24071764    -6.15867145
       31     0.03775208    -6.15572569    -6.11797361    -6.23479870    -6.15572569
       32     0.03483320    -6.15280534    -6.11797214    -6.22909249    -6.15280534
       33     0.03195027    -6.14991036    -6.11796009    -6.22352310    -6.14991036
       34     0.02927590    -6.14721420    -6.11793830    -6.21819453    -6.14721420
       35     0.02713244    -6.14504452    -6.11791208    -6.21337281    -6.14504452
       36     0.02589649    -6.14379061    -6.11789412    -6.20939483    -6.14379061
       37     0.02580897    -6.14370929    -6.11790032    -6.20647642    -6.14370929
       38     0.02675507    -6.14469320    -6.11793813    -6.20448162    -6.14469320
       39     0.02818081    -6.14617644    -6.11799563    -6.20282816    -6.14617644
       40     0.02927779    -6.14732282    -6.11804503    -6.20067451    -6.14732282
       41     0.02937276    -6.14743339    -6.11806063    -6.19732757    -6.14743339
       42     0.02829197    -6.14632634    -6.11803437    -6.19262629    -6.14632634
       43     0.02647232    -6.14445247    -6.11798015    -6.18706356    -6.14445247
       44     0.02474898    -6.14267579    -6.11792681    -6.18157364    -6.14267579
       45     0.02393652    -6.14183841    -6.11790189    -6.17710044    -6.14183841
       46     0.02443193    -6.14234822    -6.11791629    -6.17418313    -6.14234822
       47     0.02605395    -6.14401357    -6.11795962    -6.17278022    -6.14401357
       48     0.02818910    -6.14619700    -6.11800790    -6.17240241    -6.14619700
       49     0.03013213    -6.14817114    -6.11803901    -6.17243427    -6.14817114
       50     0.03140978    -6.14945281    -6.11804303    -6.17242553    -6.14945281
       51     0.03193214    -6.14995640    -6.11802426    -6.17221518    -6.14995640
       52     0.03195737    -6.14994976    -6.11799239    -6.17189686    -6.14994976
       53     0.03196426    -6.14991901    -6.11795475    -6.17173121    -6.14991901
       54     0.03253779    -6.15045337    -6.11791558    -6.17208457    -6.15045337
       55     0.03429544    -6.15217457    -6.11787913    -6.17339185    -6.15217457
       56     0.03779879    -6.15565404    -6.11785525    -6.17608420    -6.15565404
       57     0.04340006    -6.16125672    -6.11785666    -6.18042837    -6.16125672
       58     0.05106216    -6.16895106    -6.11788890    -6.18632843    -6.16895106
       59     0.06028829    -6.17823012    -6.11794183    -6.19323749    -6.17823012
       60     0.07027078    -6.18826338    -6.11799260    -6.20030181    -6.18826338
       61     0.08021560    -6.19823550    -6.11801990    -6.20669628    -6.19823550
       62     0.08965604    -6.20767300    -6.11801696    -6.21195205    -6.20767300
       63     0.09690875    -6.21662433    -6.11971558    -6.21662433    -6.21602094
       64     0.10530651    -6.22516083    -6.11985432    -6.22516083    -6.21951728
       65     0.11410063    -6.23394491    -6.11984428    -6.23394491    -6.22259049
       66     0.12327434    -6.24312334    -6.11984900    -6.24312334    -6.22544302
       67     0.13282369    -6.25268434    -6.11986065    -6.25268434    -6.22797503
       68     0.14265749    -6.26252778    -6.11987029    -6.26252778    -6.22990809
       69     0.15271027    -6.27258405    -6.11987378    -6.27258405    -6.23089254
       70     0.16299533    -6.28286792    -6.11987259    -6.28286792    -6.23056469
       71     0.17358233    -6.29346021    -6.11987788    -6.29346021    -6.22854734
       72     0.18451017    -6.30440629    -6.11989612    -6.30440629    -6.22437952
       73     0.19566603    -6.31560640    -6.11994037    -6.31560640    -6.21745932
       74     0.20660797    -6.32663722    -6.12002925    -6.32663722    -6.20696546
       75     0.21633392    -6.33650835    -6.12017443    -6.33650835    -6.19183781
       76     0.22333726    -6.34360401    -6.12026675    -6.34360401    -6.17111776
       77     0.22845727    -6.34857763    -6.12012036    -6.34857763    -6.14378660
       78     0.22762923    -6.34768413    -6.12005490    -6.34768413    -6.11212061
       79     0.21617842    -6.33612134    -6.11994292    -6.33612134    -6.07273556
       80     0.19710684    -6.31676681    -6.11965997    -6.31676681    -6.02499399
       81     0.17560090    -6.29480938    -6.11920848    -6.29480938    -5.97632593
       82     0.15886214    -6.27764289    -6.11878075    -6.27764289    -5.93914367
       83     0.15329260    -6.27191750    -6.11862490    -6.27191750    -5.92572507
       84     0.16111048    -6.27995385    -6.11884337    -6.27995385    -5.94088098
       85     0.17896369    -6.29827083    -6.11930714    -6.29827083    -5.97857291
       86     0.19969197    -6.31945787    -6.11976590    -6.31945787    -6.02645356
       87     0.21576474    -6.33583882    -6.12007408    -6.33583882    -6.07354800
       88     0.22225807    -6.34215690    -6.11989883    -6.34215690    -6.11598988
       89     0.22096724    -6.34062587    -6.11965863    -6.34062587    -6.15281360
       90     0.21516584    -6.33473917    -6.11957333    -6.33473917    -6.18083486
       91     0.20581260    -6.32523330    -6.11942070    -6.32523330    -6.20082108
       92     0.19450590    -6.31384665    -6.11934075    -6.31384665    -6.21415749
       93     0.18218056    -6.30148547    -6.11930491    -6.30148547    -6.22204903
       94     0.16919805    -6.28846956    -6.11927151    -6.28846956    -6.22544772
       95     0.15588264    -6.27510948    -6.11922684    -6.27510948    -6.22536147
       96     0.14274542    -6.26192529    -6.11917987    -6.26192529    -6.22295260
       97     0.13037380    -6.24951899    -6.11914519    -6.24951899    -6.21936766
       98     0.11922889    -6.23835691    -6.11912802    -6.23835691    -6.21550877
       99     0.10955011    -6.22867347    -6.11912336    -6.22867347    -6.21193342
      100     0.10139089    -6.22051349    -6.11912260    -6.22051349    -6.20888148
      101     0.09476004    -6.21386545    -6.11910541    -6.21386545    -6.20633184
      102     0.08491780    -6.20395760    -6.11903980    -6.20894578    -6.20395760
      103     0.08225417    -6.20131538    -6.11906121    -6.20576332    -6.20131538
      104     0.07955832    -6.19860490    -6.11904658    -6.20397808    -6.19860490
      105     0.07667246    -6.19574599    -6.11907353    -6.20265531    -6.19574599
      106     0.07316928    -6.19228131    -6.11911203    -6.20077121    -6.19228131
      107     0.06853831    -6.18766188    -6.11912357    -6.19759034    -6.18766188
      108     0.06266573    -6.18176614    -6.11910041    -6.19294766    -6.18176614
      109     0.05594379    -6.17500716    -6.11906337    -6.18725177    -6.17500716
      110     0.04900875    -6.16803804    -6.11902929    -6.18114867    -6.16803804
      111     0.04250705    -6.16149781    -6.11899076    -6.17525580    -6.16149781
      112     0.03712452    -6.15606779    -6.11894327    -6.17022577    -6.15606779
      113     0.03356717    -6.15248249    -6.11891532    -6.16677585    -6.15248249
      114     0.03217913    -6.15111991    -6.11894078    -6.16529958    -6.15111991
      115     0.03254323    -6.15155335    -6.11901012    -6.16543517    -6.15155335
      116     0.03362492    -6.15270298    -6.11907806    -6.16622412    -6.15270298
      117     0.03437125    -6.15348294    -6.11911169    -6.16675390    -6.15348294
      118     0.03418968    -6.15329856    -6.11910888    -6.16663092    -6.15329856
      119     0.03302244    -6.15210562    -6.11908318    -6.16598337    -6.15210562
      120     0.04616192    -6.16520953    -6.11904761    -6.16520953    -6.15022845
      121     0.04730672    -6.16635106    -6.11904434    -6.16635106    -6.14800456
      122     0.04972631    -6.16878312    -6.11905681    -6.16878312    -6.14551949
      123     0.05324384    -6.17233611    -6.11909227    -6.17233611    -6.14315981
      124     0.05734252    -6.17648754    -6.11914502    -6.17648754    -6.14085698
      125     0.06132662    -6.18050891    -6.11918229    -6.18050891    -6.13825604
      126     0.06476435    -6.18393744    -6.11917309    -6.18393744    -6.13521410
      127     0.06786213    -6.18698887    -6.11912674    -6.18698887    -6.13222925
      128     0.07129042    -6.19038674    -6.11909632    -6.19038674    -6.13028073
      129     0.07546988    -6.19459822    -6.11912834    -6.19459822    -6.13006445
      130     0.07996275    -6.19917676    -6.11921401    -6.19917676    -6.13132153
      131     0.08357007    -6.20287430    -6.11930423    -6.20287430    -6.13293348
      132     0.08499929    -6.20435418    -6.11935489    -6.20435418    -6.13362646
      133     0.08352330    -6.20286929    -6.11934599    -6.20286929    -6.13265188
      134     0.07931901    -6.19859372    -6.11927471    -6.19859372    -6.13012695
      135     0.07350599    -6.19266339    -6.11915740    -6.19266339    -6.12708395
      136     0.06786077    -6.18690082    -6.11904005    -6.18690082    -6.12520087
      137     0.06412217    -6.18310413    -6.11898196    -6.18310413    -6.12609326
      138     0.06316646    -6.18217236    -6.11900590    -6.18217236    -6.13044400
      139     0.06468471    -6.18376096    -6.11907625    -6.18376096    -6.13766980
      140     0.06763499    -6.18677298    -6.11913799    -6.18677298    -6.14642945
      141     0.07100035    -6.19016591    -6.11916556    -6.19016591    -6.15545029
      142     0.07421615    -6.19338482    -6.11916867    -6.19338482    -6.16398293
      143     0.07712200    -6.19628748    -6.11916548    -6.19628748    -6.17174781
      144     0.07977266    -6.19892598    -6.11915332    -6.19892598    -6.17873224
      145     0.08247597    -6.20158551    -6.11910954    -6.20158551    -6.18522592
      146     0.08602943    -6.20505819    -6.11902876    -6.20505819    -6.19205248
      147     0.09169209    -6.21064238    -6.11895029    -6.21064238    -6.20044666
      148     0.09223300    -6.21115285    -6.11891985    -6.21952977    -6.21115285
      149     0.10505901    -6.22409190    -6.11903289    -6.23083984    -6.22409190
      150     0.11905854    -6.23828691    -6.11922837    -6.24351251    -6.23828691
      151     0.13167432    -6.25104303    -6.11936871    -6.25630608    -6.25104303
      152     0.14106285    -6.26042392    -6.11936107    -6.26794871    -6.26042392
      153     0.14678685    -6.26615288    -6.11936603    -6.27688561    -6.26615288
      154     0.14881690    -6.26819920    -6.11938230    -6.28217447    -6.26819920
      155     0.14705870    -6.26645949    -6.11940079    -6.28323770    -6.26645949
      156     0.14143963    -6.26084582    -6.11940619    -6.27962398    -6.26084582
      157     0.13210520    -6.25148468    -6.11937948    -6.27113331    -6.25148468
      158     0.11967337    -6.23897981    -6.11930644    -6.25812056    -6.23897981
      159     0.10540571    -6.22459653    -6.11919082    -6.24178178    -6.22459653
      160     0.09112430    -6.21019071    -6.11906641    -6.22424814    -6.21019071
      161     0.07872230    -6.19771926    -6.11899696    -6.20839830    -6.19771926
      162     0.06951828    -6.18848429    -6.11896601    -6.19725484    -6.18848429
      163     0.07319535    -6.19210720    -6.11891185    -6.19210720    -6.18346250
      164     0.07454730    -6.19373685    -6.11918955    -6.19373685    -6.17964068
      165     0.08092066    -6.20028885    -6.11936819    -6.20028885    -6.17732281
      166     0.08956770    -6.20902395    -6.11945625    -6.20902395    -6.17537633
      167     0.09909740    -6.21854862    -6.11945122    -6.21854862    -6.17302008
      168     0.10938576    -6.22879652    -6.11941076    -6.22879652    -6.17065653
      169     0.12077239    -6.24018311    -6.11941072    -6.24018311    -6.16916466
      170     0.13306121    -6.25252306    -6.11946185    -6.25252306    -6.16878381
      171     0.14534000    -6.26486013    -6.11952013    -6.26486013    -6.16892446
      172     0.15657551    -6.27613169    -6.11955618    -6.27613169    -6.16884435
      173     0.16606214    -6.28564149    -6.11957935    -6.28564149    -6.16813628
      174     0.17338103    -6.29298344    -6.11960241    -6.29298344    -6.16666910
      175     0.17825975    -6.29787800    -6.11961825    -6.29787800    -6.16443135
      176     0.18057444    -6.30019305    -6.11961861    -6.30019305    -6.16154731
      177     0.18040701    -6.30000954    -6.11960253    -6.30000954    -6.15830472
      178     0.17804142    -6.29761281    -6.11957139    -6.29761281    -6.15505450
      179     0.17390738    -6.29344097    -6.11953359    -6.29344097    -6.15209230
      180     0.16845872    -6.28796138    -6.11950266    -6.28796138    -6.14957172
      181     0.16201033    -6.28150026    -6.11948993    -6.28150026    -6.14742143
      182     0.15462266    -6.27411971    -6.11949705    -6.27411971    -6.14529809
      183     0.14613034    -6.26563816    -6.11950782    -6.26563816    -6.14266419
      184     0.13640948    -6.25589703    -6.11948755    -6.25589703    -6.13908839
      185     0.12586843    -6.24527166    -6.11940323    -6.24527166    -6.13476139
      186     0.11583176    -6.23510031    -6.11926855    -6.23510031    -6.13090868
      187     0.10824281    -6.22740953    -6.11916672    -6.22740953    -6.12948830
      188     0.10452200    -6.22370562    -6.11918362    -6.22370562    -6.13195118
      189     0.10448288    -6.22379104    -6.11930816    -6.22379104    -6.13803306
      190     0.10648327    -6.22592752    -6.11944425    -6.22592752    -6.14590825
      191     0.10864712    -6.22816828    -6.11952116    -6.22816828    -6.15352758
      192     0.10984111    -6.22938819    -6.11954708    -6.22938819    -6.15965898
      193     0.10965772    -6.22922994    -6.11957222    -6.22922994    -6.16383768
      194     0.10779778    -6.22743552    -6.11963774    -6.22743552    -6.16569546
      195     0.10355429    -6.22329646    -6.11974217    -6.22329646    -6.16441484
      196     0.09613159    -6.21589001    -6.11975842    -6.21589001    -6.15899887
      197     0.08645074    -6.20594650    -6.11949576    -6.20594650    -6.15019958
      198     0.07924928    -6.19825494    -6.11900566    -6.19825494    -6.14297529
      199     0.08150120    -6.20029378    -6.11879258    -6.20029378    -6.14508147
      200     0.09585427    -6.21505786    -6.11920359    -6.21505786    -6.15974952
      201     0.11671495    -6.23654409    -6.11982914    -6.23654409    -6.18104362
      202     0.13516614    -6.25529835    -6.12013221    -6.25529835    -6.19945261
      203     0.14590897    -6.26598878    -6.12007981    -6.26598878    -6.20965283
      204     0.14854512    -6.26844385    -6.11989873    -6.26844385    -6.21169191
      205     0.14504011    -6.26476568    -6.11972557    -6.26476568    -6.20809447
      206     0.13777726    -6.25734689    -6.11956963    -6.25734689    -6.20175535
      207     0.12892125    -6.24839251    -6.11947126    -6.24839251    -6.19530578
      208     0.11984349    -6.23931193    -6.11946844    -6.23931193    -6.19037752
      209     0.11137683    -6.23064348    -6.11926665    -6.23064348    -6.18627279
      210     0.10377186    -6.22333756    -6.11956570    -6.22333756    -6.17927396
      211     0.09516101    -6.21475501    -6.11959400    -6.21475501    -6.16894502
      212     0.08484118    -6.20430146    -6.11946028    -6.20430146    -6.15655503
      213     0.07465529    -6.19393114    -6.11927585    -6.19393114    -6.14436267
      214     0.06732429    -6.18643902    -6.11911473    -6.18643902    -6.13505114
      215     0.06530778    -6.18432385    -6.11901607    -6.18432385    -6.13052593
      216     0.07017413    -6.18917151    -6.11899738    -6.18917151    -6.13118369
      217     0.08229824    -6.20137263    -6.11907439    -6.20137263    -6.13596275
      218     0.10068255    -6.21992334    -6.11924079    -6.21992334    -6.14309636
      219     0.12305715    -6.24250593    -6.11944878    -6.24250593    -6.15101304
      220     0.14643524    -6.26608229    -6.11964705    -6.26608229    -6.15878542
      221     0.16783429    -6.28763541    -6.11980112    -6.28763541    -6.16605855
      222     0.18479646    -6.30470383    -6.11990737    -6.30470383    -6.17256910
      223     0.19555165    -6.31553886    -6.11998721    -6.31553886    -6.17741212
      224     0.19887724    -6.31894801    -6.12007077    -6.31894801    -6.17874529
      225     0.19386860    -6.31405571    -6.12018711    -6.31405571    -6.17410503
      226     0.17922736    -6.29971916    -6.12049180    -6.29971916    -6.16050298
      227     0.15328055    -6.27379699    -6.12051644    -6.27379699    -6.13560146
      228     0.12073551    -6.24009636    -6.11936085    -6.24009636    -6.10433197
      229     0.09924863    -6.21738913    -6.11814050    -6.21738913    -6.08518079
      230     0.10352040    -6.22246432    -6.11894392    -6.22246432    -6.09396247
      231     0.12355619    -6.24405995    -6.12050376    -6.24405995    -6.11883104
      232     0.13789429    -6.25870853    -6.12081424    -6.25870853    -6.13615412
      233     0.13799972    -6.25825228    -6.12025256    -6.25825228    -6.13771761
      234     0.12817663    -6.24789475    -6.11971812    -6.24789475    -6.12865696
      235     0.11493603    -6.23435016    -6.11941413    -6.23435016    -6.11563312
      236     0.10246143    -6.22174218    -6.11928075    -6.22174218    -6.10275844
      237     0.09268488    -6.21193811    -6.11925323    -6.21193811    -6.09193144
      238     0.08607626    -6.20535438    -6.11927812    -6.20535438    -6.08363113
      239     0.08235993    -6.20167979    -6.11931986    -6.20167979    -6.07762609
      240     0.08102194    -6.20037655    -6.11935461    -6.20037655    -6.07346155
      241     0.08171915    -6.20106961    -6.11935046    -6.20106961    -6.07083838
      242     0.08473014    -6.20401316    -6.11928302    -6.20401316    -6.07007483
      243     0.09117188    -6.21035979    -6.11918791    -6.21035979    -6.07238203
      244     0.10238364    -6.22155049    -6.11916685    -6.22155049    -6.07927590
      245     0.11855475    -6.23784279    -6.11928804    -6.23784279    -6.09114110
      246     0.13789516    -6.25738248    -6.11948732    -6.25738248    -6.10633865
      247     0.15748347    -6.27711174    -6.11962827    -6.27711174    -6.12213044
      248     0.17502174    -6.29468063    -6.11965889    -6.29468063    -6.13655020
      249     0.18966286    -6.30931070    -6.11964784    -6.30931070    -6.14910991
      250     0.20121259    -6.32093711    -6.11972452    -6.32093711    -6.15963982
      251     0.20849041    -6.32847888    -6.11998847    -6.32847888    -6.16640413
      252     0.20811487    -6.32852901    -6.12041414    -6.32852901    -6.16533479
      253     0.19606663    -6.31653639    -6.12046976    -6.31653639    -6.15189249
      254     0.17408619    -6.29373503    -6.11964884    -6.29373503    -6.12787510
      255     0.15355193    -6.27236124    -6.11880931    -6.27236124    -6.10620202
      256     0.14442168    -6.26367716    -6.11925548    -6.26367716    -6.09856707
      257     0.14212640    -6.26227299    -6.12014659    -6.26227299    -6.09972263
      258     0.13588811    -6.25610974    -6.12022163    -6.25610974    -6.09780816
      259     0.12328068    -6.24299127    -6.11971059    -6.24299127    -6.09076867
      260     0.10984097    -6.22909490    -6.11925393    -6.22909490    -6.08445417
      261     0.10152658    -6.22060632    -6.11907974    -6.22060632    -6.08423802
      262     0.10074755    -6.21991623    -6.11916868    -6.21991623    -6.09177783
      263     0.10617003    -6.22558933    -6.11941930    -6.22558933    -6.10528676
      264     0.11407192    -6.23377341    -6.11970149    -6.23377341    -6.12071407
      265     0.12027506    -6.24015716    -6.11988210    -6.24015716    -6.13346955
      266     0.12214689    -6.24199794    -6.11985105    -6.24199794    -6.14050835
      267     0.12007409    -6.23968833    -6.11961424    -6.23968833    -6.14208782
      268     0.11711745    -6.23649599    -6.11937854    -6.23649599    -6.14161528
      269     0.11625457    -6.23561967    -6.11936510    -6.23561967    -6.14265570
      270     0.11768712    -6.23719835    -6.11951123    -6.23719835    -6.14575579
      271     0.11949799    -6.23907502    -6.11957703    -6.23907502    -6.14899472
      272     0.12054587    -6.24002456    -6.11947869    -6.24002456    -6.15113266
      273     0.12169023    -6.24103499    -6.11934476    -6.24103499    -6.15299124
      274     0.12432994    -6.24366603    -6.11933609    -6.24366603    -6.15602513
      275     0.12840352    -6.24789369    -6.11949017    -6.24789369    -6.16032781
      276     0.13180957    -6.25154807    -6.11973850    -6.25154807    -6.16388620
      277     0.13116127    -6.25117838    -6.12001711    -6.25117838    -6.16318991
      278     0.12325752    -6.24337286    -6.12011534    -6.24337286    -6.15460856
      279     0.10820087    -6.22789445    -6.11969358    -6.22789445    -6.13767635
      280     0.09286972    -6.21176440    -6.11889468    -6.21176440    -6.11929245
      281     0.08767328    -6.20631349    -6.11864021    -6.20631349    -6.11086382
      282     0.09582687    -6.21506746    -6.11924059    -6.21506746    -6.11616209
      283     0.11005170    -6.22988800    -6.11983630    -6.22988800    -6.12729956
      284     0.12184261    -6.24178247    -6.11993986    -6.24178247    -6.13541864
      285     0.12819302    -6.24801359    -6.11982057    -6.24801359    -6.13782098
      286     0.12960186    -6.24936970    -6.11976784    -6.24936970    -6.13531049
      287     0.12673757    -6.24649013    -6.11975256    -6.24649013    -6.12856056
      288     0.12024450    -6.23987811    -6.11963361    -6.23987811    -6.11812797
      289     0.11238501    -6.23171882    -6.11933381    -6.23171882    -6.10625230
      290     0.10755976    -6.22660145    -6.11904169    -6.22660145    -6.09755978
      291     0.10964437    -6.22869891    -6.11905454    -6.22869891    -6.09623440
      292     0.11846978    -6.23780204    -6.11933226    -6.23780204    -6.10204786
      293     0.13028491    -6.24984896    -6.11956405    -6.24984896    -6.11088403
      294     0.14150065    -6.26111374    -6.11961309    -6.26111374    -6.11892901
      295     0.15079319    -6.27036160    -6.11956841    -6.27036160    -6.12485489
      296     0.15836886    -6.27789789    -6.11952903    -6.27789789    -6.12894265
      297     0.16469247    -6.28420629    -6.11951382    -6.28420629    -6.13184145
      298     0.17001829    -6.28953821    -6.11951992    -6.28953821    -6.13429494
      299     0.17436996    -6.29390247    -6.11953251    -6.29390247    -6.13707872
      300     0.17784708    -6.29732455    -6.11947747    -6.29732455    -6.13999047
      301     0.17951821    -6.29935611    -6.11983790    -6.29935611    -6.14080375
      302     0.17686523    -6.29688886    -6.12002363    -6.29688886    -6.13796451
      303     0.16743566    -6.28757556    -6.12013990    -6.28757556    -6.12934586
      304     0.15058926    -6.27059449    -6.12000523    -6.27059449    -6.11356517
      305     0.12914791    -6.24873706    -6.11958915    -6.24873706    -6.09225366
      306     0.10934389    -6.22854109    -6.11919720    -6.22854109    -6.07033707
      307     0.09699843    -6.21611701    -6.11911858    -6.21611701    -6.05259675
      308     0.09401346    -6.21325306    -6.11923960    -6.21325306    -6.04065418
      309     0.09924598    -6.21860981    -6.11936383    -6.21860981    -6.03442076
      310     0.11073815    -6.23029226    -6.11955411    -6.23029226    -6.03396350
      311     0.12567566    -6.24551508    -6.11983942    -6.24551508    -6.03820344
      312     0.14072289    -6.26063864    -6.11991575    -6.26063864    -6.04452411
      313     0.15539279    -6.27497873    -6.11958594    -6.27497873    -6.05272649
      314     0.17305280    -6.29250343    -6.11945063    -6.29250343    -6.06714584
      315     0.19395850    -6.31399022    -6.12003172    -6.31399022    -6.08891553
      316     0.21044762    -6.33107398    -6.12062636    -6.33107398    -6.10957841
      317     0.21433239    -6.33491296    -6.12058057    -6.33491296    -6.11952347
      318     0.20471851    -6.32485914    -6.12014063    -6.32485914    -6.11701512
      319     0.18635991    -6.30608168    -6.11972177    -6.30608168    -6.10625118
      320     0.16478308    -6.28421300    -6.11942992    -6.28421300    -6.09216324
      321     0.14404164    -6.26330458    -6.11926294    -6.26330458    -6.07832968
      322     0.12655114    -6.24573321    -6.11918207    -6.24573321    -6.06679542
      323     0.11459427    -6.23404532    -6.11945105    -6.23404532    -6.05771952
      324     0.10806420    -6.22750116    -6.11943696    -6.22750116    -6.05777160
      325     0.10546101    -6.22491390    -6.11945289    -6.22491390    -6.06232517
      326     0.10642801    -6.22591770    -6.11948969    -6.22591770    -6.07050202
      327     0.11032977    -6.22986706    -6.11953729    -6.22986706    -6.08136196
      328     0.11639057    -6.23597152    -6.11958095    -6.23597152    -6.09392620
      329     0.12387351    -6.24348108    -6.11960757    -6.24348108    -6.10731674
      330     0.13223075    -6.25185033    -6.11961958    -6.25185033    -6.12090138
      331     0.14108913    -6.26072973    -6.11964060    -6.26072973    -6.13427955
      332     0.14997050    -6.26967921    -6.11970871    -6.26967921    -6.14699896
      333     0.15781677    -6.27767526    -6.11985849    -6.27767526    -6.15806897
      334     0.16260071    -6.28268762    -6.12008691    -6.28268762    -6.16554239
      335     0.16139777    -6.28173398    -6.12033621    -6.28173398    -6.16656954
      336     0.15180827    -6.27210554    -6.12029727    -6.27210554    -6.15861329
      337     0.13577709    -6.25544415    -6.11966706    -6.25544415    -6.14348123
      338     0.12191306    -6.24086716    -6.11895410    -6.24086716    -6.13033302
      339     0.11863888    -6.23775372    -6.11911484    -6.23775372    -6.12829310
      340     0.12435859    -6.24419228    -6.11983369    -6.24419228    -6.13488806
      341     0.13057305    -6.25072364    -6.12015059    -6.25072364    -6.14005367
      342     0.13230779    -6.25230054    -6.11999275    -6.25230054    -6.13838021
      343     0.13037863    -6.25014444    -6.11976581    -6.25014444    -6.13106551
      344     0.12739801    -6.24701695    -6.11961894    -6.24701695    -6.12112319
      345     0.12516741    -6.24473741    -6.11957000    -6.24473741    -6.11077191
      346     0.12419759    -6.24381493    -6.11961734    -6.24381493    -6.10100281
      347     0.12370133    -6.24347372    -6.11977239    -6.24347372    -6.09208210
      348     0.12204744    -6.24192487    -6.11987743    -6.24192487    -6.08414111
      349     0.11805379    -6.23792479    -6.11987100    -6.23792479    -6.07668926
      350     0.11186935    -6.23166043    -6.11979108    -6.23166043    -6.06883991
      351     0.10475150    -6.22442915    -6.11967765    -6.22442915    -6.06034135
      352     0.09844912    -6.21803162    -6.11958250    -6.21803162    -6.05179056
      353     0.09450507    -6.21403966    -6.11953459    -6.21403966    -6.04412661
      354     0.09390102    -6.21341272    -6.11951170    -6.21341272    -6.03822854
      355     0.09727874    -6.21676238    -6.11948364    -6.21676238    -6.03504267
      356     0.10522794    -6.22469574    -6.11946780    -6.22469574    -6.03584962
      357     0.11807815    -6.23757218    -6.11949403    -6.23757218    -6.04207078
      358     0.13552932    -6.25508847    -6.11955915    -6.25508847    -6.05448931
      359     0.15639638    -6.27612646    -6.11973008    -6.27612646    -6.07235509
      360     0.17799283    -6.29806972    -6.12007689    -6.29806972    -6.09275848
      361     0.19542088    -6.31603176    -6.12061088    -6.31603176    -6.11027395
      362     0.20164596    -6.32283467    -6.12118871    -6.32283467    -6.11714383
      363     0.19183445    -6.31263252    -6.12079807    -6.31263252    -6.10727882
      364     0.17423780    -6.29337328    -6.11913548    -6.29337328    -6.08954887
      365     0.17120351    -6.28460303    -6.11339952    -6.28460303    -6.09451454
      366     0.18813780    -6.30319761    -6.11505981    -6.30319761    -6.11934351
      367     0.20537060    -6.32142218    -6.11605158    -6.32142218    -6.14375016
      368     0.20826770    -6.32394031    -6.11567261    -6.32394031    -6.15169258
      369     0.19797524    -6.31306267    -6.11508743    -6.31306267    -6.14531843
      370     0.18099790    -6.29574446    -6.11474656    -6.29574446    -6.13154478
      371     0.16176522    -6.27637804    -6.11461282    -6.27637804    -6.11487266
      372     0.14214772    -6.25672408    -6.11457636    -6.25672408    -6.09741531
      373     0.12282603    -6.23734385    -6.11451782    -6.23734385    -6.08034375
      374     0.10469829    -6.21910625    -6.11440796    -6.21910625    -6.06512447
      375     0.08922191    -6.20352742    -6.11430551    -6.20352742    -6.05339958
      376     0.07770222    -6.19197753    -6.11427531    -6.19197753    -6.04618673
      377     0.07047298    -6.18481172    -6.11433874    -6.18481172    -6.04367076
      378     0.06678956    -6.18117510    -6.11438554    -6.18117510    -6.04582615
      379     0.06657625    -6.18083260    -6.11425635    -6.18083260    -6.05166814
      380     0.07019440    -6.18450992    -6.11431552    -6.18450992    -6.05909468
      381     0.07729636    -6.19160459    -6.11430823    -6.19160459    -6.06819071
      382     0.08782626    -6.20213062    -6.11430436    -6.20213062    -6.07923016
      383     0.10179845    -6.21612170    -6.11432325    -6.21612170    -6.09243730
      384     0.11894132    -6.23331173    -6.11437041    -6.23331173    -6.10783864
      385     0.13859966    -6.25303912    -6.11443946    -6.25303912    -6.12517524
      386     0.15977583    -6.27430806    -6.11453223    -6.27430806    -6.14394727
      387     0.18099840    -6.29570348    -6.11470508    -6.29570348    -6.16330557
      388     0.19983293    -6.31482270    -6.11498977    -6.31482270    -6.18146849
      389     0.21251310    -6.32787472    -6.11536162    -6.32787472    -6.19529097
      390     0.21433022    -6.33003781    -6.11570759    -6.33003781    -6.20052609
      391     0.20205076    -6.31762072    -6.11556996    -6.31762072    -6.19375484
      392     0.17889579    -6.29365433    -6.11475854    -6.29365433    -6.17759266
      393     0.15532314    -6.26944330    -6.11412016    -6.26944330    -6.16195047
      394     0.13958687    -6.25389913    -6.11431226    -6.25389913    -6.15375182
      395     0.13064469    -6.24534356    -6.11469887    -6.24534356    -6.15002833
      396     0.12283585    -6.23831702    -6.11548117    -6.23831702    -6.14724447
      397     0.12151669    -6.23447156    -6.11295487    -6.23447156    -6.14840862
      398     0.12687742    -6.23981606    -6.11293864    -6.23981606    -6.14276406
      399     0.13492971    -6.24795471    -6.11302500    -6.24795471    -6.13694342
      400     0.14445380    -6.25764990    -6.11319610    -6.25764990    -6.13093036
      401     0.15319059    -6.26655736    -6.11336677    -6.26655736    -6.12503749
      402     0.15896688    -6.27233277    -6.11336589    -6.27233277    -6.12017681
      403     0.16119698    -6.27451535    -6.11331837    -6.27451535    -6.11619034
      404     0.16026657    -6.27358390    -6.11331733    -6.27358390    -6.11214301
      405     0.15654740    -6.26981483    -6.11326743    -6.26981483    -6.10765459
      406     0.15077508    -6.26397240    -6.11319732    -6.26397240    -6.10276138
      407     0.14399354    -6.25711827    -6.11312473    -6.25711827    -6.09772992
      408     0.13729842    -6.25035895    -6.11306053    -6.25035895    -6.09289344
      409     0.13167706    -6.24468566    -6.11300860    -6.24468566    -6.08858882
      410     0.12793220    -6.24090320    -6.11297100    -6.24090320    -6.08517606
      411     0.12664175    -6.23959560    -6.11295385    -6.23959560    -6.08307951
      412     0.12803132    -6.24101451    -6.11298319    -6.24101451    -6.08283865
      413     0.13140666    -6.24463576    -6.11322910    -6.24463576    -6.08547295
      414     0.13863139    -6.24686323    -6.10823184    -6.24686323    -6.09740654
      415     0.14882590    -6.25691550    -6.10808960    -6.25691550    -6.11081253
      416     0.15812729    -6.26625356    -6.10812627    -6.26625356    -6.12560692
      417     0.16603491    -6.27421367    -6.10817876    -6.27421367    -6.13993497
      418     0.17151182    -6.27981414    -6.10830232    -6.27981414    -6.15252610
      419     0.17286125    -6.28134766    -6.10848641    -6.28134766    -6.16140549
      420     0.16842025    -6.27691028    -6.10849003    -6.27691028    -6.16429778
      421     0.15964286    -6.26771952    -6.10807666    -6.26771952    -6.16202315
      422     0.15290021    -6.26051929    -6.10761908    -6.26051929    -6.16100732
      423     0.15402951    -6.26183670    -6.10780719    -6.26183670    -6.16757920
      424     0.16065595    -6.26909149    -6.10843554    -6.26909149    -6.17906805
      425     0.16462075    -6.27336467    -6.10874392    -6.27336467    -6.18655675
      426     0.16086878    -6.26945638    -6.10858760    -6.26945638    -6.18493684
      427     0.15024332    -6.25853330    -6.10828998    -6.25853330    -6.17554006
      428     0.13616382    -6.24422072    -6.10805690    -6.24422072    -6.16218772
      429     0.12175075    -6.22965691    -6.10790616    -6.22965691    -6.14819317
      430     0.10908514    -6.21691242    -6.10782728    -6.21691242    -6.13573575
      431     0.09931280    -6.20710660    -6.10779380    -6.20710660    -6.12593782
      432     0.09296010    -6.20074457    -6.10778447    -6.20074457    -6.11916994
      433     0.09021562    -6.19800592    -6.10779030    -6.19800592    -6.11532792
      434     0.09100398    -6.19882868    -6.10782470    -6.19882868    -6.11395066
      435     0.09484940    -6.20274907    -6.10789967    -6.20274907    -6.11414974
      436     0.10072323    -6.20873948    -6.10801625    -6.20873948    -6.11458848
      437     0.10708978    -6.21523415    -6.10814437    -6.21523415    -6.11364746
      438     0.11241703    -6.22062306    -6.10820603    -6.22062306    -6.10996966
      439     0.11631027    -6.22441808    -6.10810781    -6.22441808    -6.10352391
      440     0.12062141    -6.22849617    -6.10787476    -6.22849617    -6.09661858
      441     0.12876742    -6.23650737    -6.10773995    -6.23650737    -6.09304059
      442     0.14241073    -6.25036878    -6.10795805    -6.25036878    -6.09479557
      443     0.15883631    -6.26716063    -6.10832432    -6.26716063    -6.10001164
      444     0.17305389    -6.28160509    -6.10855120    -6.28160509    -6.10490725
      445     0.18150618    -6.29013679    -6.10863061    -6.29013679    -6.10679948
      446     0.18260992    -6.29136792    -6.10875800    -6.29136792    -6.10439825
      447     0.17441322    -6.28358264    -6.10916942    -6.28358264    -6.09540448
      448     0.15285997    -6.26242109    -6.10956112    -6.26242109    -6.07452162
      449     0.11768936    -6.22640365    -6.10871429    -6.22640365    -6.03930240
      450     0.08575055    -6.19234616    -6.10659561    -6.19234616    -6.00571083
      451     0.08474162    -6.19107863    -6.10633701    -6.19107863    -6.00410897
      452     0.11753733    -6.22602426    -6.10848693    -6.22602426    -6.03826118
      453     0.15695189    -6.26666065    -6.10970876    -6.26666065    -6.07871430
      454     0.18204393    -6.29139919    -6.10935526    -6.29139919    -6.10527130
      455     0.19199750    -6.30069822    -6.10870072    -6.30069822    -6.11990465
      456     0.19367094    -6.30187991    -6.10820897    -6.30187991    -6.13032110
      457     0.19248797    -6.30058706    -6.10809909    -6.30058706    -6.13940369
      458     0.19004286    -6.29824083    -6.10819797    -6.29824083    -6.14704759
      459     0.18524533    -6.29352038    -6.10827505    -6.29352038    -6.15200340
      460     0.17711019    -6.28534725    -6.10823706    -6.28534725    -6.15296501
      461     0.16604032    -6.27415812    -6.10811780    -6.27415812    -6.15011847
      462     0.15353798    -6.26155051    -6.10801253    -6.26155051    -6.14495953
      463     0.14103963    -6.24901853    -6.10797890    -6.24901853    -6.13900473
      464     0.12918920    -6.23717288    -6.10798368    -6.23717288    -6.13292256
      465     0.11815380    -6.22612419    -6.10797039    -6.22612419    -6.12684022
      466     0.10826778    -6.21619380    -6.10792602    -6.21619380    -6.12102930
      467     0.10022785    -6.20809589    -6.10786804    -6.20809589    -6.11611383
      468     0.09488519    -6.20270144    -6.10781625    -6.20270144    -6.11288670
      469     0.09297706    -6.20076067    -6.10778361    -6.20076067    -6.11208412
      470     0.09494871    -6.20272338    -6.10777467    -6.20272338    -6.11422805
      471     0.10088519    -6.20867054    -6.10778535    -6.20867054    -6.11952017
      472     0.11054654    -6.21836328    -6.10781674    -6.21836328    -6.12779896
      473     0.12325912    -6.23117786    -6.10791874    -6.23117786    -6.13838347
      474     0.13743897    -6.24558076    -6.10814179    -6.24558076    -6.14951188
      475     0.14995567    -6.25848332    -6.10852765    -6.25848332    -6.15773194
      476     0.15559823    -6.26470542    -6.10910719    -6.26470542    -6.15745759
      477     0.14829041    -6.25767105    -6.10938064    -6.25767105    -6.14181289
      478     0.12819116    -6.23669420    -6.10850304    -6.23669420    -6.11011775
      479     0.10962948    -6.21675478    -6.10712530    -6.21675478    -6.07781337
      480     0.11022942    -6.21754261    -6.10731319    -6.21754261    -6.06542817
      481     0.12854200    -6.23707437    -6.10853237    -6.23707437    -6.07192951
      482     0.14905651    -6.25788677    -6.10883026    -6.25788677    -6.08046364
      483     0.16348913    -6.27223417    -6.10874504    -6.27223417    -6.08275514
      484     0.17068810    -6.27932878    -6.10864068    -6.27932878    -6.08292908
      485     0.17092912    -6.27935904    -6.10842992    -6.27935904    -6.08355303
      486     0.16631558    -6.27457759    -6.10826201    -6.27457759    -6.08324847
      487     0.15907899    -6.26718515    -6.10810616    -6.26718515    -6.08196445
      488     0.15140034    -6.25938446    -6.10798412    -6.25938446    -6.08061838
      489     0.14505768    -6.25297135    -6.10791367    -6.25297135    -6.08022018
      490     0.14112543    -6.24901490    -6.10788947    -6.24901490    -6.08145938
      491     0.13998137    -6.24787606    -6.10789469    -6.24787606    -6.08463121
      492     0.14152870    -6.24944158    -6.10791288    -6.24944158    -6.08970432
      493     0.14545429    -6.25338680    -6.10793251    -6.25338680    -6.09644127
      494     0.15138478    -6.25933983    -6.10795505    -6.25933983    -6.10451045
      495     0.15889148    -6.26688297    -6.10799149    -6.26688297    -6.11351119
      496     0.16736620    -6.27542130    -6.10805510    -6.27542130    -6.12290166
      497     0.17585095    -6.28400624    -6.10815529    -6.28400624    -6.13188148
      498     0.18290599    -6.29120049    -6.10829450    -6.29120049    -6.13932633
      499     0.18643932    -6.29498178    -6.10854246    -6.29498178    -6.14406145
      500     0.18012001    -6.29068414    -6.11056413    -6.29068414    -6.14757242
      501     0.16778500    -6.27779971    -6.11001471    -6.27779971    -6.14634479
      502     0.15354443    -6.26328748    -6.10974305    -6.26328748    -6.13771141
      503     0.13849425    -6.24785192    -6.10935767    -6.24785192    -6.12870375
      504     0.12822259    -6.23728299    -6.10906040    -6.23728299    -6.12406942
      505     0.12693302    -6.23594157    -6.10900855    -6.23594157    -6.12716175
      506     0.13519568    -6.24443568    -6.10924000    -6.24443568    -6.13783695
      507     0.14950609    -6.25916034    -6.10965425    -6.25916034    -6.15223098
      508     0.16386985    -6.27390577    -6.11003592    -6.27390577    -6.16440725
      509     0.17271311    -6.28292451    -6.11021140    -6.28292451    -6.16923072
      510     0.17324332    -6.28340473    -6.11016141    -6.28340473    -6.16460028
      511     0.16583825    -6.27581025    -6.10997200    -6.27581025    -6.15165962
      512     0.15300917    -6.26273403    -6.10972486    -6.26273403    -6.13362250
      513     0.13825805    -6.24771452    -6.10945647    -6.24771452    -6.11446392
      514     0.12522906    -6.23449958    -6.10927052    -6.23449958    -6.09764200
      515     0.11608800    -6.22543026    -6.10934226    -6.22543026    -6.08544359
      516     0.11094537    -6.22032465    -6.10937928    -6.22032465    -6.07878512
      517     0.10919905    -6.21863366    -6.10943461    -6.21863366    -6.07637673
      518     0.11010033    -6.21960812    -6.10950779    -6.21960812    -6.07626725
      519     0.11268708    -6.22227214    -6.10958506    -6.22227214    -6.07667086
      520     0.11606028    -6.22567738    -6.10961710    -6.22567738    -6.07623192
      521     0.12016984    -6.22968716    -6.10951732    -6.22968716    -6.07473503
      522     0.12681949    -6.23610534    -6.10928585    -6.23610534    -6.07415661
      523     0.13924834    -6.24838557    -6.10913723    -6.24838557    -6.07834449
      524     0.15919168    -6.26851671    -6.10932503    -6.26851671    -6.08990194
      525     0.18392221    -6.29369587    -6.10977366    -6.29369587    -6.10681266
      526     0.20725874    -6.31742382    -6.11016508    -6.31742382    -6.12338806
      527     0.22362637    -6.33391942    -6.11029305    -6.33391942    -6.13449506
      528     0.23089021    -6.34106040    -6.11017019    -6.34106040    -6.13837283
      529     0.23040023    -6.34030633    -6.10990610    -6.34030633    -6.13652972
      530     0.22538831    -6.33505641    -6.10966810    -6.33505641    -6.13219471
      531     0.21867579    -6.32829479    -6.10961900    -6.32829479    -6.12814812
      532     0.21080437    -6.32055717    -6.10975280    -6.32055717    -6.12475752
      533     0.20030990    -6.31017795    -6.10986805    -6.31017795    -6.12002478
      534     0.18616341    -6.29595404    -6.10979063    -6.29595404    -6.11210876
      535     0.16979371    -6.27936425    -6.10957054    -6.27936425    -6.10176615
      536     0.15434849    -6.26376620    -6.10941771    -6.26376620    -6.09182184
      537     0.14205465    -6.25149290    -6.10943825    -6.25149290    -6.08431552
      538     0.13279863    -6.24233388    -6.10953525    -6.24233388    -6.07889881
      539     0.12528118    -6.23485188    -6.10957070    -6.23485188    -6.07406073
      540     0.11886285    -6.22838316    -6.10952031    -6.22838316    -6.06904940
      541     0.11406093    -6.22351625    -6.10945532    -6.22351625    -6.06431868
      542     0.11168172    -6.22114149    -6.10945977    -6.22114149    -6.06063570
      543     0.11164257    -6.22122449    -6.10958192    -6.22122449    -6.05798632
      544     0.11230292    -6.22210246    -6.10979954    -6.22210246    -6.05496771
      545     0.11091631    -6.22088676    -6.10997045    -6.22088676    -6.04919459
      546     0.10574935    -6.21561142    -6.10986207    -6.21561142    -6.03939173
      547     0.09894059    -6.20838771    -6.10944712    -6.20838771    -6.02843305
      548     0.09639947    -6.20551218    -6.10911271    -6.20551218    -6.02325810
      549     0.10240812    -6.21173895    -6.10933083    -6.21173895    -6.02896271
      550     0.11443645    -6.22420587    -6.10976942    -6.22420587    -6.04256099
      551     0.12639696    -6.23637201    -6.10997505    -6.23637201    -6.05689006
      552     0.13475093    -6.24466439    -6.10991346    -6.24466439    -6.06763641
      553     0.13973765    -6.24947495    -6.10973730    -6.24947495    -6.07493889
      554     0.14367637    -6.25319920    -6.10952283    -6.25319920    -6.08128723
      555     0.14945790    -6.25882889    -6.10937099    -6.25882889    -6.08957412
      556     0.15889287    -6.26831846    -6.10942559    -6.26831846    -6.10131383
      557     0.17102033    -6.28069185    -6.10967152    -6.28069185    -6.11508076
      558     0.18244761    -6.29235784    -6.10991023    -6.29235784    -6.12720021
      559     0.18982286    -6.29981751    -6.10999465    -6.29981751    -6.13432353
      560     0.19187166    -6.30179445    -6.10992279    -6.30179445    -6.13536459
      561     0.18949466    -6.29927594    -6.10978128    -6.29927594    -6.13148807
      562     0.18465036    -6.29429765    -6.10964729    -6.29429765    -6.12487694
      563     0.17925605    -6.28881464    -6.10955859    -6.28881464    -6.11758364
      564     0.17460157    -6.28412640    -6.10952483    -6.28412640    -6.11094284
      565     0.17120144    -6.28073554    -6.10953410    -6.28073554    -6.10543886
      566     0.16893791    -6.27850144    -6.10956353    -6.27850144    -6.10088606
      567     0.16734862    -6.27693971    -6.10959109    -6.27693971    -6.09675881
      568     0.16591695    -6.27552510    -6.10960815    -6.27552510    -6.09251246
      569     0.16422294    -6.27384639    -6.10962345    -6.27384639    -6.08773987
      570     0.16187964    -6.27153117    -6.10965153    -6.27153117    -6.08207425
      571     0.15842432    -6.26810735    -6.10968303    -6.26810735    -6.07503250
      572     0.15354629    -6.26320749    -6.10966120    -6.26320749    -6.06624074
      573     0.14782837    -6.25735456    -6.10952619    -6.25735456    -6.05631114
      574     0.14336619    -6.25268423    -6.10931804    -6.25268423    -6.04767662
      575     0.14308286    -6.25228214    -6.10919928    -6.25228214    -6.04396543
      576     0.14864608    -6.25795000    -6.10930392    -6.25795000    -6.04769771
      577     0.15874798    -6.26835947    -6.10961149    -6.26835947    -6.05830581
      578     0.16927457    -6.27927884    -6.11000427    -6.27927884    -6.07218258
      579     0.17495477    -6.28526707    -6.11031230    -6.28526707    -6.08419511
      580     0.17220029    -6.28240441    -6.11020412    -6.28240441    -6.09039566
      581     0.16280620    -6.27242384    -6.10961764    -6.27242384    -6.09218527
      582     0.15366064    -6.26288268    -6.10922204    -6.26288268    -6.09633466
      583     0.14927062    -6.25874981    -6.10947919    -6.25874981    -6.10641404
      584     0.14707626    -6.25687168    -6.10979542    -6.25687168    -6.11734105
      585     0.14267612    -6.25249648    -6.10982036    -6.25249648    -6.12248085
      586     0.13514828    -6.24475225    -6.10960397    -6.24475225    -6.12089508
      587     0.12654464    -6.23595221    -6.10940757    -6.23595221    -6.11533479
      588     0.11928743    -6.22858887    -6.10930144    -6.22858887    -6.10878267
      589     0.11468122    -6.22398138    -6.10930016    -6.22398138    -6.10313533
      590     0.11268364    -6.22206168    -6.10937804    -6.22206168    -6.09895159
      591     0.11223095    -6.22171782    -6.10948687    -6.22171782    -6.09580011
      592     0.11191229    -6.22147693    -6.10956464    -6.22147693    -6.09290148
      593     0.11082288    -6.22037558    -6.10955270    -6.22037558    -6.08980069
      594     0.10928807    -6.21872910    -6.10944103    -6.21872910    -6.08681220
      595     0.10890097    -6.21820293    -6.10930196    -6.21820293    -6.08499664
      596     0.11155069    -6.22079380    -6.10924311    -6.22079380    -6.08555604
      597     0.11810281    -6.22739771    -6.10929490    -6.22739771    -6.08892138
      598     0.12801329    -6.23742300    -6.10940971    -6.23742300    -6.09422091
      599     0.13966988    -6.24923226    -6.10956238    -6.24923226    -6.09996818
      600     0.15133375    -6.26095656    -6.10962281    -6.26095656    -6.10528166
