#     Density Matrix: population Re; see the manual for detail orders
        0     0.00000000     1.00000000
        1     0.00000000     1.00000000
        2     0.00000000     1.00000000
        3     0.00000000     1.00000000
        4     0.00000000     1.00000000
        5     0.00000000     1.00000000
        6     0.00000000     1.00000000
        7     0.00000000     1.00000000
        8     0.00000000     1.00000000
        9     0.00000000     1.00000000
       10     0.00000000     1.00000000
       11     0.00000000     1.00000000
       12     0.00000000     1.00000000
       13     0.00000000     1.00000000
       14     0.00000000     1.00000000
       15     0.00000000     1.00000000
       16     0.00000000     1.00000000
       17     0.00000000     1.00000000
       18     0.00000000     1.00000000
       19     0.00002711     0.99997289
       20     0.00003665     0.99996335
       21     0.00000052     0.99999948
       22     0.00001367     0.99998633
       23     0.00000460     0.99999540
       24     0.00000734     0.99999266
       25     0.00000883     0.99999117
       26     0.00000783     0.99999217
       27     0.00000983     0.99999017
       28     0.00001040     0.99998960
       29     0.00001097     0.99998903
       30     0.00001204     0.99998796
       31     0.00001271     0.99998729
       32     0.00001330     0.99998670
       33     0.00001395     0.99998605
       34     0.00001443     0.99998557
       35     0.00001475     0.99998525
       36     0.00001498     0.99998502
       37     0.00001507     0.99998493
       38     0.00001497     0.99998503
       39     0.00001473     0.99998527
       40     0.00001433     0.99998567
       41     0.00001379     0.99998621
       42     0.00001312     0.99998688
       43     0.00001235     0.99998765
       44     0.00001151     0.99998849
       45     0.00001063     0.99998937
       46     0.00000973     0.99999027
       47     0.00000885     0.99999115
       48     0.00000800     0.99999200
       49     0.00000720     0.99999280
       50     0.00000647     0.99999353
       51     0.00000578     0.99999422
       52     0.00000515     0.99999485
       53     0.00000457     0.99999543
       54     0.00000406     0.99999594
       55     0.00000360     0.99999640
       56     0.00000317     0.99999683
       57     0.00000279     0.99999721
       58     0.00000244     0.99999756
       59     0.00000213     0.99999787
       60     0.00000184     0.99999816
       61     0.00000158     0.99999842
       62     0.00000134     0.99999866
       63     0.00000113     0.99999887
       64     0.00000094     0.99999906
       65     0.00000076     0.99999924
       66     0.00000060     0.99999940
       67     0.00000046     0.99999954
       68     0.00000033     0.99999967
       69     0.00000023     0.99999977
       70     0.00000014     0.99999986
       71     0.00000007     0.99999993
       72     0.00000003     0.99999997
       73     0.00000001     0.99999999
       74     0.00000003     0.99999997
       75     0.00000007     0.99999993
       76     0.00000016     0.99999984
       77     0.00000029     0.99999971
       78     0.00000046     0.99999954
       79     0.00000069     0.99999931
       80     0.00000097     0.99999903
       81     0.00000131     0.99999869
       82     0.00000170     0.99999830
       83     0.00000215     0.99999785
       84     0.00000265     0.99999735
       85     0.00000320     0.99999680
       86     0.00000380     0.99999620
       87     0.00000444     0.99999556
       88     0.00000512     0.99999488
       89     0.00000583     0.99999417
       90     0.00000656     0.99999344
       91     0.00000731     0.99999269
       92     0.00000807     0.99999193
       93     0.00000882     0.99999118
       94     0.00000957     0.99999043
       95     0.00001029     0.99998971
       96     0.00001098     0.99998902
       97     0.00001164     0.99998836
       98     0.00001225     0.99998775
       99     0.00001281     0.99998719
      100     0.00001331     0.99998669
      101     0.00001378     0.99998622
      102     0.00001420     0.99998580
      103     0.00001459     0.99998541
      104     0.00001496     0.99998504
      105     0.00001533     0.99998467
      106     0.00001573     0.99998427
      107     0.00001618     0.99998382
      108     0.00001670     0.99998330
      109     0.00001733     0.99998267
      110     0.00001810     0.99998190
      111     0.00001909     0.99998091
      112     0.00002045     0.99997955
      113     0.00002230     0.99997770
      114     0.00002482     0.99997518
      115     0.00002823     0.99997177
      116     0.00003286     0.99996714
      117     0.00003920     0.99996080
      118     0.00004798     0.99995202
      119     0.00006034     0.99993966
      120     0.00007802     0.99992198
      121     0.00010371     0.99989629
      122     0.00014165     0.99985835
      123     0.00019860     0.99980140
      124     0.00028546     0.99971454
      125     0.00042024     0.99957976
      126     0.00063286     0.99936714
      127     0.00097378     0.99902622
      128     0.00152960     0.99847040
      129     0.00245096     0.99754904
      130     0.00400257     0.99599743
      131     0.00665176     0.99334824
      132     0.01121741     0.98878259
      133     0.01909174     0.98090826
      134     0.03247210     0.96752790
      135     0.05430063     0.94569937
      136     0.08722915     0.91277085
      137     0.19698709     0.80301291
      138     0.32748355     0.67251645
      139     0.46012682     0.53987318
      140     0.55891718     0.44108282
      141     0.62729576     0.37270424
      142     0.67537582     0.32462418
      143     0.71179512     0.28820488
      144     0.74245658     0.25754342
      145     0.77101880     0.22898120
      146     0.79940925     0.20059075
      147     0.82815778     0.17184222
      148     0.85668992     0.14331008
      149     0.88372712     0.11627288
      150     0.90783910     0.09216090
      151     0.92804280     0.07195720
      152     0.94421229     0.05578771
      153     0.95706775     0.04293225
      154     0.96768688     0.03231312
      155     0.97680387     0.02319613
      156     0.98439897     0.01560103
      157     0.98995155     0.01004845
      158     0.99320872     0.00679128
      159     0.99476676     0.00523324
      160     0.99580514     0.00419486
      161     0.99713547     0.00286453
      162     0.99857416     0.00142584
      163     0.99941837     0.00058163
      164     0.99948508     0.00051492
      165     0.99936510     0.00063490
      166     0.99957836     0.00042164
      167     0.99992018     0.00007982
      168     0.99997060     0.00002940
      169     0.99983198     0.00016802
      170     0.99984933     0.00015067
      171     0.99996552     0.00003448
      172     0.99994423     0.00005577
      173     0.99987320     0.00012680
      174     0.99990051     0.00009949
      175     0.99991354     0.00008646
      176     0.99986325     0.00013675
      177     0.99986024     0.00013976
      178     0.99988216     0.00011784
      179     0.99988995     0.00011005
      180     0.99992093     0.00007907
      181     0.99995038     0.00004962
      182     0.99996524     0.00003476
      183     0.99997818     0.00002182
      184     0.99998579     0.00001421
      185     0.99999005     0.00000995
      186     0.99999340     0.00000660
      187     0.99999522     0.00000478
      188     0.99999656     0.00000344
      189     0.99999748     0.00000252
      190     0.99999807     0.00000193
      191     0.99999854     0.00000146
      192     0.99999884     0.00000116
      193     0.99999908     0.00000092
      194     0.99999926     0.00000074
      195     0.99999939     0.00000061
      196     0.99999950     0.00000050
      197     0.99999958     0.00000042
      198     0.99999965     0.00000035
      199     0.99999970     0.00000030
      200     0.99999974     0.00000026
      201     0.99999977     0.00000023
      202     0.99999980     0.00000020
      203     0.99999983     0.00000017
      204     0.99999985     0.00000015
      205     0.99999986     0.00000014
      206     0.99999988     0.00000012
      207     0.99999989     0.00000011
      208     0.99999990     0.00000010
      209     0.99999991     0.00000009
      210     0.99999991     0.00000009
      211     0.99999992     0.00000008
      212     0.99999993     0.00000007
      213     0.99999993     0.00000007
      214     0.99999994     0.00000006
      215     0.99999994     0.00000006
      216     0.99999995     0.00000005
      217     0.99999995     0.00000005
      218     0.99999995     0.00000005
      219     0.99999996     0.00000004
      220     0.99999996     0.00000004
      221     0.99999996     0.00000004
      222     0.99999997     0.00000003
      223     0.99999997     0.00000003
      224     0.99999998     0.00000002
      225     0.99999998     0.00000002
      226     0.99999998     0.00000002
      227     0.99999998     0.00000002
      228     0.99999999     0.00000001
      229     0.99999999     0.00000001
      230     0.99999999     0.00000001
      231     0.99999999     0.00000001
      232     1.00000000     0.00000000
      233     1.00000000     0.00000000
      234     1.00000000     0.00000000
      235     1.00000000     0.00000000
      236     1.00000000     0.00000000
      237     1.00000000     0.00000000
      238     1.00000000     0.00000000
      239     1.00000000     0.00000000
      240     1.00000000     0.00000000
      241     1.00000000     0.00000000
      242     0.99999999     0.00000001
      243     0.99999999     0.00000001
      244     0.99999999     0.00000001
      245     0.99999999     0.00000001
      246     0.99999998     0.00000002
      247     0.99999998     0.00000002
      248     0.99999998     0.00000002
      249     0.99999997     0.00000003
      250     0.99999997     0.00000003
      251     0.99999997     0.00000003
      252     0.99999996     0.00000004
      253     0.99999996     0.00000004
      254     0.99999996     0.00000004
      255     0.99999996     0.00000004
      256     0.99999995     0.00000005
      257     0.99999995     0.00000005
      258     0.99999995     0.00000005
      259     0.99999994     0.00000006
      260     0.99999994     0.00000006
      261     0.99999994     0.00000006
      262     0.99999993     0.00000007
      263     0.99999993     0.00000007
      264     0.99999992     0.00000008
      265     0.99999992     0.00000008
      266     0.99999992     0.00000008
      267     0.99999991     0.00000009
      268     0.99999991     0.00000009
      269     0.99999990     0.00000010
      270     0.99999989     0.00000011
      271     0.99999989     0.00000011
      272     0.99999988     0.00000012
      273     0.99999987     0.00000013
      274     0.99999986     0.00000014
      275     0.99999985     0.00000015
      276     0.99999984     0.00000016
      277     0.99999983     0.00000017
      278     0.99999981     0.00000019
      279     0.99999980     0.00000020
      280     0.99999978     0.00000022
      281     0.99999976     0.00000024
      282     0.99999974     0.00000026
      283     0.99999972     0.00000028
      284     0.99999970     0.00000030
      285     0.99999968     0.00000032
      286     0.99999967     0.00000033
      287     0.99999965     0.00000035
      288     0.99999964     0.00000036
      289     0.99999963     0.00000037
      290     0.99999963     0.00000037
      291     0.99999964     0.00000036
      292     0.99999966     0.00000034
      293     0.99999968     0.00000032
      294     0.99999972     0.00000028
      295     0.99999976     0.00000024
      296     0.99999981     0.00000019
      297     0.99999986     0.00000014
      298     0.99999991     0.00000009
      299     0.99999995     0.00000005
      300     0.99999998     0.00000002
