#     Density Matrix: coherence Re-Im; see the manual for detail orders
        0     0.00000000     0.00000000     0.00000000     0.00000000     0.00000000     0.00000000
        1    -0.00000004     0.00000004     0.00004017    -0.00008048    -0.00063047     0.00024025
        2    -0.00000025     0.00000023     0.00001348    -0.00014781    -0.00167065     0.00153291
        3    -0.00000104     0.00000039     0.00003593    -0.00027080    -0.00193180     0.00357109
        4    -0.00000186     0.00000032     0.00002895    -0.00033814    -0.00139474     0.00538030
        5    -0.00000319     0.00000027     0.00003095    -0.00048139    -0.00097985     0.00655892
        6    -0.00000440     0.00000056     0.00004187    -0.00055893    -0.00158948     0.00775421
        7    -0.00000717     0.00000208     0.00002637    -0.00070183    -0.00334908     0.01009270
        8    -0.00001146     0.00000383     0.00004671    -0.00077874    -0.00578410     0.01436286
        9    -0.00001901     0.00000730     0.00002331    -0.00090259    -0.00861691     0.02082443
       10    -0.00002910     0.00001059     0.00004512    -0.00095786    -0.01244424     0.02976093
       11    -0.00004499     0.00001908     0.00002244    -0.00105096    -0.01901711     0.04230904
       12    -0.00006663     0.00003135     0.00003856    -0.00106280    -0.03157462     0.06125089
       13    -0.00010532     0.00006064     0.00002829    -0.00111378    -0.05614113     0.09202473
       14    -0.00016161     0.00010996     0.00002802    -0.00105987    -0.10416637     0.14471847
       15    -0.00026815     0.00020327     0.00002512    -0.00100224    -0.18819082     0.23574659
       16    -0.00037247     0.00027551    -0.00003041    -0.00074361    -0.25183902     0.37129679
       17    -0.00070503     0.00003519     0.00013471    -0.00068641    -0.12062720     0.48520922
       18    -0.00060978    -0.00019878     0.00001496    -0.00063467     0.14371292     0.47887393
       19    -0.00044862    -0.00069552     0.00028218    -0.00095439     0.32062464     0.37267822
       20    -0.00044396    -0.00066046    -0.00011848    -0.00112564     0.41581632     0.22016584
       21    -0.00005359    -0.00050742     0.00002031    -0.00082975     0.44239657     0.05771550
       22     0.00018042    -0.00060689     0.00008851    -0.00114889     0.41258405    -0.08884613
       23     0.00011171    -0.00047754    -0.00029705    -0.00094217     0.34259305    -0.20315017
       24     0.00023476    -0.00018273     0.00004755    -0.00066082     0.25012000    -0.27761687
       25     0.00038467    -0.00017172     0.00003396    -0.00104388     0.15160120    -0.31201135
       26     0.00023151    -0.00017078    -0.00034554    -0.00072620     0.06033698    -0.31139657
       27     0.00014154     0.00002832     0.00006702    -0.00045729    -0.01467121    -0.28410597
       28     0.00021388     0.00007289     0.00004186    -0.00084342    -0.06879802    -0.24000343
       29     0.00014051    -0.00001164    -0.00034163    -0.00052554    -0.10158795    -0.18857882
       30     0.00002432     0.00003638     0.00006499    -0.00022594    -0.11568945    -0.13745150
       31     0.00004674     0.00008073     0.00009146    -0.00061308    -0.11509545    -0.09156117
       32     0.00005306     0.00001892    -0.00032418    -0.00034712    -0.10408248    -0.05358357
       33     0.00000000     0.00000000     0.00000000     0.00000000     0.00000000     0.00000000
       34     0.00026349    -0.00032760    -0.00000288     0.00000465    -0.01291957     0.00158858
       35    -0.00011373    -0.00050869     0.00000634     0.00001273    -0.02646491     0.00653214
       36    -0.00022426    -0.00010504     0.00001064     0.00000083    -0.04023467     0.01517008
       37     0.00020805    -0.00007647    -0.00000894     0.00000983    -0.05296237     0.02762199
       38     0.00017539    -0.00052581     0.00001187     0.00004151    -0.06387714     0.04374056
       39    -0.00025110    -0.00042300     0.00004533     0.00001485    -0.07232365     0.06323031
       40    -0.00007028    -0.00001831     0.00000710    -0.00000466    -0.07744034     0.08552494
       41     0.00031218    -0.00025215     0.00000319     0.00005508    -0.07858083     0.10970856
       42     0.00001530    -0.00055681     0.00007563     0.00004512    -0.07536133     0.13458272
       43    -0.00023274    -0.00016629     0.00004351    -0.00002648    -0.06778223     0.15871325
       44     0.00019879     0.00004917    -0.00002088     0.00003439    -0.05648085     0.18052908
       45     0.00038018    -0.00039604     0.00006516     0.00009666    -0.04288831     0.19859263
       46    -0.00007095    -0.00050618     0.00011484    -0.00000037    -0.02900742     0.21191097
       47    -0.00011052    -0.00000889     0.00000406    -0.00002550    -0.01715895     0.22024398
       48     0.00038924    -0.00000803    -0.00000207     0.00009232    -0.00965665     0.22434304
       49     0.00032186    -0.00047548     0.00011094     0.00008078    -0.00775628     0.22596400
       50    -0.00012560    -0.00032087     0.00007850    -0.00002668    -0.01033280     0.22721419
       51     0.00007215     0.00012927    -0.00003244     0.00001564    -0.01372699     0.22929020
       52     0.00047954    -0.00009371     0.00001643     0.00011888    -0.01288798     0.23128543
       53     0.00022382    -0.00046224     0.00011161     0.00005645    -0.00397956     0.22986538
       54    -0.00012253    -0.00015321     0.00003389    -0.00003065     0.01340808     0.22051575
       55     0.00020086     0.00016682    -0.00002733     0.00004808     0.03552206     0.19960057
       56     0.00042252    -0.00021924     0.00006190     0.00006011     0.05544080     0.16650490
       57    -0.00002676    -0.00039288     0.00004818    -0.00002979     0.06579854     0.12463229
       58    -0.00013616     0.00003193    -0.00001109    -0.00000917     0.06162832     0.08107375
       59     0.00000000     0.00000000     0.00000000     0.00000000     0.00000000     0.00000000
       60     0.00022271    -0.00025004    -0.00000618     0.00001592    -0.04765729     0.01780680
       61    -0.00001734    -0.00042069     0.00002669     0.00002626    -0.06441806     0.06028392
       62    -0.00009093    -0.00011597     0.00001568    -0.00000456    -0.04079811     0.10154563
       63     0.00021908    -0.00006519     0.00001015     0.00002441     0.01196209     0.11350907
       64     0.00014835    -0.00034505     0.00003833    -0.00001003     0.06411488     0.08229041
       65     0.00000000     0.00000000     0.00000000     0.00000000     0.00000000     0.00000000
       66     0.00021946    -0.00026638    -0.00000183     0.00000678    -0.01853255     0.00840506
       67    -0.00007441    -0.00042456     0.00001307     0.00000723    -0.02172945     0.02693928
       68    -0.00013689    -0.00008872     0.00000451    -0.00000495    -0.00667660     0.04039498
       69     0.00021349    -0.00011960     0.00000769     0.00000588     0.01564564     0.03624628
       70     0.00008660    -0.00046877     0.00000947    -0.00001191     0.02814151     0.01497702
       71    -0.00021683    -0.00028330    -0.00000700    -0.00000378     0.02033347    -0.00914499
       72     0.00006040    -0.00008413    -0.00000168    -0.00000087    -0.00262048    -0.01805958
       73     0.00020546    -0.00044250    -0.00000675     0.00000860    -0.02180845    -0.00512665
       74    -0.00013817    -0.00051050     0.00001186     0.00000822    -0.02084766     0.01757089
       75    -0.00007525    -0.00018862     0.00000551    -0.00000214    -0.00028867     0.02909236
       76     0.00023999    -0.00036787     0.00001166    -0.00000389     0.02191374     0.01738644
       77     0.00000381    -0.00066896    -0.00000556    -0.00001674     0.02496471    -0.00845354
       78    -0.00018869    -0.00042170    -0.00001172     0.00000250     0.00542967    -0.02535519
       79     0.00014907    -0.00036805    -0.00000935     0.00000409    -0.01837585    -0.01793181
       80     0.00016840    -0.00076763     0.00000062     0.00001891    -0.02331851     0.00592114
       81    -0.00016652    -0.00073795     0.00001684    -0.00000048    -0.00427292     0.02184276
       82    -0.00000392    -0.00048187     0.00000612    -0.00000973     0.02006763     0.01285319
       83     0.00024974    -0.00077371    -0.00000396    -0.00002298     0.02537801    -0.01330601
       84    -0.00004005    -0.00103083    -0.00003275    -0.00000514     0.00620224    -0.03149187
       85    -0.00015600    -0.00077539    -0.00001609     0.00001797    -0.01824489    -0.02440500
       86     0.00019431    -0.00080361    -0.00000472     0.00001849    -0.02307100    -0.00029438
       87     0.00016259    -0.00121583     0.00001789     0.00000672    -0.00349894     0.01517617
       88    -0.00017072    -0.00117290     0.00000296    -0.00002493     0.02044303     0.00549464
       89    -0.00000645    -0.00093761    -0.00001936    -0.00002319     0.02485039    -0.02046071
       90     0.00025480    -0.00123178    -0.00004516    -0.00001637     0.00546166    -0.03773717
       91    -0.00000662    -0.00152731    -0.00004613     0.00002845    -0.01847014    -0.03024274
       92    -0.00017690    -0.00130406    -0.00000408     0.00003191    -0.02360025    -0.00632668
       93     0.00014052    -0.00123838     0.00001164     0.00000791    -0.00525218     0.00999777
       94     0.00022225    -0.00162412     0.00000831    -0.00002966     0.01860714     0.00256838
       95    -0.00011850    -0.00172895    -0.00004060    -0.00004094     0.02514175    -0.02173532
       96    -0.00013520    -0.00146037    -0.00005994    -0.00000672     0.00831882    -0.04020806
       97     0.00019440    -0.00154595    -0.00005880     0.00001781    -0.01602764    -0.03596216
       98     0.00015607    -0.00193083    -0.00002968     0.00004718    -0.02548885    -0.01329650
       99    -0.00015928    -0.00191712     0.00001510     0.00002142    -0.01174336     0.00690113
      100    -0.00008286    -0.00164390     0.00000983    -0.00002062     0.01221029     0.00659145
      101     0.00021763    -0.00177322    -0.00001809    -0.00004643     0.02454407    -0.01320528
      102     0.00011609    -0.00212784    -0.00007095    -0.00003460     0.01437812    -0.03408162
      103    -0.00020130    -0.00208770    -0.00007559     0.00002609    -0.00891204    -0.03701208
      104    -0.00011919    -0.00181023    -0.00003174     0.00004726    -0.02482307    -0.01915125
      105     0.00021224    -0.00190183     0.00000421     0.00003841    -0.01969713     0.00441338
      106     0.00017712    -0.00224338     0.00003124    -0.00000184     0.00190702     0.01377208
      107    -0.00015055    -0.00224979     0.00000033    -0.00004740     0.02095568     0.00154954
      108    -0.00018345    -0.00196008    -0.00004432    -0.00003672     0.02065159    -0.02066142
      109     0.00011854    -0.00194045    -0.00006277    -0.00000614     0.00118481    -0.03238724
      110     0.00022393    -0.00227493    -0.00005524     0.00004114    -0.02025947    -0.02226425
      111    -0.00003236    -0.00244880     0.00000499     0.00005995    -0.02448849     0.00171369
      112    -0.00020610    -0.00222820     0.00004368     0.00001271    -0.00745277     0.01890784
      113    -0.00000969    -0.00201840     0.00002886    -0.00003177     0.01566432     0.01436592
      114     0.00024035    -0.00218954    -0.00001031    -0.00005372     0.02371600    -0.00730838
      115     0.00015721    -0.00252139    -0.00006286    -0.00002668     0.00898399    -0.02547343
      116    -0.00012413    -0.00258118    -0.00005546     0.00004138    -0.01495208    -0.02219155
      117    -0.00017896    -0.00236529     0.00000554     0.00005948    -0.02516386     0.00043777
      118     0.00008009    -0.00226383     0.00004717     0.00002720    -0.01125893     0.02122236
      119     0.00030302    -0.00249077     0.00005361    -0.00002772     0.01353874     0.01986294
      120     0.00020486    -0.00281929    -0.00000177    -0.00006918     0.02434843    -0.00239504
