#    Step        Prob(0)        Prob(1)        
        0    -0.00000000     0.00000000
        1     0.00000887     0.00000000
        2     0.00000860     0.00000000
        3     0.00002669     0.00000000
        4     0.00004250     0.00000000
        5     0.00008198     0.00000000
        6     0.00012818     0.00000000
        7     0.00018303     0.00000000
        8     0.00023088     0.00000000
        9     0.00027445     0.00000000
       10     0.00031351     0.00000000
       11     0.00033807     0.00000000
       12     0.00033319     0.00000000
       13     0.00028493     0.00000000
       14     0.00019150     0.00000000
       15     0.00007386     0.00000000
       16     0.00000000     0.00000000
       17     0.00000000     0.00000000
       18     0.00000000     0.00000000
       19     0.00009040     0.00000000
       20     0.00016586     0.00000000
       21     0.00018017     0.00000000
       22     0.00014391     0.00000000
       23     0.00009875     0.00000000
       24     0.00007280     0.00000000
       25     0.00006367     0.00000000
       26     0.00005892     0.00000000
       27     0.00005626     0.00000000
       28     0.00005844     0.00000000
       29     0.00006332     0.00000000
       30     0.00006677     0.00000000
       31     0.00006759     0.00000000
       32     0.00006509     0.00000000
       33     0.00005698     0.00000000
       34     0.00004368     0.00000000
       35     0.00002839     0.00000000
       36     0.00001422     0.00000000
       37     0.00000379     0.00000000
       38     0.00000000     0.00000000
       39     0.00000000     0.00000000
       40     0.00000000     0.00000000
       41     0.00000000     0.00000000
       42     0.00000028     0.00000000
       43     0.00000440     0.00000000
       44     0.00001068     0.00000000
       45     0.00002036     0.00000000
       46     0.00003466     0.00000000
       47     0.00005388     0.00000000
       48     0.00007652     0.00000000
       49     0.00009931     0.00000000
       50     0.00011863     0.00000000
       51     0.00013302     0.00000000
       52     0.00014294     0.00000000
       53     0.00014808     0.00000000
       54     0.00014584     0.00000000
       55     0.00013254     0.00000000
       56     0.00010623     0.00000000
       57     0.00006975     0.00000000
       58     0.00003111     0.00000000
       59     0.00000010     0.00000000
       60     0.00000000     0.00000000
       61     0.00000000     0.00000000
       62     0.00000000     0.00000000
       63     0.00001014     0.00000000
       64     0.00003136     0.00000000
       65     0.00005604     0.00000000
       66     0.00008057     0.00000000
       67     0.00009906     0.00000000
       68     0.00010833     0.00000000
       69     0.00010877     0.00000000
       70     0.00010121     0.00000000
       71     0.00008667     0.00000000
       72     0.00006718     0.00000000
       73     0.00004527     0.00000000
       74     0.00002354     0.00000000
       75     0.00000531     0.00000000
       76     0.00000000     0.00000000
       77     0.00000000     0.00000000
       78     0.00000054     0.00000000
       79     0.00001450     0.00000000
       80     0.00003179     0.00000000
       81     0.00005135     0.00000000
       82     0.00007369     0.00000000
       83     0.00009892     0.00000000
       84     0.00012631     0.00000000
       85     0.00015549     0.00000000
       86     0.00018739     0.00000000
       87     0.00022401     0.00000000
       88     0.00026758     0.00000000
       89     0.00031929     0.00000000
       90     0.00037679     0.00000000
       91     0.00043180     0.00000000
       92     0.00046926     0.00000000
       93     0.00046938     0.00000000
       94     0.00041593     0.00000000
       95     0.00030655     0.00000000
       96     0.00016080     0.00000000
       97     0.00001933     0.00000000
       98     0.00000000     0.00000000
       99     0.00000000     0.00000000
      100     0.00002897     0.00000000
      101     0.00018017     0.00000000
      102     0.00031941     0.00000000
      103     0.00038333     0.00000000
      104     0.00034657     0.00000000
      105     0.00023271     0.00000000
      106     0.00009739     0.00000000
      107     0.00000000     0.00000000
      108     0.00000000     0.00000000
      109     0.00000000     0.00000000
      110     0.00002463     0.00000000
      111     0.00022191     0.00000000
      112     0.00062052     0.00000000
      113     0.00128653     0.00000000
      114     0.00223754     0.00000000
      115     0.00343073     0.00000000
      116     0.00475622     0.00000000
      117     0.00604693     0.00000000
      118     0.00712190     0.00000000
      119     0.00785482     0.00000000
      120     0.00824108     0.00000000
      121     0.00841094     0.00000000
      122     0.00854282     0.00000000
      123     0.00878936     0.00000000
      124     0.00922380     0.00000000
      125     0.00982178     0.00000000
      126     0.01046398     0.00000000
      127     0.01095273     0.00000000
      128     0.01105754     0.00000000
      129     0.01059143     0.00000000
      130     0.00947174     0.00000000
      131     0.00775595     0.00000000
      132     0.00560700     0.00000000
      133     0.00327597     0.00000000
      134     0.00106627     0.00000000
      135     0.00000000     0.00000000
      136     0.00000000     0.00000000
      137     0.00000000     0.00000000
      138     0.00000000     0.00000000
      139     0.00000000     0.00000000
      140     0.00000000     0.00000000
      141     0.00000000     0.00000000
      142     0.00027011     0.00000000
      143     0.00062851     0.00000000
      144     0.00066175     0.00000000
      145     0.00040467     0.00000000
      146     0.00007110     0.00000000
      147     0.00000000     0.00000000
      148     0.00000000     0.00000000
      149     0.00002320     0.00000000
      150     0.00012186     0.00000000
      151     0.00020581     0.00000000
      152     0.00035243     0.00000000
      153     0.00060042     0.00000000
      154     0.00090267     0.00000000
      155     0.00117553     0.00000000
      156     0.00137333     0.00000000
      157     0.00151396     0.00000000
      158     0.00164610     0.00000000
      159     0.00180631     0.00000000
      160     0.00200688     0.00000000
      161     0.00225072     0.00000000
      162     0.00256259     0.00000000
      163     0.00300980     0.00000000
      164     0.00374657     0.00000000
      165     0.00512622     0.00000000
      166     0.00806704     0.00000000
      167     0.01534907     0.00000000
      168     0.03672534     0.00000000
      169     0.10834324     0.00000000
      170     0.29593349     0.00000000
      171     0.39831579     0.00000000
      172     0.00000000     0.00000000
      173     0.00000000     0.00000000
      174     0.00000000     0.00000000
      175     0.00000000     0.00000000
      176     0.00000000     0.00318873
      177     0.00000000     0.00547386
      178     0.00000000     0.00755783
      179     0.00000000     0.00885629
      180     0.00000000     0.00731306
      181     0.00000000     0.00206247
      182     0.00000000     0.00000000
      183     0.00000000     0.00000000
      184     0.00000000     0.00000000
      185     0.00000000     0.00358484
      186     0.00000000     0.00254062
      187     0.00000000     0.00048806
      188     0.00000000     0.00069606
      189     0.00000000     0.00051851
      190     0.00000000     0.00009246
      191     0.00000000     0.00000458
      192     0.00000000     0.00000000
      193     0.00000000     0.00000000
      194     0.00000000     0.00000000
      195     0.00000000     0.00000000
      196     0.00000000     0.00000070
      197     0.00000000     0.00000298
      198     0.00000000     0.00000567
      199     0.00000000     0.00000662
      200     0.00000000     0.00000510
      201     0.00000000     0.00000228
      202     0.00000000     0.00000014
      203     0.00000000     0.00000000
      204     0.00000000     0.00000000
      205     0.00000000     0.00000021
      206     0.00000000     0.00000354
      207     0.00000000     0.00001099
      208     0.00000000     0.00002414
      209     0.00000000     0.00004290
      210     0.00000000     0.00006332
      211     0.00000000     0.00007683
      212     0.00000000     0.00007514
      213     0.00000000     0.00005846
      214     0.00000000     0.00003558
      215     0.00000000     0.00001658
      216     0.00000000     0.00000502
      217     0.00000000     0.00000000
      218     0.00000000     0.00000000
      219     0.00000000     0.00000167
      220     0.00000000     0.00000508
      221     0.00000000     0.00000852
      222     0.00000000     0.00001078
      223     0.00000000     0.00001101
      224     0.00000000     0.00000917
      225     0.00000000     0.00000616
      226     0.00000000     0.00000329
      227     0.00000000     0.00000131
      228     0.00000000     0.00000034
      229     0.00000000     0.00000001
      230     0.00000000     0.00000000
      231     0.00000000     0.00000000
      232     0.00000000     0.00000000
      233     0.00000000     0.00000000
      234     0.00000000     0.00000001
      235     0.00000000     0.00000002
      236     0.00000000     0.00000002
      237     0.00000000     0.00000002
      238     0.00000000     0.00000002
      239     0.00000000     0.00000004
      240     0.00000000     0.00000007
      241     0.00000000     0.00000012
      242     0.00000000     0.00000020
      243     0.00000000     0.00000028
      244     0.00000000     0.00000036
      245     0.00000000     0.00000041
      246     0.00000000     0.00000040
      247     0.00000000     0.00000032
      248     0.00000000     0.00000019
      249     0.00000000     0.00000005
      250     0.00000000     0.00000000
      251     0.00000000     0.00000000
      252     0.00000000     0.00000014
      253     0.00000000     0.00000046
      254     0.00000000     0.00000084
      255     0.00000000     0.00000111
      256     0.00000000     0.00000108
      257     0.00000000     0.00000069
      258     0.00000000     0.00000007
      259     0.00000000     0.00000000
      260     0.00000000     0.00000000
      261     0.00000000     0.00000000
      262     0.00000000     0.00000000
      263     0.00000000     0.00000000
      264     0.00000000     0.00000000
      265     0.00000000     0.00000000
      266     0.00000000     0.00000000
      267     0.00000000     0.00000000
      268     0.00000000     0.00000000
      269     0.00000000     0.00000069
      270     0.00000000     0.00000260
      271     0.00000000     0.00000628
      272     0.00000000     0.00001231
      273     0.00000000     0.00002110
      274     0.00000000     0.00003202
      275     0.00000000     0.00004181
      276     0.00000000     0.00004440
      277     0.00000000     0.00003585
      278     0.00000000     0.00002014
      279     0.00000000     0.00000598
      280     0.00000000     0.00000000
      281     0.00000000     0.00000000
      282     0.00000000     0.00000364
      283     0.00000000     0.00001081
      284     0.00000000     0.00001879
      285     0.00000000     0.00002645
      286     0.00000000     0.00003277
      287     0.00000000     0.00003655
      288     0.00000000     0.00003663
      289     0.00000000     0.00003276
      290     0.00000000     0.00002610
      291     0.00000000     0.00001864
      292     0.00000000     0.00001211
      293     0.00000000     0.00000714
      294     0.00000000     0.00000357
      295     0.00000000     0.00000108
      296     0.00000000     0.00000000
      297     0.00000000     0.00000000
      298     0.00000000     0.00000004
      299     0.00000000     0.00000237
      300     0.00000000     0.00000563
      301     0.00000000     0.00000919
      302     0.00000000     0.00001275
      303     0.00000000     0.00001692
      304     0.00000000     0.00002251
      305     0.00000000     0.00003005
      306     0.00000000     0.00003926
      307     0.00000000     0.00004859
      308     0.00000000     0.00005517
      309     0.00000000     0.00005555
      310     0.00000000     0.00004851
      311     0.00000000     0.00003647
      312     0.00000000     0.00002312
      313     0.00000000     0.00001070
      314     0.00000000     0.00000052
      315     0.00000000     0.00000000
      316     0.00000000     0.00001166
      317     0.00000000     0.00007576
      318     0.00000000     0.00023288
      319     0.00000000     0.00050335
      320     0.00000000     0.00072073
      321     0.00000000     0.00033910
      322     0.00000000     0.00000000
      323     0.00000000     0.00000000
      324     0.00000000     0.00000030
      325     0.00000000     0.00000441
      326     0.00000000     0.00000425
      327     0.00000000     0.00000343
      328     0.00000000     0.00000264
      329     0.00000000     0.00000189
      330     0.00000000     0.00000115
      331     0.00000000     0.00000046
      332     0.00000000     0.00000000
      333     0.00000000     0.00000000
      334     0.00000000     0.00000120
      335     0.00000000     0.00000592
      336     0.00000000     0.00001876
      337     0.00000000     0.00002199
      338     0.00000000     0.00000000
      339     0.00000000     0.00001180
      340     0.00000000     0.00002599
      341     0.00000000     0.00003611
      342     0.00000000     0.00004779
      343     0.00000000     0.00006041
      344     0.00000000     0.00006952
      345     0.00000000     0.00006960
      346     0.00000000     0.00005840
      347     0.00000000     0.00004247
      348     0.00000000     0.00002881
      349     0.00000000     0.00001953
      350     0.00000000     0.00001368
      351     0.00000000     0.00001009
      352     0.00000000     0.00000806
      353     0.00000000     0.00000724
      354     0.00000000     0.00000737
      355     0.00000000     0.00000814
      356     0.00000000     0.00000933
      357     0.00000000     0.00001027
      358     0.00000000     0.00001041
      359     0.00000000     0.00000945
      360     0.00000000     0.00000739
      361     0.00000000     0.00000458
      362     0.00000000     0.00000169
      363     0.00000000     0.00000000
      364     0.00000000     0.00000011
      365     0.00000000     0.00000482
      366     0.00000000     0.00001615
      367     0.00000000     0.00003677
      368     0.00000000     0.00006924
      369     0.00000000     0.00011520
      370     0.00000000     0.00017252
      371     0.00000000     0.00022716
      372     0.00000000     0.00024612
      373     0.00000000     0.00020106
      374     0.00000000     0.00011472
      375     0.00000000     0.00004137
      376     0.00000000     0.00000379
      377     0.00000000     0.00000000
      378     0.00000000     0.00000000
      379     0.00000000     0.00000599
      380     0.00000000     0.00001774
      381     0.00000000     0.00002957
      382     0.00000000     0.00003888
      383     0.00000000     0.00004220
      384     0.00000000     0.00003700
      385     0.00000000     0.00002461
      386     0.00000000     0.00001045
      387     0.00000000     0.00000001
      388     0.00000000     0.00000000
      389     0.00000000     0.00000000
      390     0.00000000     0.00000022
      391     0.00000000     0.00000351
      392     0.00000000     0.00000461
      393     0.00000000     0.00000346
      394     0.00000000     0.00000125
      395     0.00000000     0.00000000
      396     0.00000000     0.00000000
      397     0.00000000     0.00000000
      398     0.00000000     0.00000000
      399     0.00000000     0.00000000
      400     0.00000000     0.00000000
      401     0.00000000     0.00000000
      402     0.00000000     0.00000023
      403     0.00000000     0.00000128
      404     0.00000000     0.00000248
      405     0.00000000     0.00000460
      406     0.00000000     0.00000857
      407     0.00000000     0.00001575
      408     0.00000000     0.00002781
      409     0.00000000     0.00004573
      410     0.00000000     0.00006611
      411     0.00000000     0.00007988
      412     0.00000000     0.00007792
      413     0.00000000     0.00006211
      414     0.00000000     0.00004235
      415     0.00000000     0.00002578
      416     0.00000000     0.00001413
      417     0.00000000     0.00000658
      418     0.00000000     0.00000193
      419     0.00000000     0.00000000
      420     0.00000000     0.00000000
      421     0.00000000     0.00000186
      422     0.00000000     0.00000709
      423     0.00000000     0.00001479
      424     0.00000000     0.00002411
      425     0.00000000     0.00003326
      426     0.00000000     0.00003992
      427     0.00000000     0.00004128
      428     0.00000000     0.00003510
      429     0.00000000     0.00002165
      430     0.00000000     0.00000527
      431     0.00000000     0.00000000
      432     0.00000000     0.00000000
      433     0.00000000     0.00000000
      434     0.00000000     0.00000000
      435     0.00000000     0.00000000
      436     0.00000000     0.00000000
      437     0.00000000     0.00000000
      438     0.00000000     0.00000000
      439     0.00000000     0.00000111
      440     0.00000000     0.00000222
      441     0.00000000     0.00000332
      442     0.00000000     0.00000559
      443     0.00000000     0.00001054
      444     0.00000000     0.00001980
      445     0.00000000     0.00003348
      446     0.00000000     0.00004668
      447     0.00000000     0.00005194
      448     0.00000000     0.00004714
      449     0.00000000     0.00003554
      450     0.00000000     0.00002132
      451     0.00000000     0.00000868
      452     0.00000000     0.00000057
      453     0.00000000     0.00000000
      454     0.00000000     0.00000206
      455     0.00000000     0.00001054
      456     0.00000000     0.00002162
      457     0.00000000     0.00003218
      458     0.00000000     0.00003892
      459     0.00000000     0.00003968
      460     0.00000000     0.00003486
      461     0.00000000     0.00002690
      462     0.00000000     0.00001879
      463     0.00000000     0.00001245
      464     0.00000000     0.00000837
      465     0.00000000     0.00000604
      466     0.00000000     0.00000478
      467     0.00000000     0.00000407
      468     0.00000000     0.00000359
      469     0.00000000     0.00000317
      470     0.00000000     0.00000266
      471     0.00000000     0.00000197
      472     0.00000000     0.00000114
      473     0.00000000     0.00000031
      474     0.00000000     0.00000000
      475     0.00000000     0.00000000
      476     0.00000000     0.00000000
      477     0.00000000     0.00000081
      478     0.00000000     0.00000183
      479     0.00000000     0.00000283
      480     0.00000000     0.00000373
      481     0.00000000     0.00000452
      482     0.00000000     0.00000524
      483     0.00000000     0.00000595
      484     0.00000000     0.00000666
      485     0.00000000     0.00000735
      486     0.00000000     0.00000796
      487     0.00000000     0.00000833
      488     0.00000000     0.00000821
      489     0.00000000     0.00000717
      490     0.00000000     0.00000487
      491     0.00000000     0.00000160
      492     0.00000000     0.00000000
      493     0.00000000     0.00000010
      494     0.00000000     0.00000922
      495     0.00000000     0.00002939
      496     0.00000000     0.00005603
      497     0.00000000     0.00007008
      498     0.00000000     0.00005419
      499     0.00000000     0.00002304
      500     0.00000000     0.00000195
      501     0.00000000     0.00000000
      502     0.00000000     0.00000000
      503     0.00000000     0.00000000
      504     0.00000000     0.00000000
      505     0.00000000     0.00000251
      506     0.00000000     0.00000406
      507     0.00000000     0.00000311
      508     0.00000000     0.00000000
      509     0.00000000     0.00000000
      510     0.00000000     0.00004047
