#    Step        Prob(0)        Prob(1)        
        0     0.00000000     0.00000000
        1     0.00000001     0.00000000
        2     0.00000000     0.00000000
        3     0.00000001     0.00000000
        4     0.00000000     0.00000000
        5     0.00000001     0.00000000
        6     0.00000000     0.00000000
        7     0.00000000     0.00000000
        8     0.00000000     0.00000000
        9     0.00000000     0.00000000
       10     0.00000000     0.00000000
       11     0.00000000     0.00000000
       12     0.00000000     0.00000000
       13     0.00000000     0.00000000
       14     0.00000000     0.00000000
       15     0.00000001     0.00000000
       16     0.00063285     0.00000000
       17     0.00000000     0.00000000
       18     0.00001108     0.00000000
       19     0.00006957     0.00000000
       20     0.00000000     0.00000000
       21     0.00004734     0.00000000
       22     0.00000314     0.00000000
       23     0.00000000     0.00000000
       24     0.00002329     0.00000000
       25     0.00000791     0.00000000
       26     0.00001030     0.00000000
       27     0.00001658     0.00000000
       28     0.00001284     0.00000000
       29     0.00001303     0.00000000
       30     0.00001509     0.00000000
       31     0.00001431     0.00000000
       32     0.00001358     0.00000000
       33     0.00001375     0.00000000
       34     0.00001329     0.00000000
       35     0.00001226     0.00000000
       36     0.00001135     0.00000000
       37     0.00001049     0.00000000
       38     0.00000942     0.00000000
       39     0.00000828     0.00000000
       40     0.00000726     0.00000000
       41     0.00000637     0.00000000
       42     0.00000554     0.00000000
       43     0.00000480     0.00000000
       44     0.00000419     0.00000000
       45     0.00000370     0.00000000
       46     0.00000329     0.00000000
       47     0.00000294     0.00000000
       48     0.00000265     0.00000000
       49     0.00000241     0.00000000
       50     0.00000222     0.00000000
       51     0.00000205     0.00000000
       52     0.00000190     0.00000000
       53     0.00000177     0.00000000
       54     0.00000167     0.00000000
       55     0.00000159     0.00000000
       56     0.00000152     0.00000000
       57     0.00000148     0.00000000
       58     0.00000144     0.00000000
       59     0.00000146     0.00000000
       60     0.00000150     0.00000000
       61     0.00000150     0.00000000
       62     0.00000151     0.00000000
       63     0.00000157     0.00000000
       64     0.00000168     0.00000000
       65     0.00000182     0.00000000
       66     0.00000196     0.00000000
       67     0.00000210     0.00000000
       68     0.00000225     0.00000000
       69     0.00000241     0.00000000
       70     0.00000260     0.00000000
       71     0.00000279     0.00000000
       72     0.00000298     0.00000000
       73     0.00000316     0.00000000
       74     0.00000332     0.00000000
       75     0.00000349     0.00000000
       76     0.00000365     0.00000000
       77     0.00000383     0.00000000
       78     0.00000402     0.00000000
       79     0.00000424     0.00000000
       80     0.00000448     0.00000000
       81     0.00000476     0.00000000
       82     0.00000510     0.00000000
       83     0.00000552     0.00000000
       84     0.00000603     0.00000000
       85     0.00000665     0.00000000
       86     0.00000742     0.00000000
       87     0.00000838     0.00000000
       88     0.00000957     0.00000000
       89     0.00001107     0.00000000
       90     0.00001297     0.00000000
       91     0.00001541     0.00000000
       92     0.00001858     0.00000000
       93     0.00002276     0.00000000
       94     0.00002839     0.00000000
       95     0.00003612     0.00000000
       96     0.00004700     0.00000000
       97     0.00006282     0.00000000
       98     0.00008664     0.00000000
       99     0.00012424     0.00000000
      100     0.00018727     0.00000000
      101     0.00030189     0.00000000
      102     0.00053544     0.00000000
      103     0.00109910     0.00000000
      104     0.00288897     0.00000000
      105     0.01247408     0.00000000
      106     0.22880879     0.00000000
      107     0.00000000     0.00000000
      108     0.02618633     0.00000000
      109     0.01597045     0.00000000
      110     0.01149885     0.00000000
      111     0.00933265     0.00000000
      112     0.00805735     0.00000000
      113     0.00713470     0.00000000
      114     0.00632087     0.00000000
      115     0.00548676     0.00000000
      116     0.00455564     0.00000000
      117     0.00347760     0.00000000
      118     0.00221817     0.00000000
      119     0.00075326     0.00000000
      120     0.00000000     0.00000000
      121     0.00000000     0.00000000
      122     0.00000000     0.00000000
      123     0.00000000     0.00000000
      124     0.00000000     0.00000000
      125     0.00000000     0.00000000
      126     0.00000000     0.00000000
      127     0.00000000     0.00000000
      128     0.00000000     0.00000000
      129     0.00928345     0.00000000
      130     0.02584120     0.00000000
      131     0.04086513     0.00000000
      132     0.04802340     0.00000000
      133     0.04591852     0.00000000
      134     0.03774136     0.00000000
      135     0.02746067     0.00000000
      136     0.01772736     0.00000000
      137     0.00980861     0.00000000
      138     0.00412412     0.00000000
      139     0.00068956     0.00000000
      140     0.00000000     0.00000000
      141     0.00001688     0.00000000
      142     0.00252094     0.00000000
      143     0.00687336     0.00000000
      144     0.01320435     0.00000000
      145     0.02184325     0.00000000
      146     0.03338629     0.00000000
      147     0.04873116     0.00000000
      148     0.06890273     0.00000000
      149     0.09419778     0.00000000
      150     0.12213498     0.00000000
      151     0.14459430     0.00000000
      152     0.14929748     0.00000000
      153     0.12961349     0.00000000
      154     0.09266368     0.00000000
      155     0.00000000     0.00000000
      156     0.00000000     0.00000000
      157     0.00000000     0.01397509
      158     0.00000000     0.01832880
      159     0.00000000     0.01590095
      160     0.00000000     0.01039003
      161     0.00000000     0.00461770
      162     0.00000000     0.00070402
      163     0.00000000     0.00000000
      164     0.00000000     0.00080863
      165     0.00000000     0.00262172
      166     0.00000000     0.00316397
      167     0.00000000     0.00165860
      168     0.00000000     0.00000000
      169     0.00000000     0.00000000
      170     0.00000000     0.00000000
      171     0.00000000     0.00038305
      172     0.00000000     0.00150344
      173     0.00000000     0.00077273
      174     0.00000000     0.00000000
      175     0.00000000     0.00000000
      176     0.00000000     0.00012173
      177     0.00000000     0.00055021
      178     0.00000000     0.00007228
      179     0.00000000     0.00000000
      180     0.00000000     0.00000832
      181     0.00000000     0.00023277
      182     0.00000000     0.00002427
      183     0.00000000     0.00000000
      184     0.00000000     0.00010515
      185     0.00000000     0.00011925
      186     0.00000000     0.00003365
      187     0.00000000     0.00014044
      188     0.00000000     0.00027536
      189     0.00000000     0.00041365
      190     0.00000000     0.00074508
      191     0.00000000     0.00007299
      192     0.00000000     0.00000000
      193     0.00000000     0.00000000
      194     0.00000000     0.00000000
      195     0.00000000     0.00000000
      196     0.00000000     0.00000543
      197     0.00000000     0.00000000
      198     0.00000000     0.00000000
      199     0.00000000     0.00000000
      200     0.00000000     0.00000000
      201     0.00000000     0.00000026
      202     0.00000000     0.00000000
      203     0.00000000     0.00000003
      204     0.00000000     0.00000000
      205     0.00000000     0.00000000
      206     0.00000000     0.00000000
      207     0.00000000     0.00000000
      208     0.00000000     0.00000001
      209     0.00000000     0.00000000
      210     0.00000000     0.00000000
      211     0.00000000     0.00000000
      212     0.00000000     0.00000000
      213     0.00000000     0.00000000
      214     0.00000000     0.00000000
      215     0.00000000     0.00000000
      216     0.00000000     0.00000000
      217     0.00000000     0.00000000
      218     0.00000000     0.00000000
      219     0.00000000     0.00000000
      220     0.00000000     0.00000000
      221     0.00000000     0.00000000
      222     0.00000000     0.00000000
      223     0.00000000     0.00000000
      224     0.00000000     0.00000000
      225     0.00000000     0.00000000
      226     0.00000000     0.00000000
      227     0.00000000     0.00000000
      228     0.00000000     0.00000000
      229     0.00000000     0.00000000
      230     0.00000000     0.00000000
      231     0.00000000     0.00000000
      232     0.00000000     0.00000000
      233     0.00000000     0.00000000
      234     0.00000000     0.00000000
      235     0.00000000     0.00000000
      236     0.00000000     0.00000000
      237     0.00000000     0.00000000
      238     0.00000000     0.00000000
      239     0.00000000     0.00000000
      240     0.00000000     0.00000000
      241     0.00000000     0.00000000
      242     0.00000000     0.00000000
      243     0.00000000     0.00000000
      244     0.00000000     0.00000000
      245     0.00000000     0.00000000
      246     0.00000000     0.00000000
      247     0.00000000     0.00000000
      248     0.00000000     0.00000000
      249     0.00000000     0.00000000
      250     0.00000000     0.00000000
      251     0.00000000     0.00000001
      252     0.00000000     0.00000001
      253     0.00000000     0.00000001
      254     0.00000000     0.00000001
      255     0.00000000     0.00000001
      256     0.00000000     0.00000001
      257     0.00000000     0.00000001
      258     0.00000000     0.00000001
      259     0.00000000     0.00000001
      260     0.00000000     0.00000001
      261     0.00000000     0.00000001
      262     0.00000000     0.00000001
      263     0.00000000     0.00000001
      264     0.00000000     0.00000001
      265     0.00000000     0.00000001
      266     0.00000000     0.00000001
      267     0.00000000     0.00000001
      268     0.00000000     0.00000001
      269     0.00000000     0.00000002
      270     0.00000000     0.00000002
      271     0.00000000     0.00000002
      272     0.00000000     0.00000002
      273     0.00000000     0.00000002
      274     0.00000000     0.00000002
      275     0.00000000     0.00000003
      276     0.00000000     0.00000003
      277     0.00000000     0.00000003
      278     0.00000000     0.00000004
      279     0.00000000     0.00000004
      280     0.00000000     0.00000004
      281     0.00000000     0.00000004
      282     0.00000000     0.00000005
      283     0.00000000     0.00000005
      284     0.00000000     0.00000005
      285     0.00000000     0.00000006
      286     0.00000000     0.00000006
      287     0.00000000     0.00000006
      288     0.00000000     0.00000006
      289     0.00000000     0.00000007
      290     0.00000000     0.00000007
      291     0.00000000     0.00000007
      292     0.00000000     0.00000007
      293     0.00000000     0.00000007
      294     0.00000000     0.00000007
      295     0.00000000     0.00000006
      296     0.00000000     0.00000006
      297     0.00000000     0.00000005
      298     0.00000000     0.00000004
      299     0.00000000     0.00000002
      300     0.00000000     0.00000000
