#    Step     Kinetic(H)     Potential(H)   Total(H)       E(0)(H)        E(1)(H)        E(2)(H)        
        0     0.01015305    -4.96180024    -4.95164719    -5.27600683    -5.05657671    -4.96180024
        1     0.00964990    -4.96134283    -4.95169293    -5.27613741    -5.05615605    -4.96134283
        2     0.00948910    -4.96120337    -4.95171427    -5.27585096    -5.05561235    -4.96120337
        3     0.00966463    -4.96141738    -4.95175276    -5.27514623    -5.05494437    -4.96141738
        4     0.01017758    -4.96204660    -4.95186902    -5.27404823    -5.05414037    -4.96204660
        5     0.01103800    -4.96303753    -4.95199953    -5.27261371    -5.05325708    -4.96303753
        6     0.01226156    -4.96444141    -4.95217985    -5.27093065    -5.05234576    -4.96444141
        7     0.01385833    -4.96629354    -4.95243520    -5.26910784    -5.05155193    -4.96629354
        8     0.01581494    -4.96866886    -4.95285391    -5.26725699    -5.05087706    -4.96866886
        9     0.01807345    -4.97154878    -4.95347533    -5.26546975    -5.05044955    -4.97154878
       10     0.02051537    -4.97487391    -4.95435853    -5.26379697    -5.05028349    -4.97487391
       11     0.02296118    -4.97856907    -4.95560790    -5.26223699    -5.05030372    -4.97856907
       12     0.02519192    -4.98247201    -4.95728009    -5.26073778    -5.05045823    -4.98247201
       13     0.02699135    -4.98642190    -4.95943056    -5.25921202    -5.05062295    -4.98642190
       14     0.08217017    -5.05069897    -4.96852879    -5.25756083    -5.05069897    -4.99020960
       15     0.07083913    -5.05023935    -4.97940023    -5.25423477    -5.05023935    -4.99562988
       16     0.05923017    -5.04910597    -4.98987580    -5.25041868    -5.04910597    -4.99953115
       17     0.01056598    -5.00214124    -4.99157526    -5.24637715    -5.04752664    -5.00214124
       18     0.01021910    -5.00307741    -4.99285831    -5.24452037    -5.04677234    -5.00307741
       19     0.01014161    -5.00399196    -4.99385035    -5.24271547    -5.04606992    -5.00399196
       20     0.01024514    -5.00490967    -4.99466453    -5.24095048    -5.04548090    -5.00490967
       21     0.01045541    -5.00581521    -4.99535980    -5.23921007    -5.04487972    -5.00581521
       22     0.01071355    -5.00669181    -4.99597826    -5.23747747    -5.04432310    -5.00669181
       23     0.01097319    -5.00755958    -4.99658638    -5.23573604    -5.04379439    -5.00755958
       24     0.01119834    -5.00836710    -4.99716876    -5.23397111    -5.04324220    -5.00836710
       25     0.01136226    -5.00910291    -4.99774065    -5.23217121    -5.04261828    -5.00910291
       26     0.01144708    -5.00979646    -4.99834938    -5.23032906    -5.04195210    -5.00979646
       27     0.01144319    -5.01040823    -4.99896505    -5.22844188    -5.04120415    -5.01040823
       28     0.01134807    -5.01093912    -4.99959105    -5.22651056    -5.04037531    -5.01093912
       29     0.01116515    -5.01139332    -5.00022816    -5.22453931    -5.03946979    -5.01139332
       30     0.01090234    -5.01174053    -5.00083818    -5.22253456    -5.03849402    -5.01174053
       31     0.01057056    -5.01206218    -5.00149163    -5.22050426    -5.03741921    -5.01206218
       32     0.01018259    -5.01229365    -5.00211105    -5.21845727    -5.03629095    -5.01229365
       33     0.00975215    -5.01248107    -5.00272892    -5.21640299    -5.03504515    -5.01248107
       34     0.00929321    -5.01259757    -5.00330436    -5.21435127    -5.03376517    -5.01259757
       35     0.00881962    -5.01269018    -5.00387056    -5.21231243    -5.03242456    -5.01269018
       36     0.00834494    -5.01276977    -5.00442483    -5.21029731    -5.03103418    -5.01276977
       37     0.00788237    -5.01281118    -5.00492881    -5.20831751    -5.02960562    -5.01281118
       38     0.00744445    -5.01282654    -5.00538209    -5.20638515    -5.02815100    -5.01282654
       39     0.00704251    -5.01286447    -5.00582197    -5.20451212    -5.02668221    -5.01286447
       40     0.00668637    -5.01293651    -5.00625014    -5.20270994    -5.02524753    -5.01293651
       41     0.00638408    -5.01301650    -5.00663242    -5.20098921    -5.02382080    -5.01301650
       42     0.00614124    -5.01314980    -5.00700856    -5.19935854    -5.02244737    -5.01314980
       43     0.00596070    -5.01330602    -5.00734532    -5.19782430    -5.02109688    -5.01330602
       44     0.00584149    -5.01352418    -5.00768270    -5.19638874    -5.01984506    -5.01352418
       45     0.00577751    -5.01376427    -5.00798675    -5.19504861    -5.01861517    -5.01376427
       46     0.00575730    -5.01409099    -5.00833369    -5.19379511    -5.01743518    -5.01409099
       47     0.00760741    -5.01632836    -5.00872095    -5.19261480    -5.01632836    -5.01438065
       48     0.00624686    -5.01524543    -5.00899857    -5.19142162    -5.01524543    -5.01469419
       49     0.00569125    -5.01513069    -5.00943943    -5.19042489    -5.01513069    -5.01428545
       50     0.00564965    -5.01538030    -5.00973065    -5.18942503    -5.01538030    -5.01343259
       51     0.00558824    -5.01560853    -5.01002029    -5.18840378    -5.01560853    -5.01252159
       52     0.00547767    -5.01576703    -5.01028936    -5.18734956    -5.01576703    -5.01157761
       53     0.00531389    -5.01585043    -5.01053654    -5.18625697    -5.01585043    -5.01063202
       54     0.00510153    -5.01589725    -5.01079572    -5.18512782    -5.01589725    -5.00961312
       55     0.00485200    -5.01587952    -5.01102752    -5.18397086    -5.01587952    -5.00860316
       56     0.00458182    -5.01581187    -5.01123005    -5.18280073    -5.01581187    -5.00758002
       57     0.00431060    -5.01571287    -5.01140227    -5.18163600    -5.01571287    -5.00659904
       58     0.00405886    -5.01563965    -5.01158079    -5.18049705    -5.01563965    -5.00568059
       59     0.00384577    -5.01557517    -5.01172941    -5.17940359    -5.01557517    -5.00480763
       60     0.00368711    -5.01553621    -5.01184910    -5.17837240    -5.01553621    -5.00403368
       61     0.00359376    -5.01557146    -5.01197771    -5.17741542    -5.01557146    -5.00333394
       62     0.00357069    -5.01568681    -5.01211612    -5.17653854    -5.01568681    -5.00275105
       63     0.00361678    -5.01584485    -5.01222806    -5.17574109    -5.01584485    -5.00228435
       64     0.00372519    -5.01607542    -5.01235024    -5.17501618    -5.01607542    -5.00192694
       65     0.00388434    -5.01636633    -5.01248199    -5.17435161    -5.01636633    -5.00162986
       66     0.00407940    -5.01666479    -5.01258540    -5.17373134    -5.01666479    -5.00141383
       67     0.00429387    -5.01702619    -5.01273232    -5.17313726    -5.01702619    -5.00122399
       68     0.00451135    -5.01735864    -5.01284729    -5.17255097    -5.01735864    -5.00107870
       69     0.00471704    -5.01768190    -5.01296486    -5.17195550    -5.01768190    -5.00092422
       70     0.00489899    -5.01798170    -5.01308270    -5.17133657    -5.01798170    -5.00074627
       71     0.00504907    -5.01828427    -5.01323521    -5.17068366    -5.01828427    -5.00053436
       72     0.00516345    -5.01851002    -5.01334658    -5.16999067    -5.01851002    -5.00031911
       73     0.00524273    -5.01873090    -5.01348817    -5.16925607    -5.01873090    -5.00006225
       74     0.00529159    -5.01891292    -5.01362132    -5.16848261    -5.01891292    -4.99972978
       75     0.00531820    -5.01906261    -5.01374442    -5.16767682    -5.01906261    -4.99936498
       76     0.00533331    -5.01918955    -5.01385623    -5.16684827    -5.01918955    -4.99897743
       77     0.00534929    -5.01934199    -5.01399270    -5.16600848    -5.01934199    -4.99857863
       78     0.00537888    -5.01949562    -5.01411674    -5.16516988    -5.01949562    -4.99818102
       79     0.00543412    -5.01969931    -5.01426519    -5.16434459    -5.01969931    -4.99775998
       80     0.00552518    -5.01989028    -5.01436510    -5.16354332    -5.01989028    -4.99732620
       81     0.00565946    -5.02018709    -5.01452763    -5.16277441    -5.02018709    -4.99692478
       82     0.00584087    -5.02048472    -5.01464385    -5.16204306    -5.02048472    -4.99656092
       83     0.00606943    -5.02085829    -5.01478886    -5.16135090    -5.02085829    -4.99619951
       84     0.00634119    -5.02130578    -5.01496459    -5.16069591    -5.02130578    -4.99587526
       85     0.00664857    -5.02174828    -5.01509971    -5.16007268    -5.02174828    -4.99554603
       86     0.00698102    -5.02228788    -5.01530686    -5.15947305    -5.02228788    -4.99524039
       87     0.00732596    -5.02280432    -5.01547836    -5.15888701    -5.02280432    -4.99491159
       88     0.00766998    -5.02336033    -5.01569035    -5.15830379    -5.02336033    -4.99454887
       89     0.00800004    -5.02394553    -5.01594549    -5.15771302    -5.02394553    -4.99421534
       90     0.00830467    -5.02447748    -5.01617281    -5.15710573    -5.02447748    -4.99379180
       91     0.00857492    -5.02502304    -5.01644813    -5.15647532    -5.02502304    -4.99338189
       92     0.00880505    -5.02557855    -5.01677351    -5.15581810    -5.02557855    -4.99290842
       93     0.00899287    -5.02607005    -5.01707718    -5.15513362    -5.02607005    -4.99240768
       94     0.00913968    -5.02657376    -5.01743408    -5.15442461    -5.02657376    -4.99184567
       95     0.00924990    -5.02705856    -5.01780866    -5.15369668    -5.02705856    -4.99126474
       96     0.00933042    -5.02753239    -5.01820197    -5.15295778    -5.02753239    -4.99067283
       97     0.00938971    -5.02800472    -5.01861500    -5.15221738    -5.02800472    -4.99007943
       98     0.00943697    -5.02848578    -5.01904881    -5.15148572    -5.02848578    -4.98945801
       99     0.00948116    -5.02898573    -5.01950457    -5.15077294    -5.02898573    -4.98885549
      100     0.00953031    -5.02951389    -5.01998358    -5.15008837    -5.02951389    -4.98831792
      101     0.00959080    -5.03007810    -5.02048731    -5.14943986    -5.03007810    -4.98777965
      102     0.00966700    -5.03068426    -5.02101726    -5.14883329    -5.03068426    -4.98728332
      103     0.00976108    -5.03129928    -5.02153820    -5.14827233    -5.03129928    -4.98683262
      104     0.00987307    -5.03199806    -5.02212499    -5.14775838    -5.03199806    -4.98639217
      105     0.01000110    -5.03270634    -5.02270524    -5.14729068    -5.03270634    -4.98603471
      106     0.01014186    -5.03345828    -5.02331642    -5.14686665    -5.03345828    -4.98572093
      107     0.01029114    -5.03421323    -5.02392209    -5.14648237    -5.03421323    -4.98541015
      108     0.01044446    -5.03503994    -5.02459548    -5.14613310    -5.03503994    -4.98517113
      109     0.01059764    -5.03585999    -5.02526235    -5.14581392    -5.03585999    -4.98492544
      110     0.01074732    -5.03670551    -5.02595818    -5.14552021    -5.03670551    -4.98470523
      111     0.01089137    -5.03757270    -5.02668133    -5.14524817    -5.03757270    -4.98450669
      112     0.01102907    -5.03842211    -5.02739304    -5.14499510    -5.03842211    -4.98432713
      113     0.01116117    -5.03932584    -5.02816467    -5.14475961    -5.03932584    -4.98412838
      114     0.01128976    -5.04021028    -5.02892052    -5.14454156    -5.04021028    -4.98394708
      115     0.01141795    -5.04114992    -5.02973198    -5.14434198    -5.04114992    -4.98378425
      116     0.01154951    -5.04207315    -5.03052364    -5.14416273    -5.04207315    -4.98364175
      117     0.01168848    -5.04305586    -5.03136738    -5.14400621    -5.04305586    -4.98344848
      118     0.01183874    -5.04402714    -5.03218840    -5.14387501    -5.04402714    -4.98331728
      119     0.01200365    -5.04506292    -5.03305927    -5.14377157    -5.04506292    -4.98317709
      120     0.01218582    -5.04612845    -5.03394263    -5.14369786    -5.04612845    -4.98302988
