#     Density Matrix: coherence Re-Im; see the manual for detail orders
        0     0.00000000     0.00000000     0.00000000     0.00000000     0.00000000     0.00000000
        1    -0.00000001     0.00000001    -0.00003591     0.00007193     0.00019730    -0.00007677
        2    -0.00000004     0.00000001    -0.00000461     0.00011765     0.00009212    -0.00032277
        3     0.00000006    -0.00000023    -0.00005698     0.00026798    -0.00087799     0.00004771
        4     0.00000068    -0.00000072    -0.00003182     0.00036191    -0.00214762     0.00169955
        5     0.00000247    -0.00000140    -0.00003274     0.00053255    -0.00289897     0.00445576
        6     0.00000445    -0.00000141    -0.00003335     0.00058194    -0.00285762     0.00748874
        7     0.00000739    -0.00000181    -0.00001633     0.00071594    -0.00275786     0.01025377
        8     0.00000995    -0.00000242    -0.00003213     0.00073965    -0.00384227     0.01328227
        9     0.00001525    -0.00000585    -0.00000573     0.00084075    -0.00707595     0.01808864
       10     0.00002241    -0.00001041    -0.00002099     0.00082992    -0.01320925     0.02664700
       11     0.00003739    -0.00002147    -0.00000294     0.00089798    -0.02398743     0.04146691
       12     0.00005760    -0.00003807    -0.00000471     0.00085057    -0.04483659     0.06703066
       13     0.00010178    -0.00008166    -0.00000120     0.00087316    -0.09163142     0.11389475
       14     0.00016186    -0.00017654     0.00003908     0.00074121    -0.20471597     0.20857399
       15     0.00026469    -0.00031390     0.00009272     0.00049280    -0.30984316     0.37983029
       16     0.00032486     0.00002270     0.00001637     0.00023884     0.06573027     0.47268167
       17     0.00026429     0.00045920    -0.00016967     0.00059539     0.34422127     0.35432602
       18     0.00024387     0.00051650     0.00003509     0.00087056     0.42217002     0.17891096
       19     0.00003211     0.00036859     0.00004757     0.00065295     0.42829223     0.00607295
       20    -0.00016724     0.00037280    -0.00005669     0.00079115     0.38239903    -0.13965826
       21    -0.00014241     0.00032247     0.00019258     0.00070470     0.30369652    -0.24691614
       22    -0.00017183     0.00013715     0.00004031     0.00048007     0.21010767    -0.31385990
       23    -0.00025456     0.00010227     0.00003688     0.00063616     0.11564575    -0.34428970
       24    -0.00017004     0.00010576     0.00022542     0.00044404     0.02994287    -0.34487577
       25    -0.00011441    -0.00000982     0.00001298     0.00030979    -0.04135349    -0.32302550
       26    -0.00015753    -0.00003445     0.00005145     0.00047775    -0.09565144    -0.28603426
       27    -0.00010410     0.00001468     0.00021107     0.00028115    -0.13259497    -0.24041834
       28    -0.00003098    -0.00002971    -0.00001435     0.00016274    -0.15368713    -0.19168303
       29    -0.00005401    -0.00005903     0.00000453     0.00035133    -0.16159230    -0.14397930
       30    -0.00004755    -0.00001640     0.00016151     0.00020076    -0.15931775    -0.10004138
       31    -0.00000209    -0.00001325    -0.00001839     0.00007849    -0.14950626    -0.06133316
       32    -0.00000229    -0.00003059    -0.00002955     0.00021722    -0.13414344    -0.02843719
       33    -0.00001370    -0.00001287     0.00011631     0.00011251    -0.11471690    -0.00143921
       34     0.00000000     0.00000000     0.00000000     0.00000000     0.00000000     0.00000000
       35    -0.00033150     0.00040531     0.00000348    -0.00000536    -0.01214146     0.00133384
       36     0.00012781     0.00065825    -0.00000686    -0.00001564    -0.02482837     0.00559319
       37     0.00029688     0.00014497    -0.00001309    -0.00000155    -0.03760771     0.01315069
       38    -0.00023108     0.00006073     0.00001006    -0.00000867    -0.04978964     0.02430686
       39    -0.00021268     0.00058645    -0.00001012    -0.00004420    -0.06075451     0.03919365
       40     0.00029254     0.00045640    -0.00004726    -0.00001517    -0.07001724     0.05781794
       41     0.00006419    -0.00003059    -0.00000251     0.00000758    -0.07678838     0.07998266
       42    -0.00037940     0.00025900     0.00000322    -0.00006173    -0.08010024     0.10511963
       43    -0.00002752     0.00063633    -0.00008398    -0.00005546    -0.07930962     0.13218694
       44     0.00028866     0.00018962    -0.00005337     0.00003314    -0.07401475     0.15974991
       45    -0.00022148    -0.00010869     0.00003594    -0.00003563    -0.06444553     0.18598104
       46    -0.00043490     0.00039151    -0.00006218    -0.00011704    -0.05217005     0.20901753
       47     0.00009199     0.00049947    -0.00012438     0.00000112    -0.03980819     0.22759302
       48     0.00014060    -0.00006322     0.00001177     0.00003830    -0.03019875     0.24157514
       49    -0.00041614    -0.00008042     0.00003305    -0.00011048    -0.02523566     0.25206879
       50    -0.00035593     0.00040303    -0.00010425    -0.00011078    -0.02415308     0.26083292
       51     0.00010197     0.00022314    -0.00006746     0.00002438    -0.02202090     0.26847332
       52    -0.00012676    -0.00024117     0.00007310    -0.00003443    -0.01193653     0.27233220
       53    -0.00053727     0.00001346    -0.00000971    -0.00015492     0.01000882     0.26641058
       54    -0.00018523     0.00035942    -0.00010195    -0.00003273     0.04070689     0.24410854
       55     0.00017159    -0.00005703     0.00002482     0.00003231     0.07036750     0.20259272
       56    -0.00022966    -0.00033259     0.00002944    -0.00006428     0.08683711     0.14584238
       57    -0.00036118     0.00015214    -0.00004278    -0.00001867     0.08096677     0.08506409
       58     0.00000000     0.00000000     0.00000000     0.00000000     0.00000000     0.00000000
       59    -0.00004947     0.00003366     0.00000194    -0.00000291    -0.05397462     0.02195350
       60    -0.00006328     0.00007250    -0.00000095    -0.00000952    -0.06741727     0.07180435
       61    -0.00004718     0.00003838    -0.00000292    -0.00000670    -0.03179577     0.11407986
       62    -0.00006600    -0.00003481     0.00000189    -0.00000879     0.03207267     0.11443286
       63    -0.00007264    -0.00002121    -0.00000466    -0.00000643     0.08206654     0.06365890
       64     0.00000000     0.00000000     0.00000000     0.00000000     0.00000000     0.00000000
       65    -0.00003791     0.00003448     0.00000038    -0.00000096    -0.01802376     0.00891825
       66    -0.00002009     0.00007186    -0.00000159    -0.00000193    -0.01911280     0.02740365
       67    -0.00000431     0.00004265    -0.00000163    -0.00000025    -0.00207351     0.03830999
       68    -0.00003754     0.00003583    -0.00000179    -0.00000042     0.01937420     0.02959218
       69    -0.00002996     0.00008863    -0.00000129     0.00000218     0.02648568     0.00556484
       70     0.00002605     0.00009667     0.00000177     0.00000078     0.01213789    -0.01504628
       71     0.00000128     0.00006753     0.00000101    -0.00000081    -0.01164644    -0.01515954
       72    -0.00005378     0.00013180     0.00000065    -0.00000330    -0.02318512     0.00449678
       73    -0.00001031     0.00019135    -0.00000450    -0.00000236    -0.01101226     0.02410761
       74     0.00001081     0.00015703    -0.00000345     0.00000235     0.01336589     0.02286315
       75    -0.00004667     0.00018062    -0.00000123     0.00000457     0.02536049     0.00025056
       76    -0.00003220     0.00027810     0.00000570     0.00000407     0.01209535    -0.02189179
       77     0.00002167     0.00029241     0.00000592    -0.00000429    -0.01309355    -0.02119543
       78    -0.00002414     0.00028661     0.00000025    -0.00000678    -0.02355250     0.00110614
       79    -0.00006234     0.00037545    -0.00000715    -0.00000418    -0.00775449     0.02031923
       80    -0.00000433     0.00043326    -0.00000637     0.00000745     0.01733541     0.01451279
       81     0.00000312     0.00041548     0.00000466     0.00000998     0.02408468    -0.01101951
       82    -0.00005503     0.00047489     0.00001346     0.00000387     0.00478771    -0.02887039
       83    -0.00003277     0.00058128     0.00001215    -0.00001052    -0.01920607    -0.01980843
       84     0.00000221     0.00059952    -0.00000333    -0.00001274    -0.02125460     0.00547952
       85    -0.00003359     0.00061830    -0.00001126     0.00000014     0.00121160     0.01813248
       86    -0.00004769     0.00069343    -0.00000318     0.00001591     0.02313505     0.00298767
       87    -0.00001958     0.00075816     0.00001751     0.00001522     0.01944796    -0.02357003
       88    -0.00001161     0.00079182     0.00002550    -0.00000413    -0.00568189    -0.03208684
       89    -0.00003417     0.00084051     0.00001228    -0.00001967    -0.02394446    -0.01362299
       90    -0.00003799     0.00090848    -0.00000907    -0.00001413    -0.01510818     0.01060935
       91    -0.00001820     0.00095003    -0.00001283     0.00001006     0.01084099     0.01329033
       92    -0.00001877     0.00097505     0.00000813     0.00002478     0.02522864    -0.00881859
       93    -0.00003188     0.00102966     0.00003237     0.00001380     0.01240020    -0.03178814
       94    -0.00002193     0.00109581     0.00003437    -0.00001418    -0.01354938    -0.03105871
       95    -0.00000871     0.00113014     0.00000918    -0.00002779    -0.02463352    -0.00792844
       96    -0.00002259     0.00115026    -0.00001414    -0.00001091    -0.00923804     0.01247543
       97    -0.00003508     0.00119177    -0.00001061     0.00001878     0.01600365     0.00843262
       98    -0.00001485     0.00123673     0.00001899     0.00003044     0.02440689    -0.01563408
       99     0.00000719     0.00125852     0.00004345     0.00000898     0.00732003    -0.03443872
      100    -0.00000394     0.00127754     0.00003653    -0.00002214    -0.01739976    -0.02850632
      101    -0.00002408     0.00131452     0.00000587    -0.00003190    -0.02432831    -0.00401978
      102    -0.00001750     0.00134440    -0.00001877    -0.00000911    -0.00658854     0.01404039
      103     0.00000052     0.00134508    -0.00001013     0.00002391     0.01776948     0.00753722
      104     0.00000520     0.00134278     0.00002260     0.00003195     0.02383662    -0.01672484
      105     0.00000080     0.00136242     0.00004593     0.00000720     0.00529636    -0.03366963
      106    -0.00000030     0.00139328     0.00003597    -0.00002646    -0.01897926    -0.02578946
      107     0.00000306     0.00140467     0.00000079    -0.00003459    -0.02461169    -0.00061784
      108    -0.00000054     0.00139216    -0.00002373    -0.00000836    -0.00599294     0.01703940
      109    -0.00000847     0.00138301    -0.00001389     0.00002509     0.01819539     0.00992808
      110    -0.00000538     0.00139587     0.00001995     0.00003311     0.02364559    -0.01437218
      111     0.00001020     0.00141696     0.00004403     0.00000675     0.00498128    -0.03101006
      112     0.00001669     0.00142420     0.00003226    -0.00002757    -0.01907031    -0.02285776
      113    -0.00000012     0.00142158    -0.00000346    -0.00003450    -0.02425716     0.00243221
      114    -0.00002194     0.00142491    -0.00002785    -0.00000766    -0.00507038     0.01961376
      115    -0.00002291     0.00143949    -0.00001680     0.00002704     0.01895482     0.01136315
      116    -0.00000428     0.00145812     0.00001968     0.00003344     0.02287810    -0.01355425
      117     0.00000085     0.00148014     0.00004244     0.00000324     0.00220464    -0.02864588
      118    -0.00001115     0.00151214     0.00002618    -0.00003200    -0.02127314    -0.01714391
      119    -0.00002503     0.00153753    -0.00001371    -0.00003436    -0.02218572     0.00927150
      120    -0.00003931     0.00155944    -0.00003501     0.00000026     0.00072937     0.02241965
