#     Density Matrix: coherence Re-Im; see the manual for detail orders
        0     0.00000000     0.00000000
        1     0.00000498    -0.00001437
        2    -0.00000348    -0.00001025
        3     0.00000524    -0.00001399
        4    -0.00000184    -0.00001780
        5     0.00000243    -0.00001509
        6     0.00000123    -0.00002121
        7     0.00000045    -0.00001920
        8     0.00000272    -0.00002324
        9     0.00000064    -0.00002490
       10     0.00000265    -0.00002695
       11     0.00000196    -0.00003119
       12     0.00000234    -0.00003350
       13     0.00000312    -0.00003833
       14     0.00000270    -0.00004236
       15     0.00000371    -0.00004700
       16     0.00000372    -0.00005256
       17    -0.00411197     0.00450853
       18     0.00331552     0.00689703
       19    -0.00057404    -0.00043317
       20    -0.00117730     0.00480578
       21     0.00125958     0.00190364
       22    -0.00125139     0.00233674
       23     0.00007779     0.00322963
       24    -0.00020030     0.00231769
       25    -0.00058205     0.00293225
       26    -0.00021411     0.00298591
       27    -0.00040154     0.00289446
       28    -0.00045924     0.00313706
       29    -0.00037534     0.00319407
       30    -0.00043364     0.00322273
       31    -0.00046359     0.00333637
       32    -0.00044551     0.00340541
       33    -0.00046286     0.00344976
       34    -0.00048387     0.00351723
       35    -0.00048246     0.00357734
       36    -0.00048128     0.00361694
       37    -0.00048409     0.00365182
       38    -0.00047790     0.00368131
       39    -0.00046302     0.00369493
       40    -0.00044620     0.00369231
       41    -0.00042738     0.00367744
       42    -0.00040418     0.00364973
       43    -0.00037816     0.00360738
       44    -0.00035234     0.00355198
       45    -0.00032767     0.00348682
       46    -0.00030378     0.00341414
       47    -0.00028097     0.00333527
       48    -0.00026021     0.00325205
       49    -0.00024198     0.00316694
       50    -0.00022590     0.00308205
       51    -0.00021144     0.00299858
       52    -0.00019844     0.00291728
       53    -0.00018687     0.00283886
       54    -0.00017651     0.00276392
       55    -0.00016699     0.00269270
       56    -0.00015796     0.00262499
       57    -0.00014931     0.00256032
       58    -0.00014103     0.00249816
       59    -0.00013314     0.00243789
       60    -0.00012563     0.00237883
       61    -0.00011851     0.00232019
       62    -0.00011183     0.00226113
       63    -0.00010560     0.00220086
       64    -0.00009980     0.00213861
       65    -0.00009435     0.00207374
       66    -0.00008909     0.00200567
       67    -0.00008366     0.00193390
       68    -0.00007766     0.00185794
       69    -0.00007062     0.00177727
       70    -0.00006203     0.00169134
       71    -0.00005139     0.00159959
       72    -0.00003828     0.00150136
       73    -0.00002233     0.00139600
       74    -0.00000322     0.00128275
       75     0.00001931     0.00116083
       76     0.00004030     0.00103090
       77     0.00006364     0.00089627
       78     0.00009826     0.00075172
       79     0.00014219     0.00059098
       80     0.00019118     0.00041144
       81     0.00024206     0.00021390
       82     0.00029462     0.00000052
       83     0.00035144    -0.00022757
       84     0.00041661    -0.00047150
       85     0.00049436    -0.00073474
       86     0.00058834    -0.00102241
       87     0.00070183    -0.00134051
       88     0.00083841    -0.00169563
       89     0.00100297    -0.00209518
       90     0.00120251    -0.00254804
       91     0.00144689    -0.00306547
       92     0.00174972    -0.00366197
       93     0.00212938    -0.00435634
       94     0.00261113    -0.00517284
       95     0.00322888    -0.00614267
       96     0.00402907    -0.00730546
       97     0.00507715    -0.00871192
       98     0.00646563    -0.01042725
       99     0.00832671    -0.01253542
      100     0.01085146    -0.01514486
      101     0.01431936    -0.01839565
      102     0.01914462    -0.02246862
      103     0.02595013    -0.02759675
      104     0.03568593    -0.03407881
      105     0.04981967    -0.04229489
      106     0.07063287    -0.05272226
      107     0.10162593    -0.06594706
      108     0.14779330    -0.08266214
      109     0.21446795    -0.10362939
      110     0.30072705    -0.12957582
      111     0.40717586    -0.16993427
      112     0.44974237    -0.21194820
      113     0.41514756    -0.25643246
      114     0.34097365    -0.30086609
      115     0.25232153    -0.34041049
      116     0.15381909    -0.36836234
      117     0.04689752    -0.37656330
      118    -0.06362964    -0.35661716
      119    -0.16766106    -0.30214818
      120    -0.25015352    -0.21198265
      121    -0.29378475    -0.09351459
      122    -0.28420342     0.03528600
      123    -0.21709222     0.14731031
      124    -0.10451831     0.21284462
      125     0.02344536     0.21082370
      126     0.12557319     0.14103804
      127     0.16528826     0.03041799
      128     0.12992990    -0.07355581
      129     0.04236065    -0.12393272
      130    -0.04646600    -0.10133112
      131    -0.08582906    -0.02919682
      132    -0.05926206     0.03870768
      133     0.00237034     0.05616563
      134     0.04512725     0.02050532
      135     0.03816405    -0.02683164
      136    -0.00000153    -0.04080231
      137    -0.02433194    -0.01686568
      138    -0.01351632     0.00939996
      139     0.00994823     0.00802474
      140     0.01423041    -0.01082603
      141     0.00014961    -0.01773467
      142    -0.00717693    -0.00761954
      143     0.00029510    -0.00101867
      144     0.00602788    -0.00681108
      145     0.00167137    -0.01159098
      146    -0.00165693    -0.00830241
      147     0.00145543    -0.00638450
      148     0.00289757    -0.00947774
      149     0.00077524    -0.01064683
      150     0.00082954    -0.00955595
      151     0.00206022    -0.01061459
      152     0.00129182    -0.01182717
      153     0.00067630    -0.01119500
      154     0.00075788    -0.01056259
      155     0.00016605    -0.00955854
      156    -0.00009328    -0.00774398
      157     0.00004044    -0.00636374
      158    -0.00008464    -0.00522115
      159    -0.00005146    -0.00416227
      160    -0.00000540    -0.00346689
      161    -0.00004094    -0.00286603
      162    -0.00000430    -0.00239376
      163    -0.00001081    -0.00205054
      164    -0.00000981    -0.00174514
      165    -0.00000033    -0.00151986
      166    -0.00000669    -0.00132756
      167    -0.00000046    -0.00116923
      168    -0.00000261    -0.00104209
      169    -0.00000165    -0.00093007
      170    -0.00000083    -0.00083979
      171    -0.00000177    -0.00075997
      172    -0.00000058    -0.00069281
      173    -0.00000136    -0.00063457
      174    -0.00000074    -0.00058353
      175    -0.00000093    -0.00053971
      176    -0.00000114    -0.00050017
      177    -0.00000046    -0.00046606
      178    -0.00000078    -0.00043625
      179    -0.00000047    -0.00040941
      180    -0.00000044    -0.00038620
      181    -0.00000040    -0.00036512
      182    -0.00000020    -0.00034677
      183     0.00000013    -0.00033067
      184    -0.00000054    -0.00031608
      185     0.00000018    -0.00030228
      186    -0.00000028    -0.00029104
      187    -0.00000070    -0.00027864
      188     0.00000018    -0.00026869
      189    -0.00000079    -0.00025924
      190    -0.00000027    -0.00024975
      191    -0.00000083    -0.00024157
      192    -0.00000092    -0.00023236
      193    -0.00000101    -0.00022436
      194    -0.00000159    -0.00021532
      195    -0.00000144    -0.00020672
      196    -0.00000217    -0.00019763
      197    -0.00000210    -0.00018803
      198    -0.00000266    -0.00017849
      199    -0.00000287    -0.00016787
      200    -0.00000312    -0.00015746
      201    -0.00000361    -0.00014596
      202    -0.00000363    -0.00013440
      203    -0.00000419    -0.00012220
      204    -0.00000418    -0.00010947
      205    -0.00000458    -0.00009664
      206    -0.00000471    -0.00008301
      207    -0.00000484    -0.00006956
      208    -0.00000512    -0.00005543
      209    -0.00000502    -0.00004143
      210    -0.00000533    -0.00002719
      211    -0.00000518    -0.00001283
      212    -0.00000534     0.00000125
      213    -0.00000529     0.00001560
      214    -0.00000521     0.00002940
      215    -0.00000528     0.00004332
      216    -0.00000504     0.00005674
      217    -0.00000513     0.00006991
      218    -0.00000486     0.00008279
      219    -0.00000486     0.00009505
      220    -0.00000470     0.00010719
      221    -0.00000454     0.00011854
      222    -0.00000451     0.00012972
      223    -0.00000425     0.00014024
      224    -0.00000430     0.00015037
      225    -0.00000405     0.00016010
      226    -0.00000407     0.00016922
      227    -0.00000395     0.00017819
      228    -0.00000388     0.00018649
      229    -0.00000392     0.00019469
      230    -0.00000379     0.00020240
      231    -0.00000394     0.00020991
      232    -0.00000386     0.00021721
      233    -0.00000401     0.00022420
      234    -0.00000406     0.00023122
      235    -0.00000417     0.00023794
      236    -0.00000436     0.00024478
      237    -0.00000447     0.00025147
      238    -0.00000476     0.00025828
      239    -0.00000526     0.00026557
      240    -0.00000502     0.00027285
      241    -0.00000558     0.00027955
      242    -0.00000602     0.00028750
      243    -0.00000573     0.00029459
      244    -0.00000709     0.00030248
      245    -0.00000687     0.00031164
      246    -0.00000773     0.00032009
      247    -0.00000825     0.00033057
      248    -0.00000859     0.00034048
      249    -0.00000963     0.00035211
      250    -0.00000983     0.00036410
      251    -0.00001095     0.00037709
      252    -0.00001135     0.00039133
      253    -0.00001222     0.00040604
      254    -0.00001291     0.00042231
      255    -0.00001348     0.00043897
      256    -0.00001425     0.00045681
      257    -0.00001503     0.00047561
      258    -0.00001483     0.00049472
      259    -0.00001525     0.00051287
      260    -0.00001522     0.00053166
      261    -0.00001458     0.00054850
      262    -0.00001423     0.00056421
      263    -0.00001272     0.00057724
      264    -0.00001140     0.00058665
      265    -0.00000917     0.00059206
      266    -0.00000654     0.00059145
      267    -0.00000355     0.00058472
      268     0.00000026     0.00057006
      269     0.00000413     0.00054685
      270     0.00000858     0.00051442
      271     0.00001306     0.00047199
      272     0.00001755     0.00041992
      273     0.00002195     0.00035815
      274     0.00002582     0.00028777
      275     0.00002931     0.00021000
      276     0.00003197     0.00012649
      277     0.00003388     0.00003957
      278     0.00003499    -0.00004871
      279     0.00003519    -0.00013572
      280     0.00003477    -0.00021927
      281     0.00003364    -0.00029729
      282     0.00003210    -0.00036797
      283     0.00003024    -0.00043016
      284     0.00002821    -0.00048294
      285     0.00002622    -0.00052608
      286     0.00002427    -0.00055967
      287     0.00002252    -0.00058417
      288     0.00002098    -0.00060040
      289     0.00001969    -0.00060934
      290     0.00001866    -0.00061214
      291     0.00001784    -0.00060997
      292     0.00001668    -0.00060330
      293     0.00001717    -0.00059407
      294     0.00001661    -0.00058457
      295     0.00001660    -0.00057307
      296     0.00001695    -0.00056276
      297     0.00001695    -0.00055270
      298     0.00001760    -0.00054432
      299     0.00001795    -0.00053784
      300     0.00001867    -0.00053348
