#    Step     Kinetic(H)     Potential(H)   Total(H)       E(0)(H)        E(1)(H)        
        0     0.00321692    -6.14715610    -6.14393918    -6.41445886    -6.14715610
        1     0.00252438    -6.14645433    -6.14392995    -6.41398365    -6.14645433
        2     0.00220882    -6.14612111    -6.14391229    -6.41362340    -6.14612111
        3     0.00231771    -6.14620196    -6.14388425    -6.41342245    -6.14620196
        4     0.00288351    -6.14672235    -6.14383884    -6.41340919    -6.14672235
        5     0.00391687    -6.14768272    -6.14376585    -6.41359096    -6.14768272
        6     0.00539743    -6.14905429    -6.14365686    -6.41394994    -6.14905429
        7     0.00726362    -6.15077693    -6.14351331    -6.41444119    -6.15077693
        8     0.00940467    -6.15276033    -6.14335566    -6.41499404    -6.15276033
        9     0.01165926    -6.15488937    -6.14323011    -6.41551771    -6.15488937
       10     0.01382493    -6.15703408    -6.14320915    -6.41591113    -6.15703408
       11     0.01568124    -6.15906383    -6.14338259    -6.41607675    -6.15906383
       12     0.01702481    -6.16086366    -6.14383885    -6.41593609    -6.16086366
       13     0.01770906    -6.16234942    -6.14464036    -6.41544305    -6.16234942
       14     0.01767830    -6.16347771    -6.14579941    -6.41459199    -6.16347771
       15     0.01698528    -6.16424972    -6.14726444    -6.41341920    -6.16424972
       16     0.01578217    -6.16470624    -6.14892407    -6.41199543    -6.16470624
       17     0.01428277    -6.16491487    -6.15063210    -6.41041093    -6.16491487
       18     0.01270785    -6.16495434    -6.15224649    -6.40875834    -6.16495434
       19     0.01123447    -6.16489983    -6.15366536    -6.40711772    -6.16489983
       20     0.00996929    -6.16481225    -6.15484296    -6.40554721    -6.16481225
       21     0.00895064    -6.16473345    -6.15578281    -6.40408077    -6.16473345
       22     0.00896626    -6.14767393    -6.13870767    -6.39602118    -6.14767393
       23     0.01024508    -6.14982427    -6.13957919    -6.39488698    -6.14982427
       24     0.01195289    -6.15238970    -6.14043681    -6.39362537    -6.15238970
       25     0.01384412    -6.15522792    -6.14138380    -6.39227115    -6.15522792
       26     0.01576250    -6.15824288    -6.14248038    -6.39079892    -6.15824288
       27     0.01754874    -6.16133605    -6.14378731    -6.38917673    -6.16133605
       28     0.01905157    -6.16440854    -6.14535697    -6.38737407    -6.16440854
       29     0.02014751    -6.16736672    -6.14721921    -6.38536724    -6.16736672
       30     0.02076135    -6.17012981    -6.14936846    -6.38314401    -6.17012981
       31     0.02087916    -6.17263676    -6.15175760    -6.38070672    -6.17263676
       32     0.02054709    -6.17485054    -6.15430345    -6.37807304    -6.17485054
       33     0.01985632    -6.17676062    -6.15690430    -6.37527537    -6.17676062
       34     0.01891908    -6.17838070    -6.15946162    -6.37235760    -6.17838070
       35     0.01784614    -6.17974410    -6.16189796    -6.36937099    -6.17974410
       36     0.01673204    -6.18089812    -6.16416608    -6.36637056    -6.18089812
       37     0.01564880    -6.18189670    -6.16624790    -6.36341035    -6.18189670
       38     0.01464621    -6.18279357    -6.16814736    -6.36053933    -6.18279357
       39     0.01375519    -6.18363709    -6.16988190    -6.35779838    -6.18363709
       40     0.01299059    -6.18446594    -6.17147535    -6.35521714    -6.18446594
       41     0.01235343    -6.18530589    -6.17295246    -6.35281206    -6.18530589
       42     0.01183338    -6.18616941    -6.17433603    -6.35058611    -6.18616941
       43     0.01141137    -6.18705643    -6.17564506    -6.34852990    -6.18705643
       44     0.01106266    -6.18795660    -6.17689394    -6.34662397    -6.18795660
       45     0.01076034    -6.18885270    -6.17809236    -6.34484227    -6.18885270
       46     0.01047907    -6.18972476    -6.17924569    -6.34315622    -6.18972476
       47     0.01019806    -6.19055381    -6.18035575    -6.34153840    -6.19055381
       48     0.00990304    -6.19132478    -6.18142174    -6.33996554    -6.19132478
       49     0.00958704    -6.19202836    -6.18244132    -6.33842028    -6.19202836
       50     0.00925012    -6.19266189    -6.18341177    -6.33689206    -6.19266189
       51     0.00889832    -6.19322911    -6.18433079    -6.33537697    -6.19322911
       52     0.00854180    -6.19373921    -6.18519741    -6.33387666    -6.19373921
       53     0.00819302    -6.19420509    -6.18601207    -6.33239687    -6.19420509
       54     0.00786481    -6.19464184    -6.18677703    -6.33094566    -6.19464184
       55     0.00756899    -6.19506499    -6.18749600    -6.32953191    -6.19506499
       56     0.00731533    -6.19548921    -6.18817388    -6.32816400    -6.19548921
       57     0.00711092    -6.19592738    -6.18881646    -6.32684887    -6.19592738
       58     0.00695992    -6.19638986    -6.18942994    -6.32559140    -6.19638986
       59     0.00686359    -6.19688426    -6.19002067    -6.32439410    -6.19688426
       60     0.00682055    -6.19741544    -6.19059489    -6.32325711    -6.19741544
       61     0.00682720    -6.19798566    -6.19115846    -6.32217851    -6.19798566
       62     0.00687822    -6.19859505    -6.19171683    -6.32115460    -6.19859505
       63     0.00696713    -6.19924212    -6.19227499    -6.32018042    -6.19924212
       64     0.00708684    -6.19992419    -6.19283735    -6.31925033    -6.19992419
       65     0.00723023    -6.20063812    -6.19340789    -6.31835849    -6.20063812
       66     0.00739064    -6.20138077    -6.19399013    -6.31749936    -6.20138077
       67     0.00756236    -6.20214950    -6.19458714    -6.31666820    -6.20214950
       68     0.00774090    -6.20294256    -6.19520166    -6.31586143    -6.20294256
       69     0.00792324    -6.20375938    -6.19583614    -6.31507678    -6.20375938
       70     0.00810788    -6.20460077    -6.19649289    -6.31431345    -6.20460077
       71     0.00829473    -6.20546879    -6.19717406    -6.31357209    -6.20546879
       72     0.00848484    -6.20636668    -6.19788184    -6.31285450    -6.20636668
       73     0.00868000    -6.20729850    -6.19861850    -6.31216332    -6.20729850
       74     0.00888225    -6.20826868    -6.19938643    -6.31150154    -6.20826868
       75     0.00909339    -6.20928149    -6.20018810    -6.31087205    -6.20928149
       76     0.00931455    -6.21034065    -6.20102610    -6.31027712    -6.21034065
       77     0.00954583    -6.21144890    -6.20190307    -6.30971797    -6.21144890
       78     0.00978622    -6.21260772    -6.20282150    -6.30919462    -6.21260772
       79     0.01003361    -6.21381718    -6.20378357    -6.30870571    -6.21381718
       80     0.01028499    -6.21507614    -6.20479115    -6.30824861    -6.21507614
       81     0.01053691    -6.21638236    -6.20584545    -6.30781966    -6.21638236
       82     0.01078574    -6.21773286    -6.20694712    -6.30741454    -6.21773286
       83     0.01102806    -6.21912434    -6.20809628    -6.30702858    -6.21912434
       84     0.01126121    -6.22055352    -6.20929231    -6.30665720    -6.22055352
       85     0.01148340    -6.22201741    -6.21053401    -6.30629623    -6.22201741
       86     0.01169386    -6.22351363    -6.21181977    -6.30594210    -6.22351363
       87     0.01189271    -6.22504049    -6.21314778    -6.30559191    -6.22504049
       88     0.01208086    -6.22659696    -6.21451610    -6.30524358    -6.22659696
       89     0.01225974    -6.22818267    -6.21592293    -6.30489562    -6.22818267
       90     0.01243103    -6.22979774    -6.21736671    -6.30454706    -6.22979774
       91     0.01259642    -6.23144255    -6.21884613    -6.30419733    -6.23144255
       92     0.01275737    -6.23311766    -6.22036029    -6.30384600    -6.23311766
       93     0.01291501    -6.23482359    -6.22190858    -6.30349270    -6.23482359
       94     0.01307000    -6.23656073    -6.22349073    -6.30313693    -6.23656073
       95     0.01322259    -6.23832921    -6.22510662    -6.30277815    -6.23832921
       96     0.01337262    -6.24012891    -6.22675629    -6.30241554    -6.24012891
       97     0.01351959    -6.24195941    -6.22843982    -6.30204813    -6.24195941
       98     0.01366280    -6.24382006    -6.23015726    -6.30167471    -6.24382006
       99     0.01380157    -6.24570992    -6.23190835    -6.30129410    -6.24570992
      100     0.01393511    -6.24762802    -6.23369291    -6.30090491    -6.24762802
      101     0.01406263    -6.24957328    -6.23551065    -6.30050591    -6.24957328
      102     0.01418362    -6.25154461    -6.23736099    -6.30009596    -6.25154461
      103     0.01429774    -6.25354098    -6.23924324    -6.29967402    -6.25354098
      104     0.01440478    -6.25556125    -6.24115647    -6.29923933    -6.25556125
      105     0.01450460    -6.25760432    -6.24309972    -6.29879120    -6.25760432
      106     0.01459707    -6.25966897    -6.24507190    -6.29832915    -6.25966897
      107     0.01468196    -6.26175380    -6.24707184    -6.29785298    -6.26175380
      108     0.01475889    -6.26385710    -6.24909821    -6.29736279    -6.26385710
      109     0.01482707    -6.26597662    -6.25114955    -6.29685908    -6.26597662
      110     0.01488517    -6.26810931    -6.25322414    -6.29634290    -6.26810931
      111     0.01493094    -6.27025067    -6.25531973    -6.29581628    -6.27025067
      112     0.01496075    -6.27239429    -6.25743354    -6.29528263    -6.27239429
      113     0.01496881    -6.27453057    -6.25956176    -6.29474813    -6.27453057
      114     0.01494563    -6.27664459    -6.26169896    -6.29422377    -6.27664459
      115     0.01487497    -6.27871208    -6.26383711    -6.29372945    -6.27871208
      116     0.01472789    -6.28069152    -6.26596363    -6.29330191    -6.28069152
      117     0.01445236    -6.28250985    -6.26805749    -6.29300905    -6.28250985
      118     0.01396361    -6.28404468    -6.27008107    -6.29296818    -6.28404468
      119     0.02023710    -6.29333252    -6.27309542    -6.29333252    -6.28513889
      120     0.01836642    -6.29432864    -6.27596222    -6.29432864    -6.28555184
      121     0.01728521    -6.29601920    -6.27873399    -6.29601920    -6.28526364
      122     0.01664898    -6.29806364    -6.28141466    -6.29806364    -6.28460161
      123     0.01624899    -6.30027213    -6.28402314    -6.30027213    -6.28374520
      124     0.01598481    -6.30255969    -6.28657488    -6.30255969    -6.28277141
      125     0.01580493    -6.30488762    -6.28908269    -6.30488762    -6.28171243
      126     0.01567910    -6.30723685    -6.29155775    -6.30723685    -6.28058169
      127     0.01558745    -6.30959692    -6.29400947    -6.30959692    -6.27938438
      128     0.01551608    -6.31196126    -6.29644518    -6.31196126    -6.27812186
      129     0.01545510    -6.31432517    -6.29887007    -6.31432517    -6.27679365
      130     0.01539759    -6.31668493    -6.30128734    -6.31668493    -6.27539857
      131     0.01533890    -6.31903740    -6.30369850    -6.31903740    -6.27393513
      132     0.01527602    -6.32137976    -6.30610374    -6.32137976    -6.27240190
      133     0.01520710    -6.32370939    -6.30850229    -6.32370939    -6.27079740
      134     0.01513113    -6.32602374    -6.31089261    -6.32602374    -6.26912046
      135     0.01504772    -6.32832060    -6.31327288    -6.32832060    -6.26737004
      136     0.01495688    -6.33059789    -6.31564101    -6.33059789    -6.26554556
      137     0.01485893    -6.33285382    -6.31799489    -6.33285382    -6.26364676
      138     0.01475403    -6.33508673    -6.32033270    -6.33508673    -6.26167364
      139     0.01464264    -6.33729505    -6.32265241    -6.33729505    -6.25962661
      140     0.01452546    -6.33947747    -6.32495201    -6.33947747    -6.25750645
      141     0.01440307    -6.34163288    -6.32722981    -6.34163288    -6.25531440
      142     0.01427608    -6.34376039    -6.32948431    -6.34376039    -6.25305215
      143     0.01414508    -6.34585921    -6.33171413    -6.34585921    -6.25072176
      144     0.01401060    -6.34792865    -6.33391805    -6.34792865    -6.24832569
      145     0.01387319    -6.34996822    -6.33609503    -6.34996822    -6.24586680
      146     0.01373342    -6.35197755    -6.33824413    -6.35197755    -6.24334843
      147     0.01359185    -6.35395644    -6.34036459    -6.35395644    -6.24077434
      148     0.01344902    -6.35590484    -6.34245582    -6.35590484    -6.23814868
      149     0.01330530    -6.35782283    -6.34451753    -6.35782283    -6.23547594
      150     0.01316114    -6.35971047    -6.34654933    -6.35971047    -6.23276101
      151     0.01301717    -6.36156808    -6.34855091    -6.36156808    -6.23000902
      152     0.01287394    -6.36339617    -6.35052223    -6.36339617    -6.22722538
      153     0.01273220    -6.36519537    -6.35246317    -6.36519537    -6.22441579
      154     0.01259261    -6.36696655    -6.35437394    -6.36696655    -6.22158607
      155     0.01245599    -6.36871100    -6.35625501    -6.36871100    -6.21874204
      156     0.01232329    -6.37043016    -6.35810687    -6.37043016    -6.21588959
      157     0.01219554    -6.37212602    -6.35993048    -6.37212602    -6.21303436
      158     0.01207426    -6.37380124    -6.36172698    -6.37380124    -6.21018162
      159     0.01196151    -6.37545935    -6.36349784    -6.37545935    -6.20733609
      160     0.01186010    -6.37710510    -6.36524500    -6.37710510    -6.20450159
      161     0.01177399    -6.37874519    -6.36697120    -6.37874519    -6.20168042
      162     0.01170877    -6.38038882    -6.36868005    -6.38038882    -6.19887293
      163     0.01167223    -6.38204886    -6.37037663    -6.38204886    -6.19607655
      164     0.01167471    -6.38374268    -6.37206797    -6.38374268    -6.19328535
      165     0.01172820    -6.38549191    -6.37376371    -6.38549191    -6.19049054
      166     0.01184185    -6.38731815    -6.37547630    -6.38731815    -6.18768505
      167     0.01201150    -6.38923054    -6.37721904    -6.38923054    -6.18487526
      168     0.01220801    -6.39120772    -6.37899971    -6.39120772    -6.18209675
      169     0.01238016    -6.39319698    -6.38081682    -6.39319698    -6.17941128
      170     0.01247761    -6.39513552    -6.38265791    -6.39513552    -6.17688273
      171     0.01247299    -6.39697952    -6.38450653    -6.39697952    -6.17454867
      172     0.01236484    -6.39870976    -6.38634492    -6.39870976    -6.17241798
      173     0.01216776    -6.40032360    -6.38815584    -6.40032360    -6.17048203
      174     0.01190217    -6.40182632    -6.38992415    -6.40182632    -6.16872510
      175     0.01158826    -6.40322607    -6.39163781    -6.40322607    -6.16713010
      176     0.01124333    -6.40453129    -6.39328796    -6.40453129    -6.16568121
      177     0.01088104    -6.40574981    -6.39486877    -6.40574981    -6.16436449
      178     0.01051160    -6.40688847    -6.39637687    -6.40688847    -6.16316797
      179     0.01014218    -6.40795312    -6.39781094    -6.40795312    -6.16208132
      180     0.00977751    -6.40894875    -6.39917124    -6.40894875    -6.16109563
      181     0.00942063    -6.40987957    -6.40045894    -6.40987957    -6.16020306
      182     0.00907325    -6.41074913    -6.40167588    -6.41074913    -6.15939668
      183     0.00873617    -6.41156048    -6.40282431    -6.41156048    -6.15867022
      184     0.00840956    -6.41231631    -6.40390675    -6.41231631    -6.15801800
      185     0.00809325    -6.41301898    -6.40492573    -6.41301898    -6.15743480
      186     0.00778673    -6.41367069    -6.40588396    -6.41367069    -6.15691582
      187     0.00748952    -6.41427348    -6.40678396    -6.41427348    -6.15645667
      188     0.00720129    -6.41482933    -6.40762804    -6.41482933    -6.15605322
      189     0.00692159    -6.41534020    -6.40841861    -6.41534020    -6.15570166
      190     0.00665004    -6.41580803    -6.40915799    -6.41580803    -6.15539842
      191     0.00638635    -6.41623479    -6.40984844    -6.41623479    -6.15514019
      192     0.00613033    -6.41662244    -6.41049211    -6.41662244    -6.15492389
      193     0.00588180    -6.41697299    -6.41109119    -6.41697299    -6.15474658
      194     0.00564075    -6.41728843    -6.41164768    -6.41728843    -6.15460550
      195     0.00540720    -6.41757074    -6.41216354    -6.41757074    -6.15449805
      196     0.00518114    -6.41782190    -6.41264076    -6.41782190    -6.15442169
      197     0.00496254    -6.41804382    -6.41308128    -6.41804382    -6.15437404
      198     0.00475141    -6.41823837    -6.41348696    -6.41823837    -6.15435272
      199     0.00454770    -6.41840736    -6.41385966    -6.41840736    -6.15435547
      200     0.00435139    -6.41855251    -6.41420112    -6.41855251    -6.15438003
      201     0.00416241    -6.41867546    -6.41451305    -6.41867546    -6.15442421
      202     0.00398070    -6.41877777    -6.41479707    -6.41877777    -6.15448585
      203     0.00380617    -6.41886092    -6.41505475    -6.41886092    -6.15456285
      204     0.00363871    -6.41892630    -6.41528759    -6.41892630    -6.15465313
      205     0.00347822    -6.41897522    -6.41549700    -6.41897522    -6.15475471
      206     0.00332458    -6.41900895    -6.41568437    -6.41900895    -6.15486566
      207     0.00317769    -6.41902867    -6.41585098    -6.41902867    -6.15498413
      208     0.00303744    -6.41903549    -6.41599805    -6.41903549    -6.15510836
      209     0.00290376    -6.41903052    -6.41612676    -6.41903052    -6.15523669
      210     0.00277656    -6.41901476    -6.41623820    -6.41901476    -6.15536757
      211     0.00265580    -6.41898921    -6.41633341    -6.41898921    -6.15549957
      212     0.00254143    -6.41895482    -6.41641339    -6.41895482    -6.15563135
      213     0.00243344    -6.41891249    -6.41647905    -6.41891249    -6.15576170
      214     0.00233181    -6.41886306    -6.41653125    -6.41886306    -6.15588953
      215     0.00223657    -6.41880736    -6.41657079    -6.41880736    -6.15601383
      216     0.00214773    -6.41874616    -6.41659843    -6.41874616    -6.15613371
      217     0.00206533    -6.41868015    -6.41661482    -6.41868015    -6.15624840
      218     0.00198941    -6.41861001    -6.41662060    -6.41861001    -6.15635717
      219     0.00192004    -6.41853632    -6.41661628    -6.41853632    -6.15645943
      220     0.00185727    -6.41845964    -6.41660237    -6.41845964    -6.15655464
      221     0.00180116    -6.41838044    -6.41657928    -6.41838044    -6.15664232
      222     0.00175179    -6.41829914    -6.41654735    -6.41829914    -6.15672208
      223     0.00170921    -6.41821609    -6.41650688    -6.41821609    -6.15679358
      224     0.00167350    -6.41813160    -6.41645810    -6.41813160    -6.15685654
      225     0.00164479    -6.41804589    -6.41640110    -6.41804589    -6.15691073
      226     0.00162319    -6.41795917    -6.41633598    -6.41795917    -6.15695597
      227     0.00160883    -6.41787155    -6.41626272    -6.41787155    -6.15699215
      228     0.00160185    -6.41778314    -6.41618129    -6.41778314    -6.15701918
      229     0.00160240    -6.41769399    -6.41609159    -6.41769399    -6.15703706
      230     0.00161065    -6.41760412    -6.41599347    -6.41760412    -6.15704585
      231     0.00162681    -6.41751353    -6.41588672    -6.41751353    -6.15704567
      232     0.00165110    -6.41742220    -6.41577110    -6.41742220    -6.15703673
      233     0.00168376    -6.41733011    -6.41564635    -6.41733011    -6.15701934
      234     0.00172509    -6.41723724    -6.41551215    -6.41723724    -6.15699390
      235     0.00177542    -6.41714357    -6.41536815    -6.41714357    -6.15696097
      236     0.00183512    -6.41704910    -6.41521398    -6.41704910    -6.15692121
      237     0.00190464    -6.41695386    -6.41504922    -6.41695386    -6.15687545
      238     0.00198447    -6.41685790    -6.41487343    -6.41685790    -6.15682468
      239     0.00207519    -6.41676127    -6.41468608    -6.41676127    -6.15677006
      240     0.00217741    -6.41666407    -6.41448666    -6.41666407    -6.15671293
      241     0.00229183    -6.41656639    -6.41427456    -6.41656639    -6.15665480
      242     0.00241920    -6.41646832    -6.41404912    -6.41646832    -6.15659734
      243     0.00256026    -6.41636996    -6.41380970    -6.41636996    -6.15654240
      244     0.00271576    -6.41627132    -6.41355556    -6.41627132    -6.15649193
      245     0.00288639    -6.41617241    -6.41328602    -6.41617241    -6.15644800
      246     0.00307276    -6.41607312    -6.41300036    -6.41607312    -6.15641277
      247     0.00327530    -6.41597324    -6.41269794    -6.41597324    -6.15638841
      248     0.00349422    -6.41587244    -6.41237822    -6.41587244    -6.15637711
      249     0.00372947    -6.41577026    -6.41204079    -6.41577026    -6.15638101
      250     0.00398060    -6.41566607    -6.41168547    -6.41566607    -6.15640218
      251     0.00424680    -6.41555909    -6.41131229    -6.41555909    -6.15644256
      252     0.00452684    -6.41544840    -6.41092156    -6.41544840    -6.15650396
      253     0.00481896    -6.41533294    -6.41051398    -6.41533294    -6.15658801
      254     0.00512091    -6.41521152    -6.41009061    -6.41521152    -6.15669614
      255     0.00542989    -6.41508289    -6.40965300    -6.41508289    -6.15682955
      256     0.00574260    -6.41494572    -6.40920312    -6.41494572    -6.15698918
      257     0.00605527    -6.41479867    -6.40874340    -6.41479867    -6.15717573
      258     0.00636370    -6.41464042    -6.40827672    -6.41464042    -6.15738955
      259     0.00666335    -6.41446972    -6.40780637    -6.41446972    -6.15763067
      260     0.00694942    -6.41428540    -6.40733598    -6.41428540    -6.15789881
      261     0.00721703    -6.41408638    -6.40686935    -6.41408638    -6.15819332
      262     0.00746128    -6.41387175    -6.40641047    -6.41387175    -6.15851312
      263     0.00767746    -6.41364076    -6.40596330    -6.41364076    -6.15885675
      264     0.00786115    -6.41339275    -6.40553160    -6.41339275    -6.15922238
      265     0.00800837    -6.41312731    -6.40511894    -6.41312731    -6.15960776
      266     0.00811564    -6.41284416    -6.40472852    -6.41284416    -6.16001023
      267     0.00818023    -6.41254322    -6.40436299    -6.41254322    -6.16042683
      268     0.00820032    -6.41222461    -6.40402429    -6.41222461    -6.16085428
      269     0.00817489    -6.41188866    -6.40371377    -6.41188866    -6.16128902
      270     0.00810408    -6.41153596    -6.40343188    -6.41153596    -6.16172731
      271     0.00798925    -6.41116734    -6.40317809    -6.41116734    -6.16216535
      272     0.00783267    -6.41078398    -6.40295131    -6.41078398    -6.16259929
      273     0.00763765    -6.41038738    -6.40274973    -6.41038738    -6.16302536
      274     0.00740847    -6.40997947    -6.40257100    -6.40997947    -6.16343990
      275     0.00715024    -6.40956262    -6.40241238    -6.40956262    -6.16383938
      276     0.00686884    -6.40913968    -6.40227084    -6.40913968    -6.16422048
      277     0.00657074    -6.40871401    -6.40214327    -6.40871401    -6.16458003
      278     0.00626292    -6.40828951    -6.40202659    -6.40828951    -6.16491503
      279     0.00595271    -6.40787060    -6.40191789    -6.40787060    -6.16522251
      280     0.00564771    -6.40746219    -6.40181448    -6.40746219    -6.16549960
      281     0.00535564    -6.40706967    -6.40171403    -6.40706967    -6.16574332
      282     0.00508441    -6.40669876    -6.40161435    -6.40669876    -6.16595061
      283     0.00484184    -6.40635544    -6.40151360    -6.40635544    -6.16611829
      284     0.00463562    -6.40604584    -6.40141022    -6.40604584    -6.16624292
      285     0.00447335    -6.40577600    -6.40130265    -6.40577600    -6.16632097
      286     0.00436241    -6.40555177    -6.40118936    -6.40555177    -6.16634881
      287     0.00430982    -6.40537850    -6.40106868    -6.40537850    -6.16632282
      288     0.00432207    -6.40526091    -6.40093884    -6.40526091    -6.16623959
      289     0.00440496    -6.40520274    -6.40079778    -6.40520274    -6.16609615
      290     0.00456329    -6.40520676    -6.40064347    -6.40520676    -6.16589001
      291     0.00480057    -6.40527438    -6.40047381    -6.40527438    -6.16561959
      292     0.00511867    -6.40540571    -6.40028704    -6.40540571    -6.16528423
      293     0.00551740    -6.40559948    -6.40008208    -6.40559948    -6.16488429
      294     0.00599409    -6.40585306    -6.39985897    -6.40585306    -6.16442131
      295     0.00654316    -6.40616254    -6.39961938    -6.40616254    -6.16389794
      296     0.00715574    -6.40652287    -6.39936713    -6.40652287    -6.16331790
      297     0.00781937    -6.40692805    -6.39910868    -6.40692805    -6.16268592
      298     0.00851790    -6.40737135    -6.39885345    -6.40737135    -6.16200759
      299     0.00923150    -6.40784550    -6.39861400    -6.40784550    -6.16128925
      300     0.00993693    -6.40834283    -6.39840590    -6.40834283    -6.16053801
