#    Step     Kinetic(H)     Potential(H)   Total(H)       E(0)(H)        E(1)(H)        E(2)(H)        
        0     0.00794884    -4.95767425    -4.94972541    -5.27500454    -5.05366345    -4.95767425
        1     0.00608998    -4.95580854    -4.94971855    -5.27420455    -5.05209172    -4.95580854
        2     0.00504332    -4.95476945    -4.94972613    -5.27338596    -5.05083215    -4.95476945
        3     0.00491854    -4.95462809    -4.94970955    -5.27265661    -5.04991905    -4.95462809
        4     0.00577217    -4.95549298    -4.94972081    -5.27208828    -5.04946097    -4.95549298
        5     0.00759440    -4.95731549    -4.94972109    -5.27170583    -5.04948276    -4.95731549
        6     0.01029633    -4.96003117    -4.94973484    -5.27148156    -5.04991998    -4.96003117
        7     0.01370126    -4.96352454    -4.94982327    -5.27133675    -5.05065715    -4.96352454
        8     0.01754564    -4.96760259    -4.95005695    -5.27115188    -5.05157476    -4.96760259
        9     0.02149456    -4.97201196    -4.95051740    -5.27078384    -5.05252970    -4.97201196
       10     0.02517606    -4.97653509    -4.95135903    -5.27008857    -5.05330439    -4.97653509
       11     0.02823397    -4.98094178    -4.95270781    -5.26894611    -5.05374216    -4.98094178
       12     0.03039108    -4.98501171    -4.95462063    -5.26728315    -5.05376967    -4.98501171
       13     0.03150553    -4.98865755    -4.95715202    -5.26508585    -5.05333633    -4.98865755
       14     0.08545336    -5.05248627    -4.96703291    -5.26239832    -5.05248627    -4.99177641
       15     0.07167034    -5.05021939    -4.97854905    -5.25726499    -5.05021939    -4.99568341
       16     0.01678568    -4.99817925    -4.98139357    -5.25182298    -5.04749683    -4.99817925
       17     0.01553231    -4.99915148    -4.98361917    -5.24897328    -5.04600685    -4.99915148
       18     0.01476500    -5.00016408    -4.98539908    -5.24627420    -5.04470424    -5.00016408
       19     0.01441056    -5.00120488    -4.98679431    -5.24375031    -5.04357683    -5.00120488
       20     0.01437435    -5.00231367    -4.98793932    -5.24140467    -5.04262766    -5.00231367
       21     0.01456337    -5.00351397    -4.98895059    -5.23922404    -5.04188025    -5.00351397
       22     0.01489015    -5.00481557    -4.98992542    -5.23718145    -5.04127088    -5.00481557
       23     0.01527183    -5.00614386    -4.99087203    -5.23523905    -5.04076171    -5.00614386
       24     0.01563061    -5.00745378    -4.99182318    -5.23335178    -5.04027092    -5.00745378
       25     0.01589653    -5.00869760    -4.99280107    -5.23147191    -5.03978751    -5.00869760
       26     0.01601191    -5.00982998    -4.99381807    -5.22955409    -5.03922942    -5.00982998
       27     0.01593541    -5.01084896    -4.99491355    -5.22755963    -5.03859469    -5.01084896
       28     0.01564498    -5.01165244    -4.99600746    -5.22545992    -5.03778120    -5.01165244
       29     0.01513890    -5.01222458    -4.99708567    -5.22323911    -5.03677312    -5.01222458
       30     0.01443442    -5.01259985    -4.99816543    -5.22089493    -5.03560492    -5.01259985
       31     0.01356474    -5.01278985    -4.99922511    -5.21843898    -5.03425145    -5.01278985
       32     0.01257458    -5.01278199    -5.00020742    -5.21589542    -5.03273687    -5.01278199
       33     0.01151498    -5.01264716    -5.00113218    -5.21329839    -5.03109532    -5.01264716
       34     0.01043863    -5.01238987    -5.00195124    -5.21068914    -5.02936805    -5.01238987
       35     0.00939575    -5.01209195    -5.00269619    -5.20811276    -5.02760015    -5.01209195
       36     0.00843038    -5.01176111    -5.00333073    -5.20561371    -5.02579934    -5.01176111
       37     0.00757803    -5.01147480    -5.00389677    -5.20323269    -5.02404306    -5.01147480
       38     0.00686429    -5.01126698    -5.00440269    -5.20100366    -5.02236527    -5.01126698
       39     0.00630438    -5.01112584    -5.00482145    -5.19895155    -5.02079090    -5.01112584
       40     0.00590267    -5.01113931    -5.00523665    -5.19709082    -5.01933441    -5.01113931
       41     0.00565167    -5.01123495    -5.00558328    -5.19542248    -5.01799682    -5.01123495
       42     0.00553269    -5.01147409    -5.00594140    -5.19393441    -5.01676599    -5.01147409
       43     0.00551707    -5.01179592    -5.00627885    -5.19260252    -5.01561785    -5.01179592
       44     0.00556785    -5.01216691    -5.00659906    -5.19139329    -5.01455561    -5.01216691
       45     0.00563053    -5.01254968    -5.00691915    -5.19026934    -5.01350517    -5.01254968
       46     0.00568294    -5.01302307    -5.00734013    -5.18919925    -5.01302307    -5.01239833
       47     0.00568523    -5.01336942    -5.00768419    -5.18818588    -5.01336942    -5.01145846
       48     0.00566921    -5.01365222    -5.00798301    -5.18714571    -5.01365222    -5.01045503
       49     0.00557687    -5.01385045    -5.00827358    -5.18605771    -5.01385045    -5.00933028
       50     0.00540028    -5.01395350    -5.00855321    -5.18491128    -5.01395350    -5.00818386
       51     0.00514355    -5.01392445    -5.00878090    -5.18370625    -5.01392445    -5.00694208
       52     0.00481985    -5.01384619    -5.00902634    -5.18245202    -5.01384619    -5.00565109
       53     0.00444929    -5.01366267    -5.00921338    -5.18116602    -5.01366267    -5.00432835
       54     0.00405646    -5.01347071    -5.00941425    -5.17987158    -5.01347071    -5.00299715
       55     0.00366787    -5.01322343    -5.00955555    -5.17859532    -5.01322343    -5.00172089
       56     0.00330942    -5.01298476    -5.00967534    -5.17736442    -5.01298476    -5.00048999
       57     0.00300393    -5.01281641    -5.00981248    -5.17620384    -5.01281641    -4.99936617
       58     0.00276928    -5.01266522    -5.00989594    -5.17513392    -5.01266522    -4.99836974
       59     0.00261693    -5.01261854    -5.01000161    -5.17416850    -5.01261854    -4.99747782
       60     0.00255109    -5.01260897    -5.01005789    -5.17331370    -5.01260897    -4.99677002
       61     0.00256855    -5.01270796    -5.01013941    -5.17256745    -5.01270796    -4.99617077
       62     0.00265916    -5.01286881    -5.01020965    -5.17191982    -5.01286881    -4.99574364
       63     0.00280697    -5.01311165    -5.01030468    -5.17135417    -5.01311165    -4.99539848
       64     0.00299190    -5.01334138    -5.01034948    -5.17084892    -5.01334138    -4.99518722
       65     0.00319185    -5.01360724    -5.01041539    -5.17037979    -5.01360724    -4.99501209
       66     0.00338501    -5.01388478    -5.01049978    -5.16992235    -5.01388478    -4.99488539
       67     0.00355210    -5.01411507    -5.01056298    -5.16945440    -5.01411507    -4.99478493
       68     0.00367836    -5.01431706    -5.01063870    -5.16895815    -5.01431706    -4.99469293
       69     0.00375498    -5.01444218    -5.01068719    -5.16842178    -5.01444218    -4.99456080
       70     0.00377979    -5.01452213    -5.01074233    -5.16784024    -5.01452213    -4.99442025
       71     0.00375735    -5.01455885    -5.01080150    -5.16721548    -5.01455885    -4.99423648
       72     0.00369824    -5.01456062    -5.01086238    -5.16655576    -5.01456062    -4.99405451
       73     0.00361763    -5.01450388    -5.01088626    -5.16587429    -5.01450388    -4.99381402
       74     0.00353330    -5.01447825    -5.01094495    -5.16518717    -5.01447825    -4.99356789
       75     0.00346349    -5.01442701    -5.01096352    -5.16451118    -5.01442701    -4.99333290
       76     0.00342485    -5.01443896    -5.01101411    -5.16386165    -5.01443896    -4.99312436
       77     0.00343064    -5.01445252    -5.01102189    -5.16325047    -5.01445252    -4.99291743
       78     0.00348941    -5.01451155    -5.01102214    -5.16268476    -5.01451155    -4.99271921
       79     0.00360440    -5.01465438    -5.01104998    -5.16216610    -5.01465438    -4.99253129
       80     0.00377361    -5.01484043    -5.01106682    -5.16169067    -5.01484043    -4.99238660
       81     0.00399058    -5.01506129    -5.01107072    -5.16125004    -5.01506129    -4.99223997
       82     0.00424564    -5.01530531    -5.01105966    -5.16083257    -5.01530531    -4.99211649
       83     0.00452754    -5.01559599    -5.01106845    -5.16042501    -5.01559599    -4.99192943
       84     0.00482509    -5.01588359    -5.01105850    -5.16001438    -5.01588359    -4.99173930
       85     0.00512879    -5.01619373    -5.01106494    -5.15958953    -5.01619373    -4.99149820
       86     0.00543203    -5.01648165    -5.01104962    -5.15914246    -5.01648165    -4.99119812
       87     0.00573184    -5.01677999    -5.01104814    -5.15866907    -5.01677999    -4.99087173
       88     0.00602907    -5.01708868    -5.01105962    -5.15816928    -5.01708868    -4.99048218
       89     0.00632795    -5.01737463    -5.01104668    -5.15764674    -5.01737463    -4.99003315
       90     0.00663534    -5.01768114    -5.01104580    -5.15710802    -5.01768114    -4.98956792
       91     0.00695942    -5.01797974    -5.01102032    -5.15656138    -5.01797974    -4.98909478
       92     0.00730817    -5.01835253    -5.01104436    -5.15601544    -5.01835253    -4.98858559
       93     0.00768789    -5.01873354    -5.01104564    -5.15547772    -5.01873354    -4.98812136
       94     0.00810184    -5.01916476    -5.01106292    -5.15495345    -5.01916476    -4.98763385
       95     0.00854923    -5.01968504    -5.01113581    -5.15444475    -5.01968504    -4.98716190
       96     0.00902476    -5.02021945    -5.01119469    -5.15395018    -5.02021945    -4.98670408
       97     0.00951878    -5.02079994    -5.01128116    -5.15346494    -5.02079994    -4.98629234
       98     0.01001798    -5.02141900    -5.01140102    -5.15298153    -5.02141900    -4.98584567
       99     0.01050665    -5.02206745    -5.01156080    -5.15249075    -5.02206745    -4.98542839
      100     0.01096817    -5.02269892    -5.01173075    -5.15198299    -5.02269892    -4.98499413
      101     0.01138679    -5.02337824    -5.01199145    -5.15144958    -5.02337824    -4.98457097
      102     0.01174922    -5.02406210    -5.01231288    -5.15088397    -5.02406210    -4.98411560
      103     0.01204595    -5.02471027    -5.01266433    -5.15028266    -5.02471027    -4.98366129
      104     0.01227216    -5.02535963    -5.01308746    -5.14964579    -5.02535963    -4.98317142
      105     0.01242811    -5.02597733    -5.01354922    -5.14897727    -5.02597733    -4.98268665
      106     0.01251887    -5.02660755    -5.01408868    -5.14828451    -5.02660755    -4.98221438
      107     0.01255359    -5.02722376    -5.01467017    -5.14757775    -5.02722376    -4.98172812
      108     0.01254442    -5.02783810    -5.01529367    -5.14686911    -5.02783810    -4.98127672
      109     0.01250507    -5.02850018    -5.01599511    -5.14617147    -5.02850018    -4.98087307
      110     0.01244940    -5.02918572    -5.01673632    -5.14549728    -5.02918572    -4.98049288
      111     0.01239004    -5.02986885    -5.01747881    -5.14485744    -5.02986885    -4.98014703
      112     0.01233734    -5.03063142    -5.01829408    -5.14426029    -5.03063142    -4.97988063
      113     0.01229857    -5.03144185    -5.01914328    -5.14371099    -5.03144185    -4.97966207
      114     0.01227766    -5.03226498    -5.01998732    -5.14321114    -5.03226498    -4.97949297
      115     0.01227528    -5.03313571    -5.02086043    -5.14275890    -5.03313571    -4.97940822
      116     0.01228942    -5.03404920    -5.02175978    -5.14234941    -5.03404920    -4.97932947
      117     0.01231609    -5.03499829    -5.02268220    -5.14197553    -5.03499829    -4.97932309
      118     0.01235032    -5.03597455    -5.02362423    -5.14162881    -5.03597455    -4.97930712
      119     0.01238709    -5.03693249    -5.02454541    -5.14130053    -5.03693249    -4.97930958
      120     0.01242218    -5.03790082    -5.02547864    -5.14098263    -5.03790082    -4.97932242
