#    Non-Adiabatic Coupling Matrix Elements: off-diagonal
         0     0.00000189
         1     0.00000088
         2     0.00000004
         3    -0.00000043
         4    -0.00000070
         5    -0.00000063
         6    -0.00000021
         7     0.00000054
         8     0.00000162
         9     0.00000299
        10     0.00000461
        11     0.00000642
        12     0.00000837
        13     0.00001038
        14    -0.00168974
        15    -0.00100783
        16    -0.00082921
        17    -0.00076045
        18    -0.00073168
        19    -0.00071796
        20    -0.00070914
        21    -0.00070145
        22    -0.00069463
        23    -0.00068950
        24    -0.00068677
        25    -0.00068627
        26    -0.00068715
        27    -0.00068826
        28    -0.00068837
        29    -0.00068663
        30    -0.00068221
        31    -0.00067463
        32    -0.00066374
        33    -0.00064954
        34    -0.00063250
        35    -0.00061325
        36    -0.00059253
        37    -0.00057112
        38    -0.00054971
        39    -0.00052881
        40    -0.00050879
        41    -0.00048987
        42    -0.00047215
        43    -0.00045565
        44    -0.00044033
        45    -0.00042611
        46    -0.00041291
        47    -0.00040062
        48    -0.00038915
        49    -0.00037840
        50    -0.00036828
        51    -0.00035870
        52    -0.00034960
        53    -0.00034090
        54    -0.00033257
        55    -0.00032455
        56    -0.00031680
        57    -0.00030930
        58    -0.00030202
        59    -0.00029492
        60    -0.00028799
        61    -0.00028119
        62    -0.00027449
        63    -0.00026789
        64    -0.00026134
        65    -0.00025483
        66    -0.00024833
        67    -0.00024184
        68    -0.00023535
        69    -0.00022885
        70    -0.00022239
        71    -0.00021691
        72    -0.00021063
        73    -0.00020450
        74    -0.00019861
        75    -0.00019304
        76    -0.00018786
        77    -0.00018315
        78    -0.00017898
        79    -0.00017543
        80    -0.00017256
        81    -0.00017040
        82    -0.00016901
        83    -0.00016840
        84    -0.00016859
        85    -0.00016958
        86    -0.00017135
        87    -0.00017388
        88    -0.00017713
        89    -0.00018106
        90    -0.00018563
        91    -0.00019075
        92    -0.00019635
        93    -0.00020232
        94    -0.00020857
        95    -0.00021497
        96    -0.00022139
        97    -0.00022766
        98    -0.00023360
        99    -0.00023898
       100    -0.00024355
       101    -0.00024696
       102    -0.00024880
       103    -0.00024852
       104    -0.00024533
       105    -0.00023815
       106    -0.00022535
       107    -0.00020448
       108    -0.00017156
       109    -0.00011994
       110    -0.00003767
       111     0.00009848
       112     0.00033876
       113     0.00080914
       114     0.00190381
       115     0.00542322
       116     0.02973844
       117    -0.07137803
       118    -0.00798048
       119    -0.00212245
       120    -0.00058417
       121     0.00003708
       122     0.00035971
       123     0.00056454
       124     0.00072170
       125     0.00086541
       126     0.00101692
       127     0.00119344
       128     0.00141277
       129     0.00169668
       130     0.00207435
       131     0.00258639
       132     0.00328938
       133     0.00425765
       134     0.00557139
       135     0.01625315
       136     0.01743313
       137     0.01460680
       138     0.01060923
       139     0.00740531
       140     0.00520838
       141     0.00373768
       142     0.00273258
       143     0.00202208
       144     0.00150173
       145     0.00110773
       146     0.00080043
       147     0.00055454
       148     0.00035345
       149     0.00018597
       150     0.00004434
       151    -0.00007688
       152    -0.00018169
       153    -0.00027306
       154    -0.00035327
       155    -0.00042410
       156    -0.00048699
       157    -0.00054338
       158    -0.00059396
       159    -0.00063982
       160    -0.00068180
       161    -0.00072068
       162    -0.00075714
       163    -0.00079178
       164    -0.00082491
       165    -0.00085812
       166    -0.00089192
       167    -0.00092723
       168    -0.00096514
       169    -0.00100670
       170    -0.00105416
       171    -0.00110870
       172    -0.00117311
       173    -0.00125069
       174    -0.00134584
       175    -0.00146453
       176    -0.00161469
       177    -0.00180640
       178    -0.00205028
       179    -0.00234971
       180    -0.00267701
       181    -0.00292983
       182    -0.00294177
       183    -0.00265655
       184    -0.00221981
       185    -0.00179161
       186    -0.00143662
       187    -0.00115941
       188    -0.00094625
       189    -0.00078193
       190    -0.00065412
       191    -0.00055360
       192    -0.00047363
       193    -0.00040930
       194    -0.00035699
       195    -0.00031405
       196    -0.00027846
       197    -0.00024871
       198    -0.00022365
       199    -0.00020238
       200    -0.00018420
       201    -0.00016856
       202    -0.00015485
       203    -0.00014310
       204    -0.00013283
       205    -0.00012382
       206    -0.00011589
       207    -0.00010889
       208    -0.00010268
       209    -0.00009717
       210    -0.00009226
       211    -0.00008788
       212    -0.00008413
       213    -0.00008060
       214    -0.00007740
       215    -0.00007454
       216    -0.00007193
       217    -0.00006953
       218    -0.00006717
       219    -0.00006513
       220    -0.00006323
       221    -0.00006143
       222    -0.00005971
       223    -0.00005805
       224    -0.00005644
       225    -0.00005486
       226    -0.00005329
       227    -0.00005171
       228    -0.00005012
       229    -0.00004850
       230    -0.00004684
       231    -0.00004513
       232    -0.00004337
       233    -0.00004153
       234    -0.00003962
       235    -0.00003762
       236    -0.00003552
       237    -0.00003332
       238    -0.00003099
       239    -0.00002854
       240    -0.00002594
       241    -0.00002318
       242    -0.00002025
       243    -0.00001714
       244    -0.00001383
       245    -0.00001031
       246    -0.00000657
       247    -0.00000260
       248     0.00000159
       249     0.00000600
       250     0.00001067
       251     0.00001550
       252     0.00002051
       253     0.00002566
       254     0.00003093
       255     0.00003627
       256     0.00004164
       257     0.00004701
       258     0.00005233
       259     0.00005757
       260     0.00006270
       261     0.00006770
       262     0.00007257
       263     0.00007730
       264     0.00008190
       265     0.00008641
       266     0.00009086
       267     0.00009528
       268     0.00009973
       269     0.00010425
       270     0.00010877
       271     0.00011375
       272     0.00011857
       273     0.00012388
       274     0.00012934
       275     0.00013504
       276     0.00014098
       277     0.00014715
       278     0.00015352
       279     0.00016006
       280     0.00016672
       281     0.00017344
       282     0.00018017
       283     0.00018682
       284     0.00019331
       285     0.00019953
       286     0.00020535
       287     0.00021062
       288     0.00021516
       289     0.00021876
       290     0.00022118
       291     0.00022215
       292     0.00022137
       293     0.00021851
       294     0.00021325
       295     0.00020524
       296     0.00019421
       297     0.00017989
       298     0.00016213
       299     0.00014087
       300     0.00011620
