#    Non-Adiabatic Coupling Matrix Elements: off-diagonal
         0     0.00016163
         1     0.00037238
         2     0.00063257
         3     0.00095596
         4     0.00133062
         5     0.00169721
         6     0.00196405
         7     0.00208229
         8     0.00208490
         9     0.00202912
        10     0.00194263
        11     0.00182349
        12     0.00165811
        13     0.00143373
        14     0.00114690
        15     0.00080740
        16     0.00043751
        17     0.00006750
        18    -0.00027037
        19    -0.00054847
        20    -0.00074925
        21    -0.00086836
        22    -0.00091390
        23    -0.00090389
        24    -0.00085933
        25    -0.00080061
        26    -0.00074409
        27    -0.00070099
        28    -0.00067636
        29    -0.00067035
        30    -0.00067882
        31    -0.00069468
        32    -0.00070945
        33    -0.00071464
        34    -0.00070316
        35    -0.00067042
        36    -0.00061503
        37    -0.00053853
        38    -0.00044457
        39    -0.00033738
        40    -0.00022078
        41    -0.00009779
        42     0.00002911
        43     0.00015752
        44     0.00028458
        45     0.00040645
        46     0.00051823
        47     0.00061420
        48     0.00068947
        49     0.00074018
        50     0.00076480
        51     0.00076324
        52     0.00073597
        53     0.00068372
        54     0.00060818
        55     0.00051327
        56     0.00040574
        57     0.00029433
        58     0.00018745
        59     0.00009076
        60     0.00000639
        61    -0.00006686
        62    -0.00013149
        63    -0.00018979
        64    -0.00024294
        65    -0.00029102
        66    -0.00033177
        67    -0.00036310
        68    -0.00038218
        69    -0.00038633
        70    -0.00037351
        71    -0.00034269
        72    -0.00029392
        73    -0.00022832
        74    -0.00014782
        75    -0.00005499
        76     0.00004707
        77     0.00015468
        78     0.00026342
        79     0.00036801
        80     0.00046257
        81     0.00054085
        82     0.00059704
        83     0.00062667
        84     0.00062725
        85     0.00059887
        86     0.00054430
        87     0.00046876
        88     0.00037939
        89     0.00028462
        90     0.00019349
        91     0.00011500
        92     0.00005733
        93     0.00002726
        94     0.00002953
        95     0.00006504
        96     0.00013052
        97     0.00021737
        98     0.00031224
        99     0.00039892
       100     0.00046164
       101     0.00048885
       102     0.00047607
       103     0.00042655
       104     0.00034892
       105     0.00025517
       106     0.00015518
       107     0.00005588
       108    -0.00003826
       109    -0.00012460
       110    -0.00020138
       111    -0.00026718
       112    -0.00032017
       113    -0.00036102
       114    -0.00039147
       115    -0.00041644
       116    -0.00044453
       117    -0.00048841
       118    -0.00056499
       119    -0.00069524
       120    -0.00090416
       121    -0.00121861
       122    -0.00166803
       123    -0.00226438
       124    -0.00297309
       125    -0.00366077
       126    -0.00408567
       127    -0.00661269
       128    -0.00472944
       129    -0.00296603
       130    -0.00179604
       131    -0.00111603
       132    -0.00075774
       133    -0.00059544
       134    -0.00054826
       135    -0.00055896
       136    -0.00058442
       137    -0.00059094
       138    -0.00055275
       139    -0.00045583
       140    -0.00029838
       141    -0.00009021
       142     0.00015224
       143     0.00041148
       144     0.00067426
       145     0.00093450
       146     0.00119339
       147     0.00145696
       148     0.00172978
       149     0.00199965
       150     0.00220418
       151     0.00220243
       152     0.00188392
       153     0.00137192
       154     0.00088692
       155     0.00051473
       156     0.00024434
       157     0.00004609
       158    -0.00010126
       159    -0.00020907
       160    -0.00028902
       161    -0.00036076
       162    -0.00044391
       163    -0.00054747
       164    -0.00066919
       165    -0.00079831
       166    -0.00091491
       167    -0.00099067
       168    -0.00100104
       169    -0.00094097
       170    -0.00082732
       171    -0.00068291
       172    -0.00052399
       173    -0.00035748
       174    -0.00018333
       175     0.00000229
       176     0.00020444
       177     0.00042743
       178     0.00067274
       179     0.00093436
       180     0.00119012
       181     0.00138663
       182     0.00144693
       183     0.00133344
       184     0.00110620
       185     0.00085489
       186     0.00062904
       187     0.00043895
       188     0.00027974
       189     0.00014374
       190     0.00002335
       191    -0.00008834
       192    -0.00019791
       193    -0.00031241
       194    -0.00043902
       195    -0.00058595
       196    -0.00076024
       197    -0.00096339
       198    -0.00118126
       199    -0.00137340
       200    -0.00148399
       201    -0.00148489
       202    -0.00139485
       203    -0.00125428
       204    -0.00109682
       205    -0.00094312
       206    -0.00080382
       207    -0.00068423
       208    -0.00058574
       209    -0.00050866
       210    -0.00045125
       211    -0.00041063
       212    -0.00038323
       213    -0.00036516
       214    -0.00035266
       215    -0.00034234
       216    -0.00033140
       217    -0.00031739
       218    -0.00029866
       219    -0.00027430
       220    -0.00024445
       221    -0.00021040
       222    -0.00017459
       223    -0.00014054
       224    -0.00011249
       225    -0.00009483
       226    -0.00009101
       227    -0.00010240
       228    -0.00012719
       229    -0.00015954
       230    -0.00018917
       231    -0.00020141
       232    -0.00017719
       233    -0.00009499
       234     0.00006745
       235     0.00032843
       236     0.00069344
       237     0.00114249
       238     0.00161699
       239     0.00202055
       240     0.00225082
       241     0.00225531
       242     0.00206230
       243     0.00175385
       244     0.00141319
       245     0.00109269
       246     0.00081828
       247     0.00059223
       248     0.00040880
       249     0.00025911
       250     0.00013384
       251     0.00002447
       252    -0.00007649
       253    -0.00017601
       254    -0.00027872
       255    -0.00038907
       256    -0.00050917
       257    -0.00063829
       258    -0.00077200
       259    -0.00090474
       260    -0.00102836
       261    -0.00113588
       262    -0.00122176
       263    -0.00128155
       264    -0.00131058
       265    -0.00130291
       266    -0.00125420
       267    -0.00116135
       268    -0.00102756
       269    -0.00086251
       270    -0.00068025
       271    -0.00049532
       272    -0.00031935
       273    -0.00015947
       274    -0.00001891
       275     0.00010122
       276     0.00019909
       277     0.00027377
       278     0.00032111
       279     0.00033771
       280     0.00033221
       281     0.00034927
       282     0.00050115
       283     0.00080913
       284     0.00102285
       285     0.00108289
       286     0.00108348
       287     0.00108389
       288     0.00110690
       289     0.00115416
       290     0.00121181
       291     0.00125456
       292     0.00124959
       293     0.00117621
       294     0.00104051
       295     0.00087258
       296     0.00070538
       297     0.00055804
       298     0.00043475
       299     0.00033141
       300     0.00024112
       301     0.00015879
       302     0.00008336
       303     0.00001655
       304    -0.00003884
       305    -0.00008108
       306    -0.00011093
       307    -0.00013174
       308    -0.00014871
       309    -0.00016757
       310    -0.00019303
       311    -0.00022775
       312    -0.00027204
       313    -0.00032400
       314    -0.00038016
       315    -0.00043569
       316    -0.00048505
       317    -0.00052259
       318    -0.00054233
       319    -0.00053858
       320    -0.00050637
       321    -0.00044232
       322    -0.00034544
       323    -0.00021762
       324    -0.00006363
       325     0.00010863
       326     0.00028722
       327     0.00045540
       328     0.00059296
       329     0.00068197
       330     0.00071460
       331     0.00069722
       332     0.00064612
       333     0.00057840
       334     0.00050635
       335     0.00043641
       336     0.00037052
       337     0.00030810
       338     0.00024799
       339     0.00018989
       340     0.00013480
       341     0.00008446
       342     0.00004031
       343     0.00000249
       344    -0.00003025
       345    -0.00006003
       346    -0.00008902
       347    -0.00011897
       348    -0.00015119
       349    -0.00018672
       350    -0.00022621
       351    -0.00026974
       352    -0.00031616
       353    -0.00036249
       354    -0.00040326
       355    -0.00043003
       356    -0.00043142
       357    -0.00039425
       358    -0.00030605
       359    -0.00015898
       360     0.00004593
       361     0.00029213
       362     0.00054084
       363     0.00073373
       364     0.00082537
       365     0.00081781
       366     0.00074737
       367     0.00065135
       368     0.00055323
       369     0.00046402
       370     0.00038773
       371     0.00032297
       372     0.00026772
       373     0.00021804
       374     0.00017023
       375     0.00012092
       376     0.00006756
       377     0.00000975
       378    -0.00005144
       379    -0.00011423
       380    -0.00017708
       381    -0.00023935
       382    -0.00030211
       383    -0.00036752
       384    -0.00043756
       385    -0.00051349
       386    -0.00059478
       387    -0.00067876
       388    -0.00076017
       389    -0.00083058
       390    -0.00087716
       391    -0.00088208
       392    -0.00082495
       393    -0.00069188
       394    -0.00048533
       395    -0.00022711
       396     0.00004585
       397     0.00029584
       398     0.00049330
       399     0.00062277
       400     0.00068430
       401     0.00068924
       402     0.00065348
       403     0.00059286
       404     0.00052018
       405     0.00044464
       406     0.00037159
       407     0.00030199
       408     0.00023757
       409     0.00017777
       410     0.00012251
       411     0.00007233
       412     0.00002824
       413    -0.00000871
       414    -0.00003788
       415    -0.00005929
       416    -0.00007384
       417    -0.00008334
       418    -0.00009046
       419    -0.00009840
       420    -0.00011030
       421    -0.00012849
       422    -0.00015391
       423    -0.00018590
       424    -0.00022205
       425    -0.00025899
       426    -0.00029280
       427    -0.00031986
       428    -0.00033764
       429    -0.00034534
       430    -0.00034407
       431    -0.00033640
       432    -0.00032537
       433    -0.00031284
       434    -0.00029776
       435    -0.00027713
       436    -0.00024746
       437    -0.00020571
       438    -0.00015234
       439    -0.00009115
       440    -0.00002852
       441     0.00002824
       442     0.00007248
       443     0.00009935
       444     0.00010635
       445     0.00009282
       446     0.00005889
       447     0.00000498
       448    -0.00006924
       449    -0.00016430
       450    -0.00028016
       451    -0.00041433
       452    -0.00055991
       453    -0.00070436
       454    -0.00083101
       455    -0.00092411
       456    -0.00097448
       457    -0.00098070
       458    -0.00094579
       459    -0.00087414
       460    -0.00077177
       461    -0.00064810
       462    -0.00051618
       463    -0.00039007
       464    -0.00028110
       465    -0.00019528
       466    -0.00013284
       467    -0.00008877
       468    -0.00005323
       469    -0.00001163
       470     0.00005525
       471     0.00017082
       472     0.00036253
       473     0.00066338
       474     0.00112137
       475     0.00181801
       476     0.00283663
       477     0.00354534
       478     0.00255460
       479     0.00152963
       480     0.00093796
       481     0.00058173
       482     0.00035206
       483     0.00019792
       484     0.00009253
       485     0.00001999
       486    -0.00003048
       487    -0.00006651
       488    -0.00009312
       489    -0.00011377
       490    -0.00013030
       491    -0.00014351
       492    -0.00015107
       493    -0.00015341
       494    -0.00015431
       495    -0.00016089
       496    -0.00017373
       497    -0.00019328
       498    -0.00021465
       499    -0.00023347
       500    -0.00024561
       501    -0.00024750
       502    -0.00023699
       503    -0.00021470
       504    -0.00018452
       505    -0.00015282
       506    -0.00012640
       507    -0.00011011
       508    -0.00010513
       509    -0.00010846
       510    -0.00011405
       511    -0.00011510
       512    -0.00010660
       513    -0.00008685
       514    -0.00005738
       515    -0.00002147
       516     0.00001758
       517     0.00005669
       518     0.00009401
       519     0.00012710
       520     0.00015270
       521     0.00016596
       522     0.00016075
       523     0.00013080
       524     0.00007237
       525    -0.00001315
       526    -0.00011515
       527    -0.00020734
       528    -0.00025007
       529    -0.00020854
       530    -0.00010392
       531    -0.00000650
       532     0.00003593
       533     0.00002571
       534    -0.00001427
       535    -0.00006334
       536    -0.00010645
       537    -0.00013138
       538    -0.00012692
       539    -0.00008246
       540     0.00000826
       541     0.00012780
       542     0.00017369
       543    -0.00009878
       544    -0.00051485
       545    -0.00053610
       546    -0.00041291
       547    -0.00029314
       548    -0.00019438
       549    -0.00011472
       550    -0.00005119
       551    -0.00000185
       552     0.00003478
       553     0.00006015
       554     0.00007576
       555     0.00008327
       556     0.00008442
       557     0.00008110
       558     0.00007476
       559     0.00006643
       560     0.00005630
       561     0.00004377
       562     0.00002764
       563     0.00000723
       564    -0.00001756
       565    -0.00004379
       566    -0.00006583
       567    -0.00007625
       568    -0.00006760
       569    -0.00003632
       570     0.00001130
       571     0.00005928
       572     0.00008838
       573     0.00009527
       574     0.00008563
       575     0.00006833
       576     0.00004949
       577     0.00003210
       578     0.00001770
       579     0.00000819
       580     0.00000507
       581     0.00000963
       582     0.00002277
       583     0.00004478
       584     0.00007528
       585     0.00011305
       586     0.00015582
       587     0.00020007
       588     0.00024052
       589     0.00027020
       590     0.00028157
       591     0.00026997
       592     0.00023633
       593     0.00018831
       594     0.00013702
       595     0.00009192
       596     0.00005781
       597     0.00003498
       598     0.00002105
       599     0.00001294
       600     0.00000786
