#     Density Matrix: population Re; see the manual for detail orders
        0     0.00000000     1.00000000
        1     0.00000001     0.99999999
        2     0.00000000     1.00000000
        3     0.00000000     1.00000000
        4     0.00000000     1.00000000
        5     0.00000000     1.00000000
        6     0.00000000     1.00000000
        7     0.00000000     1.00000000
        8     0.00000000     1.00000000
        9     0.00000000     1.00000000
       10     0.00000000     1.00000000
       11     0.00000000     1.00000000
       12     0.00000000     1.00000000
       13     0.00000000     1.00000000
       14     0.00000001     0.99999999
       15     0.00000000     1.00000000
       16     0.00004854     0.99995146
       17     0.00008344     0.99991656
       18     0.00001041     0.99998959
       19     0.00009269     0.99990731
       20     0.00002154     0.99997846
       21     0.00005290     0.99994710
       22     0.00008779     0.99991221
       23     0.00000420     0.99999580
       24     0.00008799     0.99991201
       25     0.00007606     0.99992394
       26     0.00000382     0.99999618
       27     0.00009861     0.99990139
       28     0.00008561     0.99991439
       29     0.00000164     0.99999836
       30     0.00008141     0.99991859
       31     0.00011397     0.99988603
       32     0.00001676     0.99998324
       33     0.00003275     0.99996725
       34     0.00012067     0.99987933
       35     0.00007552     0.99992448
       36     0.00000215     0.99999785
       37     0.00005769     0.99994231
       38     0.00011798     0.99988202
       39     0.00006001     0.99993999
       40     0.00000301     0.99999699
       41     0.00005245     0.99994755
       42     0.00010659     0.99989341
       43     0.00006610     0.99993390
       44     0.00000819     0.99999181
       45     0.00003092     0.99996908
       46     0.00008640     0.99991360
       47     0.00007923     0.99992077
       48     0.00002575     0.99997425
       49     0.00001283     0.99998717
       50     0.00005434     0.99994566
       51     0.00008050     0.99991950
       52     0.00005310     0.99994690
       53     0.00001688     0.99998312
       54     0.00002385     0.99997615
       55     0.00005869     0.99994131
       56     0.00006905     0.99993095
       57     0.00004251     0.99995749
       58     0.00001840     0.99998160
       59     0.00002847     0.99997153
       60     0.00005557     0.99994443
       61     0.00006195     0.99993805
       62     0.00004085     0.99995915
       63     0.00002172     0.99997828
       64     0.00002855     0.99997145
       65     0.00005001     0.99994999
       66     0.00005759     0.99994241
       67     0.00004302     0.99995698
       68     0.00002620     0.99997380
       69     0.00002751     0.99997249
       70     0.00004302     0.99995698
       71     0.00005237     0.99994763
       72     0.00004537     0.99995463
       73     0.00003248     0.99996752
       74     0.00002909     0.99997091
       75     0.00003680     0.99996320
       76     0.00004444     0.99995556
       77     0.00004388     0.99995612
       78     0.00003834     0.99996166
       79     0.00003521     0.99996479
       80     0.00003611     0.99996389
       81     0.00003739     0.99996261
       82     0.00003746     0.99996254
       83     0.00003853     0.99996147
       84     0.00004129     0.99995871
       85     0.00004212     0.99995788
       86     0.00003820     0.99996180
       87     0.00003295     0.99996705
       88     0.00003285     0.99996715
       89     0.00003902     0.99996098
       90     0.00004501     0.99995499
       91     0.00004431     0.99995569
       92     0.00003802     0.99996198
       93     0.00003308     0.99996692
       94     0.00003373     0.99996627
       95     0.00003745     0.99996255
       96     0.00003957     0.99996043
       97     0.00003960     0.99996040
       98     0.00004062     0.99995938
       99     0.00004335     0.99995665
      100     0.00004353     0.99995647
      101     0.00003714     0.99996286
      102     0.00002735     0.99997265
      103     0.00002408     0.99997592
      104     0.00003497     0.99996503
      105     0.00005631     0.99994369
      106     0.00007347     0.99992653
      107     0.00007179     0.99992821
      108     0.00004903     0.99995097
      109     0.00001912     0.99998088
      110     0.00000401     0.99999599
      111     0.00001938     0.99998062
      112     0.00006431     0.99993569
      113     0.00012113     0.99987887
      114     0.00016501     0.99983499
      115     0.00017690     0.99982310
      116     0.00015275     0.99984725
      117     0.00010522     0.99989478
      118     0.00005843     0.99994157
      119     0.00003945     0.99996055
      120     0.00007071     0.99992929
      121     0.00016618     0.99983382
      122     0.00033211     0.99966789
      123     0.00057176     0.99942824
      124     0.00089343     0.99910657
      125     0.00132269     0.99867731
      126     0.00192365     0.99807635
      127     0.00284461     0.99715539
      128     0.00443630     0.99556370
      129     0.00761419     0.99238581
      130     0.01521299     0.98478701
      131     0.03866082     0.96133918
      132     0.14113344     0.85886656
      133     0.48917111     0.51082889
      134     0.82369172     0.17630828
      135     0.91994270     0.08005730
      136     0.94485649     0.05514351
      137     0.95203793     0.04796207
      138     0.95243248     0.04756752
      139     0.94920226     0.05079774
      140     0.94363738     0.05636262
      141     0.93662464     0.06337536
      142     0.92916564     0.07083436
      143     0.92255514     0.07744486
      144     0.91828328     0.08171672
      145     0.91761692     0.08238308
      146     0.92090174     0.07909826
      147     0.92688041     0.07311959
      148     0.93262499     0.06737501
      149     0.93470495     0.06529505
      150     0.93152339     0.06847661
      151     0.92534621     0.07465379
      152     0.92155245     0.07844755
      153     0.92407638     0.07592362
      154     0.93044141     0.06955859
      155     0.93301620     0.06698380
      156     0.92812744     0.07187256
      157     0.92260622     0.07739378
      158     0.92528279     0.07471721
      159     0.93199603     0.06800397
      160     0.93045715     0.06954285
      161     0.92316668     0.07683332
      162     0.92530047     0.07469953
      163     0.93285900     0.06714100
      164     0.92799551     0.07200449
      165     0.92160070     0.07839930
      166     0.93106577     0.06893423
      167     0.93180887     0.06819113
      168     0.91915646     0.08084354
      169     0.93057109     0.06942891
      170     0.93404726     0.06595274
      171     0.91852185     0.08147815
      172     0.93058668     0.06941332
      173     0.92909546     0.07090454
      174     0.92416383     0.07583617
      175     0.93029140     0.06970860
      176     0.92612466     0.07387534
      177     0.92761174     0.07238826
      178     0.92827113     0.07172887
      179     0.92647851     0.07352149
      180     0.92850287     0.07149713
      181     0.92685867     0.07314133
      182     0.92784581     0.07215419
      183     0.92754682     0.07245318
      184     0.92728453     0.07271547
      185     0.92791491     0.07208509
      186     0.92711932     0.07288068
      187     0.92790797     0.07209203
      188     0.92725263     0.07274737
      189     0.92769990     0.07230010
      190     0.92748949     0.07251051
      191     0.92747269     0.07252731
      192     0.92767967     0.07232033
      193     0.92733730     0.07266270
      194     0.92775238     0.07224762
      195     0.92732747     0.07267253
      196     0.92770603     0.07229397
      197     0.92741808     0.07258192
      198     0.92758536     0.07241464
      199     0.92755149     0.07244851
      200     0.92745681     0.07254319
      201     0.92765918     0.07234082
      202     0.92738351     0.07261649
      203     0.92769031     0.07230969
      204     0.92739794     0.07260206
      205     0.92763355     0.07236645
      206     0.92748773     0.07251227
      207     0.92752520     0.07247480
      208     0.92759711     0.07240289
      209     0.92743279     0.07256721
      210     0.92765735     0.07234265
      211     0.92741434     0.07258566
      212     0.92763218     0.07236782
      213     0.92747664     0.07252336
      214     0.92754658     0.07245342
      215     0.92756733     0.07243267
      216     0.92746950     0.07253050
      217     0.92761601     0.07238399
      218     0.92745677     0.07254323
      219     0.92759429     0.07240571
      220     0.92750324     0.07249676
      221     0.92753816     0.07246184
      222     0.92755313     0.07244687
      223     0.92750672     0.07249328
      224     0.92756108     0.07243892
      225     0.92751907     0.07248093
      226     0.92753831     0.07246169
      227     0.92753946     0.07246054
      228     0.92753133     0.07246867
      229     0.92752783     0.07247217
      230     0.92755887     0.07244113
      231     0.92749434     0.07250566
      232     0.92758435     0.07241565
      233     0.92749004     0.07250996
      234     0.92755970     0.07244030
      235     0.92754273     0.07245727
      236     0.92748896     0.07251104
      237     0.92761465     0.07238535
      238     0.92743503     0.07256497
      239     0.92763422     0.07236578
      240     0.92745865     0.07254135
      241     0.92756864     0.07243136
      242     0.92755475     0.07244525
      243     0.92746099     0.07253901
      244     0.92765157     0.07234843
      245     0.92739564     0.07260436
      246     0.92767082     0.07232918
      247     0.92742802     0.07257198
      248     0.92759120     0.07240880
      249     0.92754150     0.07245850
      250     0.92746346     0.07253654
      251     0.92766122     0.07233878
      252     0.92737256     0.07262744
      253     0.92770684     0.07229316
      254     0.92738222     0.07261778
      255     0.92764160     0.07235840
      256     0.92749503     0.07250497
      257     0.92749680     0.07250320
      258     0.92764897     0.07235103
      259     0.92735738     0.07264262
      260     0.92774910     0.07225090
      261     0.92731708     0.07268292
      262     0.92771638     0.07228362
      263     0.92742510     0.07257490
      264     0.92754342     0.07245658
      265     0.92763888     0.07236112
      266     0.92732447     0.07267553
      267     0.92781952     0.07218048
      268     0.92722556     0.07277444
      269     0.92780197     0.07219803
      270     0.92737430     0.07262570
      271     0.92753512     0.07246488
      272     0.92771295     0.07228705
      273     0.92719943     0.07280057
      274     0.92795498     0.07204502
      275     0.92713390     0.07286610
      276     0.92779594     0.07220406
      277     0.92750184     0.07249816
      278     0.92730610     0.07269390
      279     0.92796755     0.07203245
      280     0.92702576     0.07297424
      281     0.92794647     0.07205353
      282     0.92736062     0.07263938
      283     0.92741261     0.07258739
      284     0.92788531     0.07211469
      285     0.92711134     0.07288866
      286     0.92785207     0.07214793
      287     0.92742367     0.07257633
      288     0.92746154     0.07253846
      289     0.92766600     0.07233400
      290     0.92747944     0.07252056
      291     0.92746895     0.07253105
      292     0.92763868     0.07236132
      293     0.92754442     0.07245558
      294     0.92730098     0.07269902
      295     0.92796551     0.07203449
      296     0.92706743     0.07293257
      297     0.92781757     0.07218243
      298     0.92758599     0.07241401
      299     0.92713195     0.07286805
      300     0.92815257     0.07184743
