#     Density Matrix: coherence Re-Im; see the manual for detail orders
        0     0.00000000     0.00000000     0.00000000     0.00000000     0.00000000     0.00000000
        1     0.00000039    -0.00000035     0.00010370    -0.00019093     0.00229352    -0.00080250
        2     0.00000111    -0.00000159    -0.00003241    -0.00026187     0.00547362    -0.00490714
        3     0.00000521    -0.00000142     0.00009487    -0.00044435     0.00545020    -0.01054964
        4     0.00000687    -0.00000177    -0.00001827    -0.00046921     0.00319776    -0.01476287
        5     0.00001169     0.00000010     0.00008223    -0.00068116     0.00189379    -0.01693132
        6     0.00001299    -0.00000317    -0.00001505    -0.00067427     0.00426968    -0.01935717
        7     0.00002324    -0.00000779     0.00007525    -0.00087315     0.01112046    -0.02564117
        8     0.00003221    -0.00001982    -0.00002991    -0.00084220     0.02209902    -0.03894975
        9     0.00006416    -0.00003292     0.00007630    -0.00098375     0.03808914    -0.06192069
       10     0.00009052    -0.00006690    -0.00005694    -0.00094237     0.06404245    -0.09858336
       11     0.00016586    -0.00010016     0.00006950    -0.00096201     0.11146586    -0.15767245
       12     0.00023451    -0.00021642    -0.00009134    -0.00088582     0.19029827    -0.25423497
       13     0.00059471    -0.00029158     0.00012444    -0.00086512     0.27129250    -0.39763957
       14     0.00035850    -0.00030238    -0.00024106    -0.00032010     0.02725908    -0.49312024
       15     0.00029889     0.00068798     0.00044649    -0.00059606    -0.24758537    -0.43438243
       16     0.00067454     0.00025521    -0.00048672    -0.00069982    -0.40657816    -0.27898857
       17    -0.00019896    -0.00011909     0.00023095     0.00019618    -0.47607466    -0.07917900
       18    -0.00035863     0.00067080     0.00024551    -0.00105356    -0.45445543     0.12187679
       19     0.00027576     0.00037048    -0.00067304    -0.00017247    -0.35844916     0.28991264
       20    -0.00024736    -0.00028735     0.00056869    -0.00013016    -0.21334347     0.40405669
       21    -0.00066046     0.00024246    -0.00026685    -0.00103728    -0.04584452     0.45658035
       22     0.00007060     0.00032174    -0.00042808     0.00022177     0.12058931     0.44989979
       23     0.00002623    -0.00051972     0.00061116    -0.00037264     0.26771350     0.39312830
       24    -0.00065538    -0.00024133    -0.00046741    -0.00075305     0.38325409     0.29906468
       25    -0.00001262     0.00034594    -0.00015994     0.00036572     0.46034693     0.18185593
       26     0.00049580    -0.00048316     0.00056440    -0.00043883     0.49662167     0.05581005
       27    -0.00041974    -0.00067490    -0.00046041    -0.00055906     0.49351860    -0.06561773
       28    -0.00021135     0.00038434    -0.00005001     0.00034395     0.45601568    -0.17032037
       29     0.00082001    -0.00012073     0.00042559    -0.00036683     0.39237000    -0.24850098
       30    -0.00001880    -0.00091685    -0.00036571    -0.00037316     0.31358273    -0.29448260
       31    -0.00055356     0.00019833    -0.00008168     0.00026463     0.23182355    -0.30806828
       32     0.00069667     0.00040024     0.00026127    -0.00016359     0.15780560    -0.29477027
       33     0.00060810    -0.00082309    -0.00021315    -0.00032973     0.11846511    -0.31282482
       34    -0.00046827    -0.00041725    -0.00020161     0.00013277     0.08708782    -0.32398999
       35     0.00014723     0.00052501     0.00021066    -0.00001823     0.06345209    -0.33094461
       36     0.00083824    -0.00029763    -0.00007203    -0.00033921     0.04503590    -0.33542916
       37    -0.00015983    -0.00077059    -0.00030579     0.00003745     0.02859122    -0.33841982
       38    -0.00042595     0.00029456     0.00011068     0.00017074     0.01103225    -0.34033448
       39     0.00061504     0.00032695     0.00012129    -0.00024651    -0.01004817    -0.34119876
       40     0.00036537    -0.00067442    -0.00028138    -0.00011527    -0.03623996    -0.34077094
       41    -0.00063037    -0.00020039    -0.00002908     0.00026316    -0.06711800    -0.33849739
       42    -0.00003419     0.00070246     0.00027691    -0.00007042    -0.10167061    -0.33360685
       43     0.00068715    -0.00004056    -0.00012751    -0.00025477    -0.13867565    -0.32506788
       44    -0.00018637    -0.00060243    -0.00018207     0.00019378    -0.17618796    -0.31165213
       45    -0.00062221     0.00033392     0.00027259     0.00013032    -0.21321247    -0.29210517
       46     0.00032596     0.00061600     0.00009672    -0.00028475    -0.24928093    -0.26498341
       47     0.00046298    -0.00035068    -0.00025030    -0.00000762    -0.28253319    -0.22885619
       48    -0.00050511    -0.00035624     0.00010880     0.00023952    -0.31044732    -0.18281409
       49    -0.00039562     0.00060247     0.00024197    -0.00017439    -0.32975149    -0.12678908
       50     0.00055546     0.00039133    -0.00018809    -0.00019154    -0.33608889    -0.06211893
       51     0.00026636    -0.00052846    -0.00009299     0.00019764    -0.32476873     0.00799055
       52    -0.00060865    -0.00013542     0.00020970    -0.00000927    -0.29208320     0.07784424
       53    -0.00004316     0.00071986    -0.00010003    -0.00019360    -0.23815963     0.14094841
       54     0.00076214     0.00009601    -0.00015229     0.00013906    -0.16281775     0.19017170
       55     0.00008316    -0.00055874     0.00012283     0.00005867    -0.06769234     0.21730686
       56    -0.00055515     0.00019540    -0.00006970    -0.00011564     0.04342481     0.21297338
       57     0.00016446     0.00085503    -0.00012374     0.00017697     0.16218937     0.16766132
       58     0.00068203     0.00012296     0.00019429     0.00009307     0.27284196     0.07576047
       59    -0.00020533    -0.00035630    -0.00010903    -0.00013455     0.35246466    -0.05573758
       60    -0.00075526     0.00040453    -0.00027051     0.00040611     0.37912973    -0.20249024
       61    -0.00015965     0.00079201     0.00032533     0.00048739     0.33588166    -0.33632982
       62     0.00026619     0.00018664     0.00022012    -0.00011802     0.21858448    -0.43133190
       63    -0.00018748    -0.00050047    -0.00034044     0.00006300     0.08084269    -0.44941176
       64    -0.00091178    -0.00019794    -0.00006401     0.00045262    -0.02894173    -0.39459559
       65    -0.00046876     0.00057556     0.00025586     0.00008833    -0.11162249    -0.30253179
       66     0.00049608     0.00012746    -0.00006030    -0.00012369    -0.16390318    -0.19093463
       67     0.00011705    -0.00077208    -0.00007938     0.00012963    -0.17378499    -0.07238839
       68    -0.00068331    -0.00021794     0.00009957     0.00000780    -0.13328469     0.03232203
       69    -0.00003789     0.00067043    -0.00006177    -0.00003755    -0.04969437     0.09511746
       70     0.00073790     0.00006323     0.00002887     0.00007224     0.04764841     0.09339544
       71    -0.00002644    -0.00060449     0.00001503    -0.00006994     0.11412009     0.02918099
       72    -0.00070605     0.00017498    -0.00007061     0.00006383     0.11412427    -0.06168023
       73     0.00008744     0.00069214     0.00009151     0.00002261     0.04741095    -0.12494462
       74     0.00055338    -0.00023366    -0.00005391    -0.00005675    -0.04628677    -0.12066555
       75    -0.00033422    -0.00062222     0.00000524     0.00008496    -0.10907745    -0.04941608
       76    -0.00052599     0.00035569     0.00003721    -0.00005920    -0.10012827     0.04499784
       77     0.00050141     0.00050693    -0.00006359     0.00003756    -0.02456708     0.10049767
       78     0.00044436    -0.00045488     0.00006460     0.00000584     0.06501485     0.07854898
       79    -0.00059255    -0.00023109    -0.00006165    -0.00002151     0.10268047    -0.00427848
       80    -0.00026328     0.00071990     0.00004424     0.00006530     0.05961392    -0.08368154
       81     0.00061898     0.00017532    -0.00000091    -0.00006474    -0.02957202    -0.09613507
       82     0.00000000     0.00000000     0.00000000     0.00000000     0.00000000     0.00000000
       83    -0.00009454     0.00010949    -0.00000003     0.00000017     0.00104833    -0.00059920
       84     0.00001847     0.00019621     0.00000032     0.00000011     0.00070143    -0.00157911
       85     0.00006852     0.00008264     0.00000008    -0.00000017    -0.00074435    -0.00160220
       86    -0.00005688     0.00006696     0.00000013    -0.00000015    -0.00224147    -0.00006424
       87    -0.00005053     0.00019829    -0.00000036    -0.00000058    -0.00231410     0.00242635
       88     0.00006327     0.00017875    -0.00000071     0.00000020    -0.00027499     0.00389292
       89    -0.00000118     0.00009556    -0.00000028     0.00000020     0.00211622     0.00285279
       90    -0.00008669     0.00020094    -0.00000026     0.00000042     0.00225465     0.00032850
       91     0.00001876     0.00027959     0.00000024    -0.00000007    -0.00020813    -0.00088107
       92     0.00005646     0.00017857    -0.00000031    -0.00000046    -0.00286040     0.00083539
       93    -0.00006546     0.00018507    -0.00000058    -0.00000085    -0.00308141     0.00420555
       94    -0.00004793     0.00032385    -0.00000201    -0.00000051    -0.00065416     0.00630938
       95     0.00006580     0.00029812    -0.00000153     0.00000093     0.00188295     0.00553133
       96    -0.00000212     0.00021455    -0.00000070     0.00000042     0.00200674     0.00325057
       97    -0.00008703     0.00031943    -0.00000068    -0.00000029    -0.00028970     0.00221844
       98     0.00001608     0.00040152    -0.00000161    -0.00000104    -0.00274762     0.00390606
       99     0.00005994     0.00030515    -0.00000235    -0.00000048    -0.00297491     0.00711308
      100    -0.00005150     0.00029628    -0.00000268    -0.00000070    -0.00076465     0.00918508
      101    -0.00005131     0.00041789    -0.00000368     0.00000027     0.00171208     0.00860016
      102     0.00005420     0.00041259    -0.00000255     0.00000119     0.00202493     0.00645409
      103     0.00001884     0.00032459    -0.00000174     0.00000006    -0.00012565     0.00534348
      104    -0.00007393     0.00038681    -0.00000245    -0.00000155    -0.00270582     0.00684429
      105    -0.00001010     0.00048280    -0.00000484    -0.00000172    -0.00334292     0.01008630
      106     0.00006588     0.00042041    -0.00000542     0.00000020    -0.00150246     0.01264822
      107    -0.00001488     0.00036522    -0.00000469     0.00000022     0.00111260     0.01280169
      108    -0.00007477     0.00046436    -0.00000528     0.00000015     0.00209168     0.01103406
      109     0.00001927     0.00052716    -0.00000502     0.00000052     0.00064487     0.00955224
      110     0.00006860     0.00043471    -0.00000453    -0.00000011    -0.00184313     0.01012536
      111    -0.00002990     0.00039752    -0.00000495    -0.00000166    -0.00322088     0.01268814
      112    -0.00006465     0.00050288    -0.00000763    -0.00000217    -0.00232751     0.01546975
      113     0.00003753     0.00053857    -0.00000893     0.00000065     0.00005163     0.01657738
      114     0.00006604     0.00044029    -0.00000670     0.00000191     0.00200092     0.01552320
      115    -0.00003465     0.00041643    -0.00000569     0.00000038     0.00203973     0.01350293
      116    -0.00005811     0.00051720    -0.00000641    -0.00000060     0.00022851     0.01237310
      117     0.00004342     0.00053991    -0.00000721    -0.00000048    -0.00194995     0.01319220
      118     0.00008279     0.00042984    -0.00000690     0.00000004    -0.00287840     0.01548623
      119    -0.00002685     0.00038046    -0.00000669    -0.00000114    -0.00175645     0.01770477
      120    -0.00008168     0.00049712    -0.00000911    -0.00000111     0.00076518     0.01818426
