#     Density Matrix: coherence Re-Im; see the manual for detail orders
        0     0.00000000     0.00000000
        1     0.00000107     0.00001423
        2    -0.00000001     0.00001898
        3    -0.00000086     0.00001191
        4     0.00000135    -0.00000564
        5     0.00000647    -0.00002991
        6    -0.00052046     0.00745953
        7    -0.00104063     0.00427550
        8    -0.00003632     0.00363991
        9     0.00090123     0.00531916
       10    -0.00063846     0.00677023
       11    -0.00066511     0.00563295
       12     0.00072160     0.00780348
       13    -0.00129920     0.00815879
       14     0.00075759     0.00896592
       15    -0.00134932     0.01003177
       16     0.00069684     0.01112365
       17    -0.00113360     0.01108752
       18    -0.00008706     0.01361196
       19     0.00021194     0.01249251
       20    -0.00136458     0.01421590
       21     0.00028692     0.01563808
       22     0.00021999     0.01452587
       23    -0.00133687     0.01577790
       24    -0.00034320     0.01763988
       25     0.00073172     0.01701819
       26    -0.00042031     0.01656140
       27    -0.00115457     0.01805009
       28     0.00012709     0.01899365
       29     0.00123671     0.01783065
       30     0.00055797     0.01640872
       31    -0.00049806     0.01645232
       32    -0.00018621     0.01705754
       33     0.00106065     0.01654928
       34     0.00166990     0.01488369
       35     0.00104308     0.01335231
       36    -0.00017148     0.01291148
       37    -0.00123538     0.01353844
       38    -0.00215166     0.01482153
       39    -0.00366329     0.01665330
       40    -0.00722791     0.01943231
       41    -0.01581488     0.02399136
       42    -0.03797560     0.03151471
       43    -0.11648528     0.04396064
       44     0.45053604     0.04227330
       45     0.17842178     0.01677102
       46     0.00000000     0.00000000
       47    -0.02054039     0.00371947
       48    -0.02178520     0.01261142
       49    -0.01087934     0.02136225
       50     0.00841917     0.02221832
       51     0.02682065     0.00815496
       52     0.02844081    -0.01827613
       53     0.00316016    -0.03634034
       54    -0.02990794    -0.01872261
       55    -0.02456447     0.02419918
       56     0.02109516     0.02694486
       57     0.01927473    -0.02074609
       58    -0.03284674    -0.00226766
       59     0.00813507     0.04265739
       60     0.00779511    -0.01243100
       61    -0.02618414     0.05645937
       62     0.02584698     0.00181968
       63    -0.00389663     0.04890371
       64    -0.02011204    -0.01853412
       65     0.03228399    -0.00689395
       66     0.01236477     0.03495983
       67    -0.02508667     0.02556796
       68    -0.03363507    -0.00210247
       69    -0.02616899    -0.02003840
       70    -0.01803007    -0.02811777
       71    -0.01230922    -0.03183023
       72    -0.00593605    -0.03400819
       73     0.00561558    -0.03373892
       74     0.02349663    -0.02334807
       75     0.03330598     0.00868790
       76     0.00297760     0.04792557
       77    -0.04303948     0.04304874
       78     0.02809813    -0.00668954
       79    -0.00207633     0.06672508
       80     0.00050651    -0.02782135
       81    -0.01253864     0.05962393
       82     0.03675930    -0.01300474
       83    -0.04293357     0.00104393
       84     0.00805368     0.05533055
       85     0.04579778    -0.00824146
       86    -0.01114070    -0.04166647
       87    -0.03999080     0.00369254
       88     0.00143260     0.03398152
       89     0.04616470     0.00234923
       90     0.04009060    -0.05132241
       91    -0.00595189    -0.07139107
       92    -0.04495578    -0.04231135
       93    -0.04168666     0.00641413
       94    -0.00115722     0.03030304
       95     0.03698935     0.00944069
       96     0.03489608    -0.03236725
       97    -0.00587352    -0.04957419
       98    -0.04473226    -0.02078711
       99    -0.04345992     0.02928071
      100    -0.00473887     0.05601368
      101     0.03255906     0.03988819
      102     0.03298001     0.00330518
      103    -0.00302968    -0.01350669
      104    -0.04196107     0.01005717
      105    -0.04769189     0.05774580
      106    -0.01215444     0.09015694
      107     0.03613994     0.07699696
      108     0.05293245     0.02558684
      109     0.01871856    -0.01791615
      110    -0.03194118    -0.00830134
      111    -0.03551578     0.04088572
      112     0.01869717     0.05491211
      113     0.04938666    -0.00223855
      114    -0.00297806    -0.04485598
      115    -0.04532134     0.00603124
      116     0.01452947     0.04234513
      117     0.04227817    -0.02959368
      118    -0.03586417    -0.03780102
      119    -0.00844215     0.03679145
      120     0.04399031    -0.03077058
      121    -0.04353870    -0.03057915
      122     0.02449100     0.02740338
      123    -0.00354656    -0.06108022
      124    -0.00809635     0.03319322
      125     0.00725684    -0.06003636
      126     0.00745343     0.03423619
      127    -0.03506547    -0.04502595
      128     0.04818633    -0.04505452
      129     0.00823156     0.05467115
      130    -0.05501073     0.01319323
      131    -0.03060188    -0.04848917
      132     0.02421900    -0.05156765
      133     0.05229083    -0.02167345
      134     0.05663209     0.00305735
      135     0.05558566     0.01214307
      136     0.05619948     0.00840458
      137     0.05660588    -0.00240211
      138     0.05516761    -0.01278671
      139     0.05443653    -0.01591037
      140     0.05631294    -0.00689518
      141     0.05386567     0.01734213
      142     0.02897101     0.04854734
      143    -0.02492587     0.05119732
      144    -0.05642715    -0.00620256
      145     0.00116538    -0.05462282
      146     0.04683945     0.04791405
      147    -0.03276957     0.04519300
      148     0.00787832    -0.03028548
      149     0.00906813     0.05591129
      150    -0.01233973    -0.03066820
      151     0.00529676     0.05530446
      152     0.01301660    -0.03220825
      153    -0.03412759     0.03680979
      154     0.04471387     0.01314797
      155    -0.01962203    -0.03329669
      156    -0.02601164     0.03978946
      157     0.04243793     0.01820024
      158     0.00872201    -0.04191310
      159    -0.04349581    -0.00510532
      160    -0.00800376     0.04375018
      161     0.04212616     0.01449324
      162     0.02419651    -0.03789700
      163    -0.02838458    -0.03482323
      164    -0.04221065     0.01354333
      165    -0.00434322     0.04360808
      166     0.03803506     0.02310390
      167     0.04060038    -0.02265751
      168     0.00391203    -0.04758025
      169    -0.03594586    -0.03020706
      170    -0.04394289     0.01228844
      171    -0.01446640     0.04305077
      172     0.02645976     0.03655977
      173     0.04289227    -0.00089027
      174     0.01903844    -0.03516190
      175    -0.02418631    -0.03224501
      176    -0.04346590     0.00817889
      177    -0.01478500     0.04484883
      178     0.03294754     0.03287359
      179     0.04004552    -0.01868406
      180    -0.00795911    -0.04279948
      181    -0.04245627    -0.00109879
      182    -0.00219573     0.03937497
      183     0.04637020    -0.00306052
      184     0.00327496    -0.05621171
      185    -0.04256764    -0.00681100
      186     0.02266342     0.02231358
      187     0.02460198    -0.05539470
      188    -0.04414358    -0.01470625
      189     0.03649640     0.00656521
      190    -0.02081164    -0.05873272
      191     0.01426524     0.02132884
      192    -0.01623019    -0.06742531
      193     0.04834435    -0.03364125
      194    -0.06122775     0.00495550
      195    -0.01458709    -0.06875193
      196     0.06110724    -0.01809477
      197     0.03879414     0.05017722
      198    -0.00892853     0.06339719
      199    -0.03482289     0.05341501
      200    -0.04199752     0.04732660
      201    -0.04057259     0.04792510
      202    -0.03912960     0.04877158
      203    -0.04592024     0.04267312
      204    -0.06026957     0.01910498
      205    -0.05676347    -0.02947570
      206     0.00134228    -0.06521380
      207     0.06361574    -0.01147210
      208    -0.00097622     0.05482455
      209    -0.05173317    -0.05022580
      210     0.06437584    -0.03785243
      211    -0.06154313     0.01037942
      212     0.05838885    -0.04585782
      213    -0.06592669    -0.00072859
      214     0.06310556     0.00907047
      215    -0.03271391    -0.07119245
      216    -0.02541932     0.04955860
      217     0.06574702    -0.02137646
      218    -0.03519103    -0.06794190
      219    -0.04464001     0.03879088
      220     0.05729086     0.02394512
      221     0.03253911    -0.07169763
      222    -0.05635176    -0.04834149
      223    -0.03971212     0.03567744
      224     0.04403663     0.03279653
      225     0.06555469    -0.04681721
      226     0.00346417    -0.09363056
      227    -0.05860692    -0.05745011
      228    -0.05007519     0.01062569
      229     0.01435380     0.03233870
      230     0.06276653    -0.01362498
      231     0.04365831    -0.07676899
      232    -0.02474397    -0.08849409
      233    -0.07244748    -0.03033928
      234    -0.04677030     0.04320892
      235     0.02712305     0.05511620
      236     0.06207135    -0.00634157
      237     0.00901513    -0.05804749
      238    -0.06405947    -0.01754956
      239    -0.04772865     0.07007423
      240     0.03952748     0.07600696
      241     0.05541633    -0.00794983
      242    -0.03272024    -0.02975117
      243    -0.06139564     0.06343455
      244     0.03661173     0.09045378
      245     0.04816803    -0.01606705
      246    -0.06225201     0.00606175
      247     0.01657807     0.09445533
      248     0.03349118    -0.03209532
      249    -0.05813004     0.06194101
      250     0.06667945     0.00903194
      251    -0.06410033     0.03010825
      252     0.06792566    -0.00485806
      253    -0.05821296     0.03851805
      254     0.04154494    -0.05125398
      255    -0.00312239     0.06902435
      256    -0.04676233    -0.04794504
      257     0.06567431    -0.01338506
      258    -0.00433364     0.07135292
      259    -0.06755764    -0.00386183
      260     0.00477218    -0.06198072
      261     0.06815231     0.00237137
      262     0.00660776     0.07194302
      263    -0.06804411     0.00576048
      264     0.01603280    -0.06066085
      265     0.04937911     0.05349329
      266    -0.06955280     0.01720624
      267     0.05322091    -0.01541455
      268    -0.04917838     0.07811253
      269     0.05439822    -0.01655088
      270    -0.06182215     0.04874657
      271     0.06838972     0.02810241
      272    -0.04691168    -0.03016913
      273    -0.01028638     0.08896210
      274     0.06222409    -0.00138678
      275    -0.04762519    -0.02394108
      276    -0.04124799     0.08595672
      277     0.05830622     0.06606301
      278     0.03119227    -0.02503252
      279    -0.05827618     0.00013341
      280    -0.04228433     0.08829347
      281     0.04605886     0.08560009
      282     0.06459852    -0.00023648
      283    -0.00680736    -0.04222404
      284    -0.06248993     0.00674923
      285    -0.03427086     0.07034404
      286     0.03663533     0.06961217
      287     0.07547220     0.00885038
      288     0.05793608    -0.05656065
      289     0.01323694    -0.08727745
      290    -0.01808179    -0.08371200
      291    -0.01514724    -0.06969989
      292     0.01681346    -0.06904922
      293     0.05379642    -0.09229438
      294     0.06582733    -0.13331460
      295     0.03296066    -0.16991030
      296    -0.03893369    -0.16894449
      297    -0.10921661    -0.10554097
      298    -0.11693802     0.00319349
      299     0.00000000     0.00000000
      300     0.02668457    -0.01619179
      301     0.02114061    -0.04760250
      302    -0.01385242    -0.05301641
      303    -0.03049791    -0.01780414
      304     0.00265733     0.00684964
      305     0.02864481    -0.02577526
      306    -0.01196178    -0.04684700
      307    -0.02678920     0.00568711
      308     0.02655649     0.00336955
      309    -0.01000304    -0.03495639
      310    -0.01323419     0.02547331
      311     0.02453316    -0.01961234
      312    -0.02957653     0.00807649
      313     0.03082404    -0.00583220
      314    -0.02976829     0.00435783
      315     0.02711590    -0.01903587
      316    -0.01493110     0.02238137
      317    -0.00708899    -0.03496046
      318     0.02796362     0.00820119
      319    -0.02538720     0.01403600
      320    -0.00675919    -0.03309853
      321     0.03058043     0.00057323
      322    -0.00845859     0.02828730
      323    -0.02872865    -0.01258856
      324     0.01209314    -0.03024275
      325     0.02891168     0.00883977
      326    -0.01058699     0.02498769
      327    -0.02665764    -0.02518796
      328     0.01655127    -0.02999973
      329     0.01369149     0.01777326
      330    -0.02786277    -0.01095795
      331     0.02400739    -0.02120001
      332    -0.01461560     0.01788717
      333     0.00718779    -0.03296885
      334    -0.00572090     0.02236078
      335     0.00946185    -0.03116545
      336    -0.01888884     0.01684472
      337     0.02724085    -0.01023595
      338    -0.02296763    -0.01990371
      339    -0.00504438     0.02472832
      340     0.02715044    -0.00245531
      341    -0.00147328    -0.02696279
      342    -0.03829624    -0.00309607
      343    -0.07018989     0.04248265
      344    -0.16261642     0.10329364
      345    -0.37265686     0.19775659
      346    -0.37694818     0.32667704
      347    -0.17810601     0.44386024
      348     0.10946031     0.46288459
      349     0.39228028     0.27917664
      350     0.47555145    -0.09445359
      351     0.22607831    -0.42721927
      352    -0.20626755    -0.43304271
      353    -0.47183645    -0.09200512
      354    -0.37456271     0.31417125
      355    -0.02281343     0.49559345
      356     0.32844102     0.37384956
      357     0.48823107     0.06659834
      358     0.40473188    -0.25552597
      359     0.12766980    -0.45238652
      360    -0.21864330    -0.43409237
      361    -0.45991738    -0.19527570
      362    -0.44136389     0.13775885
      363    -0.17399646     0.38971196
      364     0.25089341     0.34654152
      365     0.42787239    -0.10839842
      366    -0.04840243    -0.43099996
      367    -0.39939027     0.10874034
      368     0.23076615     0.29461175
      369     0.06050947    -0.30177394
      370    -0.19554226     0.19191492
      371     0.20220151    -0.06493057
      372    -0.17820223     0.04640153
      373     0.13682479    -0.01665993
      374    -0.10867489     0.06918462
      375     0.00000000     0.00000000
      376     0.01357771     0.04387776
      377    -0.01968928     0.01141704
      378     0.01400273    -0.00922350
      379     0.01467626     0.02236463
      380    -0.01787227     0.01668237
      381    -0.01367558    -0.01412860
      382     0.01542813    -0.01250096
      383     0.01788582     0.01658483
      384    -0.01102201     0.02356377
      385    -0.01942228    -0.00573144
      386     0.01412655    -0.00936976
      387     0.00732089     0.03099421
      388    -0.02215011     0.00716328
      389     0.02082073     0.02004901
      390    -0.02203762     0.02366527
      391     0.02147411     0.03055258
      392     0.00206585    -0.00722440
      393     0.00015732     0.00054881
      394     0.07547602    -0.03283899
      395     0.23115141    -0.14461040
      396     0.28137749    -0.32942539
      397     0.01727625    -0.46942275
      398    -0.39768251    -0.22130927
      399    -0.22059881     0.37052405
      400     0.40247803     0.07607107
      401    -0.17571092    -0.32486650
      402    -0.03002265     0.31569235
      403     0.10308985    -0.23119047
      404    -0.09879521     0.18132878
      405     0.06006313    -0.14367989
      406    -0.00873232     0.12353268
      407    -0.04048201    -0.10372150
      408     0.00000000     0.00000000
      409    -0.00865730    -0.01252236
      410     0.00743681    -0.00120456
      411    -0.00501744     0.01189364
      412    -0.00246689    -0.00393661
      413     0.00832222     0.00796468
      414    -0.00859941     0.00424731
      415     0.00630342    -0.00495270
      416    -0.00185005     0.01024409
      417    -0.00229708    -0.00724012
      418     0.00492604     0.00945452
      419    -0.00681038    -0.00371664
      420     0.00765810     0.00723502
      421    -0.00769759    -0.00255431
      422     0.00830297     0.00529108
      423    -0.00697462    -0.00558681
      424     0.00761298     0.00320671
      425    -0.00421566    -0.01279196
      426     0.00349143     0.00035073
      427     0.00322737    -0.02016548
      428    -0.00854784    -0.00573223
      429     0.00450674    -0.00319133
      430    -0.00968251    -0.00078805
      431    -0.00310601     0.02202971
      432     0.01066607     0.00604294
      433    -0.00677420     0.00215495
      434     0.00631103     0.00829976
      435     0.00134098    -0.01030165
      436    -0.00688974     0.00498843
      437     0.00886166    -0.00107027
      438    -0.00757817    -0.00548826
      439     0.00233385     0.00935608
      440     0.00267448    -0.00784057
      441    -0.00703396     0.00792776
      442     0.00838723    -0.00101696
      443    -0.00904993     0.00370342
      444     0.00954321     0.00137022
      445    -0.00849560     0.00136546
      446     0.00958551    -0.00607195
      447    -0.00516714    -0.00005289
      448     0.00202202    -0.01865037
      449     0.00415664    -0.00035586
      450    -0.01298986     0.00158649
      451     0.00667777    -0.00175533
      452     0.00188287     0.01404042
      453    -0.00501128    -0.00828681
      454     0.00854963     0.00470527
      455    -0.00909956    -0.00707896
      456     0.00893143     0.00296147
      457    -0.00866120    -0.00727764
      458     0.00598717     0.00800989
      459    -0.00307336    -0.00912015
      460    -0.00288906     0.01189895
      461     0.00745272    -0.00401819
      462    -0.01070585     0.00386990
      463     0.00724633     0.01152180
      464    -0.00040742    -0.00501595
      465    -0.00797545     0.01286959
      466     0.01008883     0.00780353
      467    -0.00625589    -0.00147979
      468    -0.00254838     0.01852065
      469     0.00705614     0.00394350
      470    -0.01109025     0.01300138
      471     0.00865221     0.01929025
      472    -0.00368340     0.00356158
      473    -0.00035053     0.02125980
      474     0.00702413     0.00019373
      475    -0.00852559     0.01138857
      476     0.01051825     0.00410697
      477    -0.01002185     0.00300512
      478     0.00982229     0.00816424
      479    -0.00821404    -0.00270937
      480     0.00788861     0.00909552
      481    -0.00645990    -0.00659086
      482     0.00589011     0.00958736
      483    -0.00567706    -0.00749810
      484     0.00557474     0.01052447
      485    -0.00784723    -0.00371026
      486     0.00797566     0.01180326
      487    -0.01126275     0.00956018
      488     0.00955832     0.00498274
      489    -0.00241769     0.01797906
      490    -0.00435097    -0.00380519
      491     0.01048223     0.00625438
      492    -0.00824270     0.00952096
      493    -0.00019041    -0.00704622
      494     0.00762808     0.01191308
      495    -0.01433430     0.02055618
      496     0.00761220     0.00501421
      497     0.00223737     0.02470753
      498    -0.00413495    -0.00377595
      499     0.00328164     0.02255295
      500     0.00266298    -0.00583578
      501    -0.00917249     0.01613766
      502     0.01563496     0.00502007
      503    -0.00254747    -0.01397460
      504    -0.00697017     0.00199688
      505     0.01490840    -0.00503171
      506     0.01137824    -0.03118548
      507    -0.01323096    -0.03008255
      508    -0.02795795     0.00043851
      509    -0.02935827     0.03737143
      510    -0.02101219     0.06623838
      511    -0.00875575     0.08028180
      512    -0.00780391     0.08585786
      513    -0.03018268     0.09778560
      514    -0.07773301     0.13167327
