#     Density Matrix: coherence Re-Im; see the manual for detail orders
        0     0.00000000     0.00000000
        1     0.00013777     0.00007314
        2     0.00016894     0.00022527
        3     0.00005471     0.00033392
        4    -0.00011393     0.00028283
        5    -0.00016395     0.00009115
        6     0.00014901    -0.00833028
        7     0.00083209    -0.00428093
        8     0.00082425    -0.00387018
        9    -0.00017452    -0.00427668
       10    -0.00052445    -0.00623525
       11     0.00090389    -0.00703565
       12     0.00004565    -0.00663871
       13     0.00003127    -0.00912710
       14     0.00069911    -0.00854748
       15    -0.00006048    -0.01097269
       16     0.00056309    -0.01044333
       17     0.00053550    -0.01304954
       18    -0.00022162    -0.01262760
       19     0.00119497    -0.01406324
       20    -0.00014961    -0.01553903
       21    -0.00003891    -0.01477678
       22     0.00106240    -0.01607084
       23    -0.00010296    -0.01722911
       24    -0.00060045    -0.01623894
       25     0.00055858    -0.01616379
       26     0.00044350    -0.01729977
       27    -0.00086542    -0.01694387
       28    -0.00089355    -0.01533919
       29     0.00012808    -0.01477186
       30     0.00011099    -0.01514187
       31    -0.00101346    -0.01455187
       32    -0.00153647    -0.01270249
       33    -0.00093404    -0.01104426
       34    -0.00034831    -0.01033197
       35    -0.00070486    -0.00983060
       36    -0.00172714    -0.00857620
       37    -0.00265775    -0.00643464
       38    -0.00324934    -0.00385026
       39    -0.00404948    -0.00108922
       40    -0.00611973     0.00217306
       41    -0.01100487     0.00673335
       42    -0.02172444     0.01370079
       43    -0.04585583     0.02449373
       44    -0.10777604     0.04097179
       45    -0.31442091     0.06600849
       46    -0.48615723     0.10002638
       47    -0.29202186     0.14042708
       48    -0.17653094     0.18407496
       49    -0.07666841     0.22010427
       50     0.03886241     0.22671405
       51     0.16146213     0.17532915
       52     0.24808596     0.04802638
       53     0.23222840    -0.12918294
       54     0.07493077    -0.25920195
       55    -0.15095401    -0.21320355
       56    -0.24340643     0.02350666
       57    -0.05845678     0.22300537
       58     0.19828187     0.10087821
       59     0.10992697    -0.18173074
       60    -0.18551416    -0.08424164
       61    -0.03077952     0.19769496
       62     0.16536316    -0.05694398
       63    -0.16220208    -0.04459197
       64     0.11067828     0.13166970
       65    -0.10580101    -0.07982745
       66     0.13137755     0.05987893
       67    -0.10605602     0.07655063
       68    -0.03150712    -0.10627328
       69     0.09807067    -0.03580551
       70     0.00000000     0.00000000
       71     0.00155746    -0.00024633
       72     0.00204080    -0.00051822
       73     0.00194292    -0.00140564
       74     0.00147245    -0.00242612
       75     0.00087183    -0.00292144
       76     0.00058863    -0.00266031
       77     0.00097524    -0.00146387
       78     0.00187408     0.00203489
       79     0.00116774     0.01299761
       80    -0.01055449     0.05562694
       81     0.00502692     0.01690288
       82     0.00874015     0.03593608
       83    -0.00700765     0.00342642
       84     0.00218697     0.03183578
       85     0.01127883     0.00134811
       86    -0.01438353     0.00787570
       87     0.00191167     0.02448545
       88     0.01969935     0.00450642
       89     0.00876470    -0.01766540
       90    -0.00718662    -0.01774738
       91    -0.00664163    -0.00827429
       92     0.00684730    -0.00781781
       93     0.01773406    -0.02059689
       94     0.01500206    -0.03724715
       95    -0.00038336    -0.04467203
       96    -0.01725685    -0.03614500
       97    -0.02284646    -0.01654141
       98    -0.01289691     0.00088845
       99     0.00451715     0.00476472
      100     0.01534302    -0.00520337
      101     0.01087169    -0.01812719
      102    -0.00581144    -0.02090418
      103    -0.02325635    -0.00811245
      104    -0.03094649     0.01522516
      105    -0.02626844     0.03884149
      106    -0.01460352     0.05477827
      107    -0.00429471     0.06148357
      108    -0.00112771     0.06292443
      109    -0.00548438     0.06488194
      110    -0.01261438     0.07120095
      111    -0.01515349     0.08142873
      112    -0.00702040     0.09018426
      113     0.01220087     0.08869235
      114     0.03421254     0.06942761
      115     0.04371341     0.03368403
      116     0.02841636    -0.00260351
      117    -0.00524226    -0.01489796
      118    -0.02700540     0.00620921
      119    -0.00931788     0.03231319
      120     0.02801305     0.01871039
      121     0.02613233    -0.02685500
      122    -0.01859622    -0.03320870
      123    -0.02204871     0.01076949
      124     0.02684068     0.00597244
      125     0.01250419    -0.04567126
      126    -0.03139288    -0.01597329
      127     0.01827590     0.00812231
      128     0.00934275    -0.05016200
      129    -0.02696227    -0.00171916
      130     0.03177022    -0.02199772
      131    -0.03214342    -0.02240876
      132     0.03217387    -0.01634260
      133    -0.02826197    -0.00773707
      134     0.03201256    -0.13128036
      135     0.00000000     0.00000000
      136    -0.00621415    -0.00113847
      137    -0.00328466    -0.00645793
      138     0.00209479    -0.00659435
      139     0.00479720    -0.00456802
      140     0.00537364    -0.00380310
      141     0.00475243    -0.00491874
      142     0.00266556    -0.00671142
      143    -0.00050250    -0.00725019
      144    -0.00304854    -0.00623498
      145    -0.00397292    -0.00538929
      146    -0.00313566    -0.00604731
      147     0.00011753    -0.00747197
      148     0.00514395    -0.00654559
      149     0.00593595    -0.00403576
      150     0.00698345    -0.04810490
      151    -0.00685212    -0.02474664
      152    -0.00673610    -0.03063314
      153     0.00807686    -0.01102956
      154    -0.00959176    -0.02185213
      155     0.00769945    -0.00765007
      156    -0.00500694    -0.02370126
      157    -0.00239855    -0.00185426
      158     0.00825062    -0.01753166
      159    -0.01099030    -0.01319891
      160     0.00135980     0.00219270
      161     0.00869248    -0.01313919
      162    -0.00836370    -0.01390775
      163    -0.00606546     0.00304125
      164     0.00972367    -0.00092211
      165     0.00553518    -0.01614940
      166    -0.00860090    -0.01305384
      167    -0.00580915     0.00004990
      168     0.00831938    -0.00185947
      169     0.00978411    -0.01665456
      170    -0.00378611    -0.02145619
      171    -0.01154977    -0.00936169
      172    -0.00234003     0.00139494
      173     0.00921751    -0.00420002
      174     0.00531706    -0.01581645
      175    -0.00830221    -0.01373028
      176    -0.01087942     0.00122799
      177     0.00178590     0.00827237
      178     0.00988649    -0.00162028
      179     0.00008442    -0.01031856
      180    -0.01150021    -0.00065409
      181    -0.00433204     0.01337538
      182     0.00945587     0.00828085
      183     0.00370713    -0.00501610
      184    -0.01074226     0.00210544
      185    -0.00301510     0.01723984
      186     0.01059540     0.00788486
      187    -0.00272031    -0.00276055
      188    -0.01010490     0.01504332
      189     0.00838635     0.01684243
      190    -0.00073783     0.00181960
      191    -0.00918011     0.02113860
      192     0.01052187     0.01652729
      193    -0.00848431     0.00904958
      194     0.00434244     0.02655582
      195    -0.00185216     0.00580341
      196     0.00167047     0.02760895
      197    -0.00513977     0.00806314
      198     0.00729478     0.02938112
      199    -0.02189670     0.06891668
      200     0.00850278    -0.03131315
      201     0.03807842     0.00860496
      202     0.00210902     0.03800259
      203    -0.03314954     0.01813335
      204    -0.03628018    -0.01331635
      205    -0.02302679    -0.03115726
      206    -0.01005362    -0.03686521
      207    -0.00120532    -0.03766912
      208     0.00644736    -0.03683664
      209     0.01679108    -0.03334279
      210     0.03023530    -0.02227076
      211     0.03816544     0.00184930
      212     0.02310295     0.03170368
      213    -0.01750727     0.03577979
      214    -0.03714274    -0.00708046
      215     0.01090606    -0.03256620
      216     0.03031578     0.02823173
      217    -0.03740489     0.01965915
      218     0.02143801    -0.01570818
      219    -0.02301805     0.06942822
      220     0.01334890     0.01185613
      221     0.00289234     0.05019188
      222     0.01463764    -0.02580921
      223    -0.02944911     0.02865598
      224     0.03684305     0.00919874
      225    -0.02282750    -0.02256787
      226    -0.01147015     0.04312166
      227     0.03486320     0.00134945
      228    -0.02457681    -0.01649885
      229    -0.01986511     0.04778810
      230     0.03522209     0.02479670
      231    -0.00558011    -0.01679706
      232    -0.03187520     0.03556104
      233     0.02842248     0.04152572
      234     0.01489419    -0.02115411
      235    -0.03510646     0.01251167
      236     0.02154337     0.03750109
      237     0.01690420    -0.03024650
      238    -0.03481568     0.00751921
      239     0.02998922     0.02037974
      240    -0.00158276    -0.04220324
      241    -0.02281664     0.02035062
      242     0.03728018    -0.01503086
      243    -0.03082864    -0.03088992
      244     0.01324632     0.02201381
      245     0.00964654    -0.04865341
      246    -0.02746197     0.01158726
      247     0.03590508    -0.02050880
      248    -0.03597577    -0.02129841
      249     0.02968871     0.00988996
      250    -0.02257375    -0.04057245
      251     0.01682212     0.02154922
      252    -0.01410066    -0.04603096
      253     0.01862019     0.01686100
      254    -0.00479812    -0.08099166
      255    -0.00679139     0.02641841
      256    -0.01415965    -0.03453979
      257     0.03071355     0.01176864
      258    -0.03053710     0.01284817
      259     0.00101938    -0.03586516
      260     0.03239281     0.00835495
      261    -0.01132611     0.03084065
      262    -0.03375017    -0.00555373
      263    -0.00835396    -0.03314530
      264     0.02385476    -0.02540448
      265     0.03406477     0.00078273
      266     0.01935944     0.02494156
      267    -0.00956400     0.03063405
      268    -0.03277824     0.00934627
      269    -0.02409062    -0.02542784
      270     0.01676993    -0.03037514
      271     0.03195419     0.01247435
      272    -0.01239760     0.03178096
      273    -0.03075965    -0.01579126
      274     0.02020244    -0.02951657
      275     0.03042966    -0.01044962
      276    -0.04161518     0.00345438
      277     0.01945450    -0.05213281
      278    -0.00054984     0.03254620
      279    -0.00889362    -0.05573222
      280     0.01023534     0.03110868
      281    -0.00500340    -0.05626049
      282    -0.00638550     0.03262425
      283     0.02062104    -0.04979911
      284    -0.03644107     0.01704266
      285     0.04361724    -0.01224006
      286    -0.03965152    -0.02758285
      287     0.01516871     0.03772988
      288     0.01661202    -0.04265869
      289    -0.04322761     0.01411168
      290     0.03552993     0.02791986
      291     0.00104070    -0.04037638
      292    -0.04057262     0.02587306
      293     0.03476283     0.03428088
      294     0.00983657    -0.03454817
      295    -0.04425444     0.01566833
      296     0.02106851     0.04872406
      297     0.03089092    -0.02372874
      298    -0.03994120    -0.01064340
      299    -0.00319876     0.05082880
      300     0.04360184    -0.00706512
      301    -0.02734548    -0.03098356
      302    -0.01861018     0.04312231
      303     0.04454461    -0.00117636
      304    -0.02783396    -0.03259049
      305    -0.00957801     0.04610960
      306     0.03693190    -0.02131666
      307    -0.04478436     0.00093176
      308     0.03729965     0.02868344
      309    -0.02872601    -0.02856190
      310     0.02487814     0.04333385
      311    -0.03123729    -0.02473170
      312     0.04241543     0.02095631
      313    -0.03749444     0.03183299
      314    -0.01427365    -0.03446869
      315     0.04464960    -0.01351790
      316     0.01324863     0.04509890
      317    -0.04135005     0.02221317
      318    -0.03789439    -0.02687617
      319    -0.00709878    -0.04567966
      320     0.01296270    -0.04444490
      321     0.01592224    -0.04362517
      322     0.00437893    -0.04641252
      323    -0.01682496    -0.04369980
      324    -0.03579534    -0.03036655
      325    -0.04416190    -0.01582963
      326    -0.04523953    -0.01250915
      327    -0.04003835    -0.02518028
      328    -0.01557170    -0.04504958
      329     0.03139000    -0.03494646
      330     0.03813805     0.02690079
      331    -0.03332888     0.03436863
      332    -0.01562321    -0.04112484
      333     0.04266403     0.02261841
      334    -0.05051458     0.03563027
      335     0.04395866    -0.02148662
      336    -0.03720805     0.05297623
      337     0.04022318    -0.02668660
      338    -0.04874237     0.03832785
      339     0.05544370     0.00649520
      340    -0.05016187    -0.01231117
      341     0.02828708     0.05834933
      342     0.00816357    -0.04552668
      343    -0.04128065     0.04523884
      344     0.05604286     0.00815620
      345    -0.03946683    -0.03234339
      346     0.00247772     0.06041571
      347     0.03853299    -0.03712495
      348    -0.05491476     0.00289538
      349     0.03895174     0.04077507
      350     0.00607553    -0.05648348
      351    -0.04545892     0.02777304
      352     0.05327350     0.01365393
      353    -0.01373337    -0.06041508
      354    -0.03639165     0.03251766
      355     0.05522951     0.00046139
      356    -0.01685200    -0.06448469
      357    -0.03769046     0.02814319
      358     0.05372473     0.00104993
      359    -0.01541529    -0.06538637
      360    -0.03827423     0.03006468
      361     0.05438824    -0.00157553
      362    -0.02858517    -0.05609364
      363    -0.01580181     0.04614697
      364     0.04637496    -0.03727442
      365    -0.05550045    -0.00684022
      366     0.05044115     0.01652504
      367    -0.04207211    -0.04356389
      368     0.03950449     0.03134283
      369    -0.04393448    -0.04261078
      370     0.04904624     0.01311176
      371    -0.04748637     0.01720219
      372     0.01972129    -0.04813258
      373     0.02904431     0.04058552
      374    -0.04914006     0.01235111
      375    -0.00957529    -0.05087958
      376     0.04677090    -0.02044721
      377     0.04121326     0.02962727
      378     0.01372871     0.04911357
      379    -0.00193429     0.05111809
      380    -0.00117583     0.05116106
      381     0.01191473     0.04969946
      382     0.02949282     0.04159338
      383     0.04237475     0.02818126
      384     0.04758783     0.01791446
      385     0.04745240     0.01813366
      386     0.04024564     0.03076740
      387     0.01639399     0.04777104
      388    -0.02634211     0.04324972
      389    -0.05062432    -0.00594058
      390    -0.00328663    -0.05070663
      391     0.04806830     0.00413698
      392     0.00722778     0.05582641
      393    -0.04616471    -0.00568470
      394     0.04312110    -0.01362372
      395    -0.02961513     0.04545903
      396     0.02381363    -0.03538554
      397    -0.02641400     0.04535781
      398     0.03812833    -0.02668762
      399    -0.04640515     0.01124829
      400     0.04450800     0.02001632
      401    -0.01565363    -0.04797151
      402    -0.02405766     0.03635671
      403     0.04904164    -0.00819287
      404    -0.02340036    -0.05013386
      405    -0.02813189     0.03012760
      406     0.04627162     0.00331932
      407    -0.00482703    -0.05556169
      408    -0.04489510     0.01213566
      409     0.03003466     0.03159157
      410     0.02672782    -0.04389249
      411    -0.04612517    -0.01912919
      412    -0.00481601     0.04640759
      413     0.04681651    -0.00858009
      414    -0.02086189    -0.04292419
      415    -0.03683602     0.03319442
      416     0.04065119     0.02767798
      417     0.01002104    -0.04420771
      418    -0.04739593     0.01143092
      419     0.02855713     0.04169571
      420     0.01968651    -0.04216987
      421    -0.04648645     0.01122226
      422     0.03996084     0.02726841
      423    -0.01212223    -0.04814998
      424    -0.01244799     0.04365223
      425     0.02806836    -0.04318636
      426    -0.03174304     0.03118037
      427     0.02612340    -0.04620409
      428    -0.00376980     0.04171326
      429    -0.03671719    -0.03317347
      430     0.04334164    -0.02283171
      431     0.01131138     0.04628082
      432    -0.04758388     0.00857850
      433    -0.01904934    -0.04567494
      434     0.03006284    -0.03903348
      435     0.04776425    -0.00913029
      436     0.04786523     0.00794735
      437     0.04821296     0.00625098
      438     0.04675817    -0.01217059
      439     0.03027462    -0.03703672
      440    -0.00136774    -0.04785557
      441    -0.02898869    -0.03853943
      442    -0.04148086    -0.02501220
      443    -0.04315995    -0.02216901
      444    -0.03521865    -0.03351226
      445    -0.00774710    -0.04812008
      446     0.03670035    -0.03203923
      447     0.03832188     0.02930359
      448    -0.03463081     0.03322082
      449    -0.01582430    -0.04681685
      450     0.04541041     0.01590188
      451    -0.04509215     0.00130797
      452     0.04137369    -0.02431587
      453    -0.04236519     0.01165090
      454     0.04502072    -0.01052180
      455    -0.04304131    -0.01955256
      456     0.02592140     0.03280053
      457     0.00793517    -0.04937827
      458    -0.04009136     0.01635959
      459     0.03923596     0.01818417
      460     0.00470011    -0.05116971
      461    -0.04346474     0.00529387
      462     0.02441358     0.03118977
      463     0.03257691    -0.04037387
      464    -0.03698763    -0.03477256
      465    -0.01941433     0.03090579
      466     0.04368032     0.00378552
      467     0.01013111    -0.05638804
      468    -0.04592786    -0.01604082
      469     0.00085840     0.03567787
      470     0.04250485    -0.01777367
      471    -0.02230651    -0.04459078
      472    -0.03257730     0.02961794
      473     0.04075370     0.01655143
      474    -0.00381367    -0.04396162
      475    -0.03778185     0.02868508
      476     0.04218845     0.01866639
      477    -0.01905437    -0.03542374
      478    -0.01320676     0.05022589
      479     0.03405711    -0.02134672
      480    -0.04378499     0.02082814
      481     0.04491163     0.00949502
      482    -0.04520620     0.00613831
      483     0.04488397     0.01007395
      484    -0.04262921     0.02796726
      485     0.02573246    -0.02265501
      486     0.00946403     0.06292714
      487    -0.08583170     0.23580343
      488    -0.02573825    -0.11458765
      489     0.10237892    -0.06809904
      490     0.12390033     0.02650322
      491     0.10260539     0.08161738
      492     0.09315017     0.10500767
      493     0.11130170     0.11064065
      494     0.15357305     0.09413306
      495     0.19829411     0.04757202
      496     0.21811179    -0.01009730
      497     0.21652875    -0.03559555
      498     0.21316400     0.00157179
      499     0.17777254     0.10622133
      500     0.02557663     0.20153260
      501    -0.18524455     0.08603065
      502    -0.09369702    -0.19054772
      503     0.22136796    -0.05385198
      504    -0.04125506     0.25650595
      505    -0.23904117    -0.20195454
      506     0.45414096    -0.04354521
      507     0.00000000     0.00000000
      508     0.01219560     0.04069598
      509    -0.01131600    -0.00917902
      510     0.00876308     0.03588927
      511     0.00228092    -0.01643607
      512    -0.01450537     0.02879898
      513     0.02542930     0.00073222
      514    -0.02124911    -0.00834109
      515     0.00001618     0.03271423
      516     0.02178345    -0.00609207
      517    -0.02243495    -0.00540404
      518    -0.00334922     0.03436395
      519     0.02471734     0.00212186
      520    -0.01559851    -0.01130269
      521    -0.01358806     0.03104967
      522     0.02571025     0.01370016
      523    -0.00418541    -0.01759410
      524    -0.02103467     0.02102251
      525     0.02259588     0.01926121
      526     0.00295891    -0.02152780
      527    -0.02291273     0.01340106
      528     0.02211284     0.01585580
      529     0.00071236    -0.02608223
      530    -0.02002743     0.01358175
      531     0.02579867     0.00300254
      532    -0.01061626    -0.02853631
      533    -0.00856519     0.01699754
      534     0.02443001    -0.01914015
      535    -0.02378090    -0.01911737
      536     0.01326574     0.01090891
      537     0.00341811    -0.03820742
      538    -0.01550921     0.00694393
      539     0.02290835    -0.02662153
      540    -0.02495961    -0.00783710
      541     0.02523482    -0.02122661
      542    -0.02147469    -0.00464307
      543     0.02148736    -0.06370566
      544    -0.00622033     0.03150431
      545    -0.03395253    -0.02670637
      546     0.03130910    -0.02790510
      547     0.02415174     0.03078831
      548    -0.02646396     0.02762489
      549    -0.03898207    -0.01877725
      550    -0.01466326    -0.04305315
      551     0.01636768    -0.02129339
      552     0.02620699    -0.02041436
      553     0.02459806    -0.02646766
      554     0.01930996    -0.03147999
      555     0.01452452    -0.03420268
      556     0.01420569    -0.03430032
      557     0.02030093    -0.03095877
      558     0.03111565    -0.02017951
      559     0.03711256     0.00306562
      560     0.01936877     0.03109295
      561    -0.02357654     0.02702707
      562    -0.02891039    -0.02547004
      563     0.03039753    -0.02540796
      564     0.00276357     0.03157863
      565    -0.02537895    -0.03477185
      566     0.03962236    -0.00704960
      567    -0.04416802    -0.01718613
      568     0.04266900    -0.01157824
      569    -0.04417274    -0.01050157
      570     0.04198671     0.00064017
      571    -0.04081787    -0.02099755
      572     0.03288506     0.02498158
      573    -0.02119045    -0.03968333
      574     0.00246008     0.04229475
      575     0.01851277    -0.04010260
      576    -0.03618809     0.02281289
      577     0.04357784    -0.00103175
      578    -0.03518333    -0.02698739
      579     0.01403191     0.03912377
      580     0.01174088    -0.04319551
      581    -0.03372882     0.02798772
      582     0.04154358    -0.00493597
      583    -0.04370434    -0.00634359
      584     0.02593049     0.04758795
      585    -0.02071555    -0.00747222
      586    -0.00801628     0.08409158
      587     0.04029884    -0.00164691
      588    -0.04207576     0.02252198
      589     0.04361029     0.02618365
      590    -0.03867566    -0.01177751
      591     0.03682570     0.03952541
      592    -0.04181041    -0.00113336
      593     0.04576764     0.00168400
      594    -0.02221544     0.04545711
      595    -0.02549885    -0.03341049
      596     0.04063922    -0.01822706
      597     0.02603320     0.03866032
      598    -0.02374295     0.03973045
      599    -0.04506169     0.00594451
      600    -0.03800013    -0.02373895
