#     Density Matrix: coherence Re-Im; see the manual for detail orders
        0     0.00000000     0.00000000     0.00000000     0.00000000     0.00000000     0.00000000
        1     0.00000004    -0.00000003     0.00003944    -0.00006300     0.00063817    -0.00020279
        2     0.00000014    -0.00000009     0.00000697    -0.00013487     0.00074099    -0.00100531
        3     0.00000015     0.00000027     0.00003941    -0.00020951    -0.00112277    -0.00094896
        4    -0.00000036     0.00000104     0.00000685    -0.00028019    -0.00372676     0.00119899
        5    -0.00000209     0.00000178     0.00003912    -0.00035139    -0.00566324     0.00532435
        6    -0.00000447     0.00000271     0.00000626    -0.00042255    -0.00657680     0.01048238
        7    -0.00000809     0.00000311     0.00003749    -0.00048362    -0.00766849     0.01612422
        8    -0.00001303     0.00000640     0.00000555    -0.00055681    -0.01171186     0.02326661
        9    -0.00002216     0.00001345     0.00003152    -0.00059860    -0.02431041     0.03566610
       10    -0.00004322     0.00004258     0.00000394    -0.00066990    -0.06341348     0.06362275
       11    -0.00010463     0.00017096    -0.00000782    -0.00064614    -0.23954224     0.15061040
       12    -0.00020367    -0.00023204     0.00041624    -0.00094281     0.11576221     0.24934533
       13    -0.00036533    -0.00078137    -0.00040215    -0.00122894     0.45826319     0.05576963
       14    -0.00008108     0.00003858    -0.00011600     0.00012373     0.38501005    -0.15090015
       15     0.00051186    -0.00012672     0.00048247    -0.00093150     0.26476843    -0.30152573
       16     0.00013318    -0.00034997    -0.00061110    -0.00044881     0.10583884    -0.38266559
       17     0.00003719     0.00028258     0.00055209    -0.00016003    -0.05996984    -0.39344876
       18     0.00052343     0.00022737    -0.00014993    -0.00112112    -0.20770710    -0.34437282
       19     0.00009483    -0.00010119    -0.00026476     0.00004083    -0.32130109    -0.25186900
       20    -0.00017839     0.00046704     0.00059760    -0.00072099    -0.39341278    -0.13355250
       21     0.00030929     0.00043761    -0.00054946    -0.00079917    -0.42326280    -0.00549702
       22    -0.00006594    -0.00007054     0.00014458     0.00008649    -0.41469621     0.11914654
       23    -0.00048090     0.00039832     0.00033587    -0.00099224    -0.37436200     0.23085453
       24     0.00006253     0.00047404    -0.00062069    -0.00045502    -0.31005262     0.32371354
       25    -0.00012352    -0.00019171     0.00035111    -0.00001609    -0.22959283     0.39475782
       26    -0.00068283     0.00012943     0.00012127    -0.00101472    -0.14027192     0.44334789
       27    -0.00013498     0.00042883    -0.00057726    -0.00024886    -0.04831445     0.47066341
       28    -0.00000834    -0.00030367     0.00040002    -0.00004588     0.04149548     0.47904979
       29    -0.00070224    -0.00023392     0.00005647    -0.00092341     0.12551626     0.47139646
       30    -0.00032000     0.00035897    -0.00053763    -0.00017136     0.20090605     0.45092724
       31     0.00019696    -0.00025296     0.00035033     0.00003419     0.26599925     0.42083611
       32    -0.00050604    -0.00056717     0.00011454    -0.00076859     0.31972862     0.38426341
       33    -0.00051997     0.00022629    -0.00050627    -0.00018464     0.36170597     0.34428863
       34     0.00031724    -0.00000058     0.00022297     0.00017139     0.39264171     0.30367548
       35    -0.00012050    -0.00072592     0.00024208    -0.00056548     0.41439402     0.26535724
       36    -0.00065988    -0.00005256    -0.00044255    -0.00028554     0.42893636     0.23112623
       37     0.00017807     0.00030213     0.00002725     0.00026669     0.43811604     0.20211212
       38     0.00029508    -0.00058271     0.00036450    -0.00031939     0.44378370     0.17895715
       39    -0.00058399    -0.00041469    -0.00029940    -0.00043066     0.44834824     0.16194879
       40    -0.00017198     0.00040679    -0.00022040     0.00025206     0.45704962     0.15136634
       41     0.00028678    -0.00010654     0.00044768    -0.00001575     0.44191601     0.14734373
       42    -0.00008397     0.00005832    -0.00019777    -0.00062395    -0.04495793     0.14616947
       43     0.00018215     0.00001499    -0.00039881     0.00014109    -0.33199101     0.14992500
       44    -0.00012240    -0.00010767     0.00033586     0.00010405    -0.34774584     0.15667472
       45    -0.00015504     0.00021875     0.00010083    -0.00056376    -0.34719330     0.16389879
       46     0.00017610     0.00015873    -0.00049402    -0.00013808    -0.34083943     0.17003317
       47     0.00005105    -0.00015643     0.00005979     0.00035997    -0.33191705     0.17387037
       48    -0.00021055     0.00002321     0.00039814    -0.00027407    -0.32340046     0.17458903
       49     0.00003402     0.00022397    -0.00030816    -0.00041774    -0.32399464     0.17145479
       50     0.00027084    -0.00019784    -0.00018522     0.00026813    -0.47166135     0.16528299
       51    -0.00044527    -0.00017739     0.00010850    -0.00004823    -0.16340577     0.16767753
       52    -0.00013483     0.00054562    -0.00009051    -0.00004121    -0.03186426     0.16927047
       53     0.00047530     0.00006876    -0.00001753     0.00008209    -0.01154901     0.17001122
       54    -0.00013463    -0.00042388     0.00007357    -0.00002485     0.00265669     0.17019266
       55    -0.00049266     0.00026925    -0.00005572    -0.00008077     0.01728710     0.16932713
       56     0.00025246     0.00046310    -0.00007030     0.00005940     0.03400791     0.16662182
       57     0.00028543    -0.00031741     0.00006803     0.00002961     0.05326586     0.16097416
       58    -0.00048265    -0.00020699    -0.00000515    -0.00009063     0.07473860     0.15099651
       59    -0.00021333     0.00050652    -0.00009144     0.00002110     0.09735728     0.13518879
       60     0.00044938     0.00008707     0.00004490     0.00006214     0.11919635     0.11227402
       61    -0.00006567    -0.00049376     0.00003171    -0.00007486     0.13737752     0.08142318
       62    -0.00050453     0.00011874    -0.00008140    -0.00000398     0.14810813     0.04283895
       63     0.00021823     0.00043981     0.00003342     0.00006532     0.14696408    -0.00149979
       64     0.00043161    -0.00030980     0.00004179    -0.00006154     0.12966649    -0.04729399
       65    -0.00031966    -0.00033637    -0.00005985    -0.00000326     0.09318180    -0.08758311
       66    -0.00019202     0.00045970     0.00004533     0.00003889     0.03713980    -0.11291051
       67     0.00054151     0.00023316     0.00000701    -0.00006977    -0.03513130    -0.11245588
       68     0.00010786    -0.00039254    -0.00004280     0.00003864    -0.11724365    -0.07572849
       69    -0.00051752     0.00017561     0.00011108    -0.00004190    -0.20752528     0.00619916
       70    -0.00002136     0.00059572    -0.00009685    -0.00025481    -0.34893771     0.14677318
       71     0.00014167     0.00006076     0.00001489     0.00005037     0.19309484     0.23701033
       72     0.00025081    -0.00042748     0.00013183    -0.00026738     0.44052869    -0.03115599
       73    -0.00022456    -0.00043495    -0.00011032    -0.00000402     0.10627474    -0.18679471
       74    -0.00018364     0.00047134     0.00010538    -0.00001800    -0.10315218    -0.17349355
       75     0.00047625     0.00033190    -0.00009035    -0.00009922    -0.21365981    -0.04941335
       76    -0.00002344    -0.00032930     0.00004249     0.00006659    -0.19893839     0.10639639
       77    -0.00061932     0.00014318     0.00002000    -0.00014569    -0.07869075     0.20468764
       78     0.00007317     0.00039669    -0.00007315     0.00004620     0.07505112     0.19080857
       79     0.00030403    -0.00043479     0.00008800    -0.00005503     0.17267322     0.07434702
       80    -0.00037872    -0.00034110    -0.00008702    -0.00002592     0.15635905    -0.07318093
       81     0.00000170     0.00045760     0.00007422     0.00001753     0.03878538    -0.15694633
       82     0.00055991    -0.00000043    -0.00005619    -0.00006918    -0.09695332    -0.12105813
       83    -0.00023125    -0.00033125     0.00003789     0.00004978    -0.15064623     0.00494548
       84    -0.00039375     0.00042956    -0.00002023    -0.00008484    -0.08264306     0.12053969
       85     0.00038463     0.00015237    -0.00000090     0.00005938     0.04849722     0.13173630
       86    -0.00004488    -0.00054362     0.00001109    -0.00007380     0.13019783     0.03170267
       87    -0.00039881     0.00018532    -0.00002018     0.00005380     0.09227333    -0.08900156
       88     0.00043254     0.00034891     0.00003025    -0.00006305    -0.02739168    -0.12051440
       89     0.00014579    -0.00039769    -0.00003114     0.00004115    -0.11422101    -0.03623719
       90    -0.00051711     0.00015243     0.00003236    -0.00005497    -0.08560099     0.07874223
       91     0.00024647     0.00042211    -0.00003999     0.00003917     0.02644738     0.10973986
       92     0.00021017    -0.00043530     0.00003466    -0.00004130     0.10618350     0.02810742
       93    -0.00047192     0.00002264    -0.00003268     0.00003972     0.07286655    -0.07868550
       94     0.00025543     0.00049064     0.00003963    -0.00004324    -0.03482145    -0.09864725
       95     0.00027375    -0.00033337    -0.00003221     0.00003049    -0.10058514    -0.01399792
       96     0.00000000     0.00000000     0.00000000     0.00000000     0.00000000     0.00000000
       97    -0.00005919     0.00009650    -0.00000000     0.00000013     0.00096683    -0.00057360
       98     0.00004776     0.00011182     0.00000025     0.00000003     0.00106373    -0.00180256
       99     0.00000123     0.00002301     0.00000006     0.00000000     0.00019713    -0.00255474
      100    -0.00006062     0.00012021     0.00000031     0.00000006    -0.00065827    -0.00224346
      101     0.00004628     0.00013887     0.00000018    -0.00000014    -0.00054267    -0.00147719
      102     0.00000039     0.00005127     0.00000007     0.00000002     0.00043659    -0.00137952
      103    -0.00006193     0.00014996     0.00000028     0.00000033     0.00124543    -0.00236210
      104     0.00004476     0.00017066     0.00000068     0.00000001     0.00105992    -0.00370755
      105    -0.00000020     0.00008382     0.00000037     0.00000001     0.00013283    -0.00437374
      106    -0.00006360     0.00018196     0.00000078     0.00000017    -0.00051391    -0.00410148
      107     0.00004262     0.00020620     0.00000074    -0.00000019    -0.00017598    -0.00364778
      108     0.00000171     0.00011923     0.00000048     0.00000009     0.00084267    -0.00397369
      109    -0.00006633     0.00021425     0.00000103     0.00000069     0.00158979    -0.00528948
      110     0.00003771     0.00024630     0.00000175     0.00000009     0.00142768    -0.00690590
      111     0.00000639     0.00015596     0.00000124     0.00000004     0.00061275    -0.00795403
      112    -0.00006987     0.00024105     0.00000198     0.00000057    -0.00000755    -0.00820317
      113     0.00003013     0.00028649     0.00000236    -0.00000019     0.00020066    -0.00822255
      114     0.00001662     0.00019248     0.00000172     0.00000007     0.00112865    -0.00882618
      115    -0.00007198     0.00025985     0.00000255     0.00000129     0.00207810    -0.01037324
      116     0.00001664     0.00032417     0.00000410     0.00000057     0.00238768    -0.01251668
      117     0.00002903     0.00022864     0.00000339     0.00000003     0.00196021    -0.01455428
      118    -0.00007081     0.00026667     0.00000418     0.00000148     0.00128420    -0.01601049
      119    -0.00000311     0.00035238     0.00000598     0.00000041     0.00101080    -0.01698022
      120     0.00004280     0.00026596     0.00000485    -0.00000038     0.00145742    -0.01800464
