#     Density Matrix: population Re; see the manual for detail orders
        0     0.00000000     1.00000000
        1     0.00000314     0.99999686
        2     0.00000953     0.99999047
        3     0.00001707     0.99998293
        4     0.00003963     0.99996037
        5     0.00004512     0.99995488
        6     0.00007631     0.99992369
        7     0.00007779     0.99992221
        8     0.00008697     0.99991303
        9     0.00009591     0.99990409
       10     0.00007601     0.99992399
       11     0.00008375     0.99991625
       12     0.00007353     0.99992647
       13     0.00005543     0.99994457
       14     0.00005988     0.99994012
       15     0.00005083     0.99994917
       16     0.00003582     0.99996418
       17     0.00003929     0.99996071
       18     0.00004207     0.99995793
       19     0.00003431     0.99996569
       20     0.00003598     0.99996402
       21     0.00005070     0.99994930
       22     0.00005816     0.99994184
       23     0.00005368     0.99994632
       24     0.00005330     0.99994670
       25     0.00005815     0.99994185
       26     0.00005098     0.99994902
       27     0.00002960     0.99997040
       28     0.00001105     0.99998895
       29     0.00000320     0.99999680
       30     0.00000138     0.99999862
       31     0.00000623     0.99999377
       32     0.00001731     0.99998269
       33     0.00002405     0.99997595
       34     0.00002773     0.99997227
       35     0.00004182     0.99995818
       36     0.00005482     0.99994518
       37     0.00004945     0.99995055
       38     0.00004733     0.99995267
       39     0.00005635     0.99994365
       40     0.00004724     0.99995276
       41     0.00003243     0.99996757
       42     0.00003268     0.99996732
       43     0.00002386     0.99997614
       44     0.00001021     0.99998979
       45     0.00000842     0.99999158
       46     0.00000491     0.99999509
       47     0.00000041     0.99999959
       48     0.00000014     0.99999986
       49     0.00000033     0.99999967
       50     0.00000158     0.99999842
       51     0.00000108     0.99999892
       52     0.00000042     0.99999958
       53     0.00000185     0.99999815
       54     0.00000121     0.99999879
       55     0.00000002     0.99999998
       56     0.00000033     0.99999967
       57     0.00000036     0.99999964
       58     0.00000031     0.99999969
       59     0.00000028     0.99999972
       60     0.00000025     0.99999975
       61     0.00000008     0.99999992
       62     0.00000032     0.99999968
       63     0.00000196     0.99999804
       64     0.00000190     0.99999810
       65     0.00000141     0.99999859
       66     0.00000508     0.99999492
       67     0.00000676     0.99999324
       68     0.00000413     0.99999587
       69     0.00000623     0.99999377
       70     0.00000989     0.99999011
       71     0.00000692     0.99999308
       72     0.00000512     0.99999488
       73     0.00000894     0.99999106
       74     0.00000882     0.99999118
       75     0.00000474     0.99999526
       76     0.00000573     0.99999427
       77     0.00000844     0.99999156
       78     0.00000574     0.99999426
       79     0.00000286     0.99999714
       80     0.00000460     0.99999540
       81     0.00000537     0.99999463
       82     0.00000250     0.99999750
       83     0.00000108     0.99999892
       84     0.00000235     0.99999765
       85     0.00000229     0.99999771
       86     0.00000061     0.99999939
       87     0.00000002     0.99999998
       88     0.00000027     0.99999973
       89     0.00000031     0.99999969
       90     0.00000084     0.99999916
       91     0.00000128     0.99999872
       92     0.00000058     0.99999942
       93     0.00000057     0.99999943
       94     0.00000220     0.99999780
       95     0.00000265     0.99999735
       96     0.00000102     0.99999898
       97     0.00000037     0.99999963
       98     0.00000156     0.99999844
       99     0.00000192     0.99999808
      100     0.00000069     0.99999931
      101     0.00000100     0.99999900
      102     0.00000397     0.99999603
      103     0.00000504     0.99999496
      104     0.00000386     0.99999614
      105     0.00000799     0.99999201
      106     0.00001453     0.99998547
      107     0.00001333     0.99998667
      108     0.00001326     0.99998674
      109     0.00002132     0.99997868
      110     0.00002106     0.99997894
      111     0.00001391     0.99998609
      112     0.00001544     0.99998456
      113     0.00001432     0.99998568
      114     0.00000550     0.99999450
      115     0.00000207     0.99999793
      116     0.00000145     0.99999855
      117     0.00000140     0.99999860
      118     0.00000378     0.99999622
      119     0.00000432     0.99999568
      120     0.00000876     0.99999124
      121     0.00001685     0.99998315
      122     0.00001633     0.99998367
      123     0.00001193     0.99998807
      124     0.00001382     0.99998618
      125     0.00001508     0.99998492
      126     0.00000959     0.99999041
      127     0.00000403     0.99999597
      128     0.00000336     0.99999664
      129     0.00000455     0.99999545
      130     0.00000422     0.99999578
      131     0.00000327     0.99999673
      132     0.00000625     0.99999375
      133     0.00001795     0.99998205
      134     0.00003792     0.99996208
      135     0.00006075     0.99993925
      136     0.00008533     0.99991467
      137     0.00011992     0.99988008
      138     0.00017203     0.99982797
      139     0.00023439     0.99976561
      140     0.00028587     0.99971413
      141     0.00030798     0.99969202
      142     0.00029832     0.99970168
      143     0.00026683     0.99973317
      144     0.00022281     0.99977719
      145     0.00016995     0.99983005
      146     0.00011248     0.99988752
      147     0.00006159     0.99993841
      148     0.00003256     0.99996744
      149     0.00003621     0.99996379
      150     0.00007437     0.99992563
      151     0.00014263     0.99985737
      152     0.00023655     0.99976345
      153     0.00035622     0.99964378
      154     0.00050808     0.99949192
      155     0.00070656     0.99929344
      156     0.00097908     0.99902092
      157     0.00137769     0.99862231
      158     0.00200201     0.99799799
      159     0.00303897     0.99696103
      160     0.00482618     0.99517382
      161     0.00793118     0.99206882
      162     0.01319329     0.98680671
      163     0.02158627     0.97841373
      164     0.03371464     0.96628536
      165     0.04901094     0.95098906
      166     0.06530253     0.93469747
      167     0.07950667     0.92049333
      168     0.08909784     0.91090216
      169     0.09308779     0.90691221
      170     0.09195179     0.90804821
      171     0.08697384     0.91302616
      172     0.07962796     0.92037204
      173     0.07124790     0.92875210
      174     0.06294369     0.93705631
      175     0.05562391     0.94437609
      176     0.05000082     0.94999918
      177     0.04652891     0.95347109
      178     0.04530837     0.95469163
      179     0.04605269     0.95394731
      180     0.04835206     0.95164794
      181     0.05311825     0.94688175
      182     0.06895621     0.93104379
      183     0.12888012     0.87111988
      184     0.26214783     0.73785217
      185     0.40060935     0.59939065
      186     0.47885146     0.52114854
      187     0.51081161     0.48918839
      188     0.51902591     0.48097409
      189     0.51671350     0.48328650
      190     0.51208757     0.48791243
      191     0.51151770     0.48848230
      192     0.52071362     0.47928638
      193     0.54443780     0.45556220
      194     0.58491890     0.41508110
      195     0.65772492     0.34227508
      196     0.74334482     0.25665518
      197     0.80490677     0.19509323
      198     0.84615278     0.15384722
      199     0.87289684     0.12710316
      200     0.88898741     0.11101259
      201     0.89673713     0.10326287
      202     0.89775342     0.10224658
      203     0.89365319     0.10634681
      204     0.88669018     0.11330982
      205     0.88002002     0.11997998
      206     0.87696784     0.12303216
      207     0.87906793     0.12093207
      208     0.88424238     0.11575762
      209     0.88785953     0.11214047
      210     0.88752616     0.11247384
      211     0.88616193     0.11383807
      212     0.88635758     0.11364242
      213     0.88393191     0.11606809
      214     0.87883656     0.12116344
      215     0.88419176     0.11580824
      216     0.89366408     0.10633592
      217     0.88066147     0.11933853
      218     0.87679772     0.12320228
      219     0.89501571     0.10498429
      220     0.88068115     0.11931885
      221     0.88207602     0.11792398
      222     0.88880820     0.11119180
      223     0.88201251     0.11798749
      224     0.88569581     0.11430419
      225     0.88463324     0.11536676
      226     0.88463489     0.11536511
      227     0.88474536     0.11525464
      228     0.88446529     0.11553471
      229     0.88187574     0.11812426
      230     0.89258900     0.10741100
      231     0.87951079     0.12048921
      232     0.89272058     0.10727942
      233     0.88000309     0.11999691
      234     0.89164594     0.10835406
      235     0.88225772     0.11774228
      236     0.88810558     0.11189442
      237     0.88655325     0.11344675
      238     0.88468922     0.11531078
      239     0.88763365     0.11236635
      240     0.88611308     0.11388692
      241     0.88574632     0.11425368
      242     0.88589275     0.11410725
      243     0.88837863     0.11162137
      244     0.88389749     0.11610251
      245     0.88595280     0.11404720
      246     0.89031588     0.10968412
      247     0.88127722     0.11872278
      248     0.88699987     0.11300013
      249     0.89132867     0.10867133
      250     0.87919261     0.12080739
      251     0.88883765     0.11116235
      252     0.88962918     0.11037082
      253     0.88053880     0.11946120
      254     0.88937860     0.11062140
      255     0.88706865     0.11293135
      256     0.88348164     0.11651836
      257     0.88828589     0.11171411
      258     0.88605262     0.11394738
      259     0.88546982     0.11453018
      260     0.88692068     0.11307932
      261     0.88621527     0.11378473
      262     0.88613055     0.11386945
      263     0.88608826     0.11391174
      264     0.88699225     0.11300775
      265     0.88525527     0.11474473
      266     0.88716173     0.11283827
      267     0.88592562     0.11407438
      268     0.88578256     0.11421744
      269     0.88774448     0.11225552
      270     0.88367353     0.11632647
      271     0.88998940     0.11001060
      272     0.88130397     0.11869603
      273     0.89207553     0.10792447
      274     0.87999182     0.12000818
      275     0.89190698     0.10809302
      276     0.88182276     0.11817724
      277     0.88895427     0.11104573
      278     0.88526057     0.11473943
      279     0.88612419     0.11387581
      280     0.88664830     0.11335170
      281     0.88664966     0.11335034
      282     0.88461418     0.11538582
      283     0.88908524     0.11091476
      284     0.88291612     0.11708388
      285     0.88918728     0.11081272
      286     0.88455148     0.11544852
      287     0.88600424     0.11399576
      288     0.88851576     0.11148424
      289     0.88225641     0.11774359
      290     0.89083470     0.10916530
      291     0.88209477     0.11790523
      292     0.88915506     0.11084494
      293     0.88494472     0.11505528
      294     0.88624615     0.11375385
      295     0.88689218     0.11310782
      296     0.88598492     0.11401508
      297     0.88581030     0.11418970
      298     0.88701604     0.11298396
      299     0.88632288     0.11367712
      300     0.88474555     0.11525445
      301     0.88874144     0.11125856
      302     0.88442886     0.11557114
      303     0.88586118     0.11413882
      304     0.88913115     0.11086885
      305     0.88238387     0.11761613
      306     0.88877033     0.11122967
      307     0.88652047     0.11347953
      308     0.88364813     0.11635187
      309     0.88933049     0.11066951
      310     0.88443846     0.11556154
      311     0.88646353     0.11353647
      312     0.88683734     0.11316266
      313     0.88616097     0.11383903
      314     0.88537634     0.11462366
      315     0.88783193     0.11216807
      316     0.88490204     0.11509796
      317     0.88668322     0.11331678
      318     0.88705896     0.11294104
      319     0.88442991     0.11557009
      320     0.88869715     0.11130285
      321     0.88368341     0.11631659
      322     0.88860302     0.11139698
      323     0.88443946     0.11556054
      324     0.88746298     0.11253702
      325     0.88569554     0.11430446
      326     0.88642241     0.11357759
      327     0.88632213     0.11367787
      328     0.88622021     0.11377979
      329     0.88627557     0.11372443
      330     0.88632099     0.11367901
      331     0.88624905     0.11375095
      332     0.88623240     0.11376760
      333     0.88638096     0.11361904
      334     0.88625257     0.11374743
      335     0.88596163     0.11403837
      336     0.88720791     0.11279209
      337     0.88449076     0.11550924
      338     0.88894938     0.11105062
      339     0.88280357     0.11719643
      340     0.89000977     0.10999023
      341     0.88289921     0.11710079
      342     0.88833685     0.11166315
      343     0.88590844     0.11409156
      344     0.88514048     0.11485952
      345     0.88765824     0.11234176
      346     0.88616569     0.11383431
      347     0.88437336     0.11562664
      348     0.88905022     0.11094978
      349     0.88505814     0.11494186
      350     0.88408573     0.11591427
      351     0.89078396     0.10921604
      352     0.88175782     0.11824218
      353     0.88844465     0.11155535
      354     0.88698447     0.11301553
      355     0.88376485     0.11623515
      356     0.88848520     0.11151480
      357     0.88574530     0.11425470
      358     0.88524308     0.11475692
      359     0.88759093     0.11240907
      360     0.88579891     0.11420109
      361     0.88581137     0.11418863
      362     0.88696008     0.11303992
      363     0.88601971     0.11398029
      364     0.88610597     0.11389403
      365     0.88649856     0.11350144
      366     0.88622398     0.11377602
      367     0.88624294     0.11375706
      368     0.88625534     0.11374466
      369     0.88638594     0.11361406
      370     0.88614496     0.11385504
      371     0.88637176     0.11362824
      372     0.88624534     0.11375466
      373     0.88621456     0.11378544
      374     0.88653875     0.11346125
      375     0.88560229     0.11439771
      376     0.88761140     0.11238860
      377     0.88413140     0.11586860
      378     0.88907951     0.11092049
      379     0.88308025     0.11691975
      380     0.88939416     0.11060584
      381     0.88353283     0.11646717
      382     0.88830419     0.11169581
      383     0.88503990     0.11496010
      384     0.88674823     0.11325177
      385     0.88636053     0.11363947
      386     0.88593100     0.11406900
      387     0.88655223     0.11344777
      388     0.88635652     0.11364348
      389     0.88563802     0.11436198
      390     0.88749013     0.11250987
      391     0.88460294     0.11539706
      392     0.88810678     0.11189322
      393     0.88461569     0.11538431
      394     0.88743885     0.11256115
      395     0.88576486     0.11423514
      396     0.88615208     0.11384792
      397     0.88683681     0.11316319
      398     0.88554429     0.11445571
      399     0.88694283     0.11305717
      400     0.88581200     0.11418800
      401     0.88651017     0.11348983
      402     0.88624980     0.11375020
      403     0.88614071     0.11385929
      404     0.88654418     0.11345582
      405     0.88594828     0.11405172
      406     0.88656506     0.11343494
      407     0.88614640     0.11385360
      408     0.88622914     0.11377086
      409     0.88638637     0.11361363
      410     0.88634031     0.11365969
      411     0.88588259     0.11411741
      412     0.88695961     0.11304039
      413     0.88561460     0.11438540
      414     0.88647928     0.11352072
      415     0.88691300     0.11308700
      416     0.88454906     0.11545094
      417     0.88906434     0.11093566
      418     0.88250526     0.11749474
      419     0.89059053     0.10940947
      420     0.88175923     0.11824077
      421     0.89032129     0.10967871
      422     0.88305944     0.11694056
      423     0.88829582     0.11170418
      424     0.88550482     0.11449518
      425     0.88591022     0.11408978
      426     0.88751736     0.11248264
      427     0.88451091     0.11548909
      428     0.88813566     0.11186434
      429     0.88460220     0.11539780
      430     0.88731709     0.11268291
      431     0.88587966     0.11412034
      432     0.88588614     0.11411386
      433     0.88712002     0.11287998
      434     0.88510049     0.11489951
      435     0.88753297     0.11246703
      436     0.88506541     0.11493459
      437     0.88730512     0.11269488
      438     0.88552231     0.11447769
      439     0.88672170     0.11327830
      440     0.88613167     0.11386833
      441     0.88621226     0.11378774
      442     0.88643980     0.11356020
      443     0.88616291     0.11383709
      444     0.88624022     0.11375978
      445     0.88653518     0.11346482
      446     0.88582164     0.11417836
      447     0.88685842     0.11314158
      448     0.88569638     0.11430362
      449     0.88675894     0.11324106
      450     0.88596184     0.11403816
      451     0.88642807     0.11357193
      452     0.88625190     0.11374810
      453     0.88624286     0.11375714
      454     0.88632593     0.11367407
      455     0.88624486     0.11375514
      456     0.88629989     0.11370011
      457     0.88625380     0.11374620
      458     0.88632303     0.11367697
      459     0.88620960     0.11379040
      460     0.88636306     0.11363694
      461     0.88619930     0.11380070
      462     0.88632667     0.11367333
      463     0.88628777     0.11371223
      464     0.88619628     0.11380372
      465     0.88643571     0.11356429
      466     0.88605996     0.11394004
      467     0.88653265     0.11346735
      468     0.88601599     0.11398401
      469     0.88652561     0.11347439
      470     0.88605766     0.11394234
      471     0.88646789     0.11353211
      472     0.88611802     0.11388198
      473     0.88641082     0.11358918
      474     0.88617326     0.11382674
      475     0.88635425     0.11364575
      476     0.88622963     0.11377037
      477     0.88631728     0.11368272
      478     0.88619605     0.11380395
      479     0.88651455     0.11348545
      480     0.88571929     0.11428071
      481     0.88720976     0.11279024
      482     0.88601704     0.11398296
      483     0.88582973     0.11417027
      484     0.88668993     0.11331007
      485     0.88565208     0.11434792
      486     0.88676234     0.11323766
      487     0.88563536     0.11436464
      488     0.88672656     0.11327344
      489     0.88573022     0.11426978
      490     0.88656812     0.11343188
      491     0.88594906     0.11405094
      492     0.88630173     0.11369827
      493     0.88625517     0.11374483
      494     0.88597188     0.11402812
      495     0.88658791     0.11341209
      496     0.88566491     0.11433509
      497     0.88682895     0.11317105
      498     0.88551557     0.11448443
      499     0.88686224     0.11313776
      500     0.88559719     0.11440281
      501     0.88668352     0.11331648
      502     0.88584412     0.11415588
      503     0.88640971     0.11359029
      504     0.88611757     0.11388243
      505     0.88615527     0.11384473
      506     0.88634195     0.11365805
      507     0.88604994     0.11395006
      508     0.88618030     0.11381970
      509     0.88648384     0.11351616
      510     0.88562345     0.11437655
      511     0.88699710     0.11300290
      512     0.88527811     0.11472189
      513     0.88711458     0.11288542
