#     Density Matrix: coherence Re-Im; see the manual for detail orders
        0     0.00000000     0.00000000     0.00000000     0.00000000     0.00000000     0.00000000
        1    -0.00000018     0.00000016    -0.00005230     0.00008405     0.00231182    -0.00073344
        2    -0.00000074     0.00000087    -0.00000291     0.00016334     0.00541919    -0.00441399
        3    -0.00000238     0.00000084    -0.00004316     0.00023544     0.00526638    -0.00915555
        4    -0.00000370     0.00000075    -0.00001091     0.00030245     0.00290035    -0.01212256
        5    -0.00000463    -0.00000001    -0.00003375     0.00036174     0.00116795    -0.01269297
        6    -0.00000530     0.00000074    -0.00001611     0.00041375     0.00227353    -0.01270725
        7    -0.00000692     0.00000259    -0.00002788     0.00045542     0.00658828    -0.01478875
        8    -0.00001058     0.00000624    -0.00002210     0.00049365     0.01356630    -0.02081427
        9    -0.00001737     0.00001153    -0.00002801     0.00052105     0.02380580    -0.03201120
       10    -0.00002887     0.00002132    -0.00002776     0.00054355     0.04164698    -0.05074959
       11    -0.00004982     0.00004274    -0.00003032     0.00055362     0.08075774    -0.08432267
       12    -0.00009337     0.00010135    -0.00002060     0.00054246     0.18140250    -0.15481031
       13    -0.00015738     0.00021817     0.00002485     0.00019726     0.34966040    -0.32589457
       14    -0.00012396    -0.00004551     0.00004519     0.00010971    -0.33617216    -0.36626598
       15    -0.00010670    -0.00027917    -0.00012476     0.00074831    -0.29419097    -0.17248407
       16    -0.00003894    -0.00011035     0.00008692     0.00044771    -0.23812364    -0.03537667
       17     0.00005489    -0.00008727    -0.00013720     0.00055864    -0.16480068     0.05472779
       18     0.00006098    -0.00005557     0.00001639     0.00060013    -0.08809563     0.10213295
       19     0.00006804    -0.00000140    -0.00007999     0.00056661    -0.01876885     0.11575856
       20     0.00007270     0.00003313    -0.00006560     0.00070026     0.03678584     0.10594728
       21     0.00005315     0.00002154     0.00017939     0.00047170     0.07635797     0.08221078
       22     0.00000335     0.00002491    -0.00007411     0.00020623     0.10046823     0.05213453
       23    -0.00000082     0.00005741    -0.00010033     0.00049008     0.11128936     0.02113960
       24     0.00000497     0.00004246     0.00006850     0.00037052     0.11177091    -0.00741724
       25    -0.00003720     0.00004001    -0.00021636     0.00044250     0.10486699    -0.03177972
       26    -0.00004688     0.00006871    -0.00007274     0.00077224     0.09279345    -0.05127720
       27    -0.00001053     0.00004791     0.00022404     0.00042149     0.07745477    -0.06590069
       28    -0.00003725    -0.00000051    -0.00024001     0.00029454     0.06030263    -0.07612089
       29    -0.00007838     0.00002092    -0.00017836     0.00085185     0.04162050    -0.08249881
       30    -0.00003420     0.00004017     0.00034042     0.00048429     0.02210548    -0.08560967
       31    -0.00001549    -0.00001864    -0.00021893     0.00017331     0.00203756    -0.08610768
       32    -0.00006392    -0.00002929    -0.00016361     0.00078786    -0.01934057    -0.08453496
       33    -0.00004562     0.00000859     0.00031291     0.00038840    -0.04359135    -0.08133617
       34    -0.00000205    -0.00002490    -0.00015658     0.00017393    -0.07238162    -0.07684021
       35    -0.00002461    -0.00008203    -0.00018839     0.00062339    -0.10778609    -0.07137230
       36    -0.00004774    -0.00009456     0.00003936     0.00061888    -0.15261127    -0.06524590
       37    -0.00004359    -0.00010956     0.00005554     0.00050112    -0.21381454    -0.05878004
       38    -0.00001584    -0.00013022    -0.00001782     0.00037537    -0.30676204    -0.05217449
       39     0.00003655    -0.00027166    -0.00011434     0.00046792    -0.42744492    -0.04544148
       40    -0.00001756    -0.00043821    -0.00001670     0.00045346    -0.49823446    -0.03836673
       41    -0.00002790    -0.00045696    -0.00000257     0.00028072    -0.44454563    -0.03122378
       42     0.00009806    -0.00055315    -0.00005106     0.00019749    -0.31983970    -0.02486040
       43     0.00005273    -0.00072098    -0.00002565     0.00014647    -0.19635229    -0.01977823
       44    -0.00005031    -0.00066522    -0.00000520     0.00007508    -0.11022921    -0.01605408
       45     0.00003890    -0.00060511    -0.00001044     0.00003396    -0.05680438    -0.01354676
       46     0.00008906    -0.00071120    -0.00001074     0.00001601    -0.02400278    -0.01207954
       47    -0.00000711    -0.00075005    -0.00000859     0.00000289    -0.00374472    -0.01148443
       48    -0.00002342    -0.00066349    -0.00000791    -0.00000542     0.00857542    -0.01161008
       49     0.00005842    -0.00066772    -0.00000731    -0.00001111     0.01555875    -0.01230920
       50     0.00004144    -0.00074472    -0.00000923    -0.00001453     0.01875477    -0.01342543
       51    -0.00003025    -0.00071689    -0.00001119    -0.00001326     0.01911705    -0.01479695
       52    -0.00007958    -0.00060151    -0.00001111    -0.00000885     0.01685841    -0.01623746
       53    -0.00001126    -0.00048387    -0.00000862    -0.00000600     0.01280918    -0.01751358
       54     0.00008140    -0.00055689    -0.00000965    -0.00000581     0.00773929    -0.01844861
       55     0.00000492    -0.00062981    -0.00001186    -0.00000106     0.00152844    -0.01884026
       56    -0.00004946    -0.00055612    -0.00001000     0.00000403    -0.00559830    -0.01846528
       57     0.00003090    -0.00051982    -0.00000931     0.00000642    -0.01336176    -0.01710343
       58     0.00007206    -0.00060709    -0.00001039     0.00001199    -0.02146033    -0.01455327
       59     0.00002119    -0.00065698    -0.00000763     0.00001922    -0.02956659    -0.01064162
       60     0.00001648    -0.00063658    -0.00000396     0.00002369    -0.03729937    -0.00524911
       61     0.00007509    -0.00066002    -0.00000223     0.00002938    -0.04424269     0.00166301
       62     0.00009867    -0.00073986     0.00000252     0.00003806    -0.04996026     0.01005492
       63     0.00007316    -0.00078228     0.00001156     0.00004383    -0.05399890     0.01977331
       64     0.00009663    -0.00078191     0.00001852     0.00004687    -0.05592780     0.03050147
       65     0.00016715    -0.00083923     0.00002594     0.00005374    -0.05539718     0.04179569
       66     0.00019500    -0.00093984     0.00003995     0.00005968    -0.05212966     0.05308157
       67     0.00019253    -0.00100831     0.00005565     0.00005897    -0.04597683     0.06362583
       68     0.00021990    -0.00105255     0.00006873     0.00005534    -0.03706046     0.07260842
       69     0.00026586    -0.00112535     0.00008284     0.00005042    -0.02578388     0.07919212
       70     0.00028913    -0.00122100     0.00009785     0.00003982    -0.01281916     0.08260704
       71     0.00027790    -0.00130013     0.00010793     0.00002187     0.00087815     0.08226010
       72     0.00028006    -0.00134945     0.00010970     0.00000285     0.01406095     0.07785807
       73     0.00030366    -0.00142677     0.00010752    -0.00001510     0.02532485     0.06955136
       74     0.00029642    -0.00152548     0.00009878    -0.00003381     0.03333018     0.05798654
       75     0.00026956    -0.00160701     0.00008147    -0.00004758     0.03694642     0.04432807
       76     0.00017140    -0.00162802     0.00005535    -0.00005205     0.03508255     0.03023241
       77     0.00025209    -0.00160652     0.00003559    -0.00004019     0.02777866     0.01776913
       78     0.00028937    -0.00179228     0.00002056    -0.00002667     0.01630053     0.00883753
       79     0.00014112    -0.00181020     0.00000917    -0.00000401     0.00259422     0.00486206
       80     0.00018024    -0.00174591     0.00000919     0.00002079    -0.01124165     0.00642107
       81     0.00030912    -0.00181102     0.00001693     0.00004618    -0.02321067     0.01330491
       82     0.00034080    -0.00194856     0.00003681     0.00006904    -0.03112250     0.02430551
       83     0.00028884    -0.00198879     0.00006465     0.00007751    -0.03346108     0.03728704
       84     0.00043571    -0.00201335     0.00008704     0.00008225    -0.02998472     0.04957449
       85     0.00042673    -0.00218065     0.00011900     0.00007220    -0.02152067     0.05856932
       86     0.00022818    -0.00205582     0.00012609     0.00003441    -0.00977183     0.06217321
       87     0.00042718    -0.00194239     0.00011686     0.00002148     0.00206534     0.05949414
       88     0.00050243    -0.00214127     0.00011593     0.00000282     0.01076104     0.05146350
       89     0.00027792    -0.00213978     0.00009066    -0.00001965     0.01441456     0.04041949
       90     0.00025410    -0.00199834     0.00006213    -0.00001716     0.01232614     0.02948966
       91     0.00046326    -0.00203619     0.00004691    -0.00000112     0.00550531     0.02177327
       92     0.00055658    -0.00230861     0.00004257     0.00001803    -0.00317964     0.01919789
       93     0.00037249    -0.00243760     0.00004898     0.00003364    -0.01047840     0.02168352
       94     0.00026788    -0.00230921     0.00005945     0.00003923    -0.01380355     0.02732161
       95     0.00038924    -0.00221045     0.00006820     0.00003976    -0.01216258     0.03295504
       96     0.00053729    -0.00228891     0.00007803     0.00003500    -0.00690075     0.03566335
       97     0.00056901    -0.00245098     0.00008316     0.00002134    -0.00078717     0.03407140
       98     0.00059151    -0.00259728     0.00007717     0.00000892     0.00316565     0.02896395
       99     0.00057163    -0.00275405     0.00006490     0.00000348     0.00347475     0.02283259
      100     0.00054848    -0.00283336     0.00005230     0.00000802     0.00071437     0.01831498
      101     0.00059629    -0.00293449     0.00004779     0.00001885    -0.00299146     0.01688711
      102     0.00066749    -0.00306643     0.00005173     0.00002818    -0.00526757     0.01801064
      103     0.00066873    -0.00322444     0.00006044     0.00002922    -0.00495997     0.01976476
      104     0.00063535    -0.00329622     0.00006458     0.00002178    -0.00272861     0.02011007
      105     0.00072864    -0.00339009     0.00006204     0.00001514    -0.00050835     0.01840441
      106     0.00087355    -0.00360248     0.00005647     0.00001289     0.00021067     0.01561971
      107     0.00103637    -0.00393328     0.00005187     0.00001632    -0.00063073     0.01335075
      108     0.00113833    -0.00435102     0.00005208     0.00002235    -0.00187614     0.01245943
      109     0.00116089    -0.00473929     0.00005672     0.00002567    -0.00234417     0.01253980
      110     0.00119286    -0.00508119     0.00006153     0.00002413    -0.00180636     0.01253181
      111     0.00131119    -0.00542744     0.00006274     0.00002111    -0.00103558     0.01180823
      112     0.00156020    -0.00589359     0.00006171     0.00002070    -0.00069224     0.01065183
      113     0.00177628    -0.00651433     0.00006113     0.00002259    -0.00084555     0.00961315
      114     0.00189290    -0.00716944     0.00006267     0.00002486    -0.00108442     0.00902608
      115     0.00205444    -0.00783189     0.00006558     0.00002586    -0.00103362     0.00864353
      116     0.00231683    -0.00857527     0.00006819     0.00002589    -0.00081163     0.00817053
      117     0.00268642    -0.00946580     0.00006984     0.00002639    -0.00064189     0.00755951
      118     0.00316785    -0.01056810     0.00007167     0.00002848    -0.00060720     0.00696273
      119     0.00374235    -0.01191868     0.00007495     0.00003145    -0.00060459     0.00647675
      120     0.00441690    -0.01353810     0.00007959     0.00003407    -0.00054087     0.00605367
