#     Density Matrix: coherence Re-Im; see the manual for detail orders
        0     0.00000000     0.00000000
        1    -0.00092555     0.00161668
        2    -0.00006059     0.00296863
        3    -0.00111582     0.00464988
        4    -0.00034442     0.00697754
        5    -0.00124944     0.00887458
        6    -0.00060390     0.01197586
        7    -0.00068105     0.01311071
        8    -0.00062473     0.01531273
        9     0.00029678     0.01542101
       10    -0.00042723     0.01549166
       11    -0.00002355     0.01625743
       12     0.00062539     0.01549630
       13     0.00018054     0.01470348
       14     0.00036611     0.01443939
       15     0.00157852     0.01298070
       16     0.00246059     0.00991087
       17     0.00263118     0.00630661
       18     0.00286521     0.00266332
       19     0.00344456    -0.00144408
       20     0.00361547    -0.00608234
       21     0.00263719    -0.01022331
       22     0.00090233    -0.01253392
       23    -0.00030361    -0.01280337
       24    -0.00029936    -0.01227530
       25     0.00004677    -0.01214918
       26    -0.00040303    -0.01199427
       27    -0.00102420    -0.01078803
       28    -0.00044811    -0.00941160
       29     0.00037587    -0.00949483
       30    -0.00023513    -0.00980462
       31    -0.00062850    -0.00872227
       32     0.00029759    -0.00837348
       33    -0.00015884    -0.00887683
       34    -0.00088397    -0.00740928
       35     0.00007705    -0.00648831
       36    -0.00063228    -0.00624991
       37    -0.00078085    -0.00401002
       38     0.00005715    -0.00351893
       39    -0.00102805    -0.00230236
       40    -0.00012381    -0.00047444
       41    -0.00049592    -0.00032462
       42    -0.00081116     0.00199420
       43    -0.00000494     0.00258878
       44    -0.00113821     0.00410933
       45    -0.00018970     0.00608999
       46    -0.00059233     0.00648590
       47    -0.00086752     0.00879380
       48     0.00015888     0.00937443
       49    -0.00073786     0.00985081
       50    -0.00041022     0.01150252
       51     0.00033526     0.01131005
       52    -0.00051094     0.01137705
       53    -0.00041375     0.01252435
       54     0.00063733     0.01228745
       55     0.00061652     0.01106497
       56     0.00025804     0.01046025
       57     0.00103050     0.00963325
       58     0.00218726     0.00721599
       59     0.00231274     0.00384792
       60     0.00164457     0.00104938
       61     0.00143461    -0.00099764
       62     0.00188792    -0.00330016
       63     0.00191793    -0.00612010
       64     0.00100592    -0.00831637
       65     0.00024970    -0.00913783
       66     0.00057389    -0.00966467
       67     0.00085767    -0.01095778
       68    -0.00003307    -0.01177073
       69    -0.00060082    -0.01099079
       70     0.00010277    -0.01046690
       71    -0.00015107    -0.01072095
       72    -0.00113965    -0.00926210
       73    -0.00049984    -0.00734843
       74    -0.00054352    -0.00663098
       75    -0.00146993    -0.00423739
       76    -0.00058377    -0.00178591
       77    -0.00072534    -0.00077336
       78    -0.00134145     0.00183316
       79    -0.00026559     0.00365151
       80    -0.00061687     0.00423875
       81    -0.00096143     0.00627508
       82     0.00014133     0.00712004
       83    -0.00019041     0.00686672
       84    -0.00058672     0.00790126
       85     0.00043644     0.00811741
       86     0.00050769     0.00697755
       87    -0.00019215     0.00677189
       88     0.00031944     0.00685437
       89     0.00109293     0.00557802
       90     0.00068284     0.00402614
       91     0.00008919     0.00352355
       92     0.00046444     0.00322725
       93     0.00102795     0.00209637
       94     0.00066074     0.00080161
       95    -0.00025812     0.00053283
       96    -0.00060061     0.00120628
       97    -0.00018977     0.00176807
       98     0.00009708     0.00176280
       99    -0.00027711     0.00181913
      100    -0.00069545     0.00250286
      101    -0.00026460     0.00324115
      102     0.00084292     0.00287273
      103     0.00148950     0.00117910
      104     0.00115469    -0.00074239
      105     0.00076559    -0.00204368
      106     0.00121909    -0.00343045
      107     0.00167492    -0.00579255
      108     0.00095105    -0.00807653
      109     0.00014230    -0.00885542
      110     0.00064281    -0.00941720
      111     0.00072842    -0.01097043
      112    -0.00038627    -0.01129363
      113    -0.00013983    -0.01042577
      114     0.00017712    -0.01080690
      115    -0.00101776    -0.00984534
      116    -0.00052510    -0.00771721
      117    -0.00057929    -0.00693197
      118    -0.00145693    -0.00415845
      119    -0.00046101    -0.00182280
      120    -0.00118585    -0.00022940
      121    -0.00108076     0.00305705
      122    -0.00033196     0.00432807
      123    -0.00121441     0.00621219
      124    -0.00026630     0.00824482
      125    -0.00008252     0.00818002
      126    -0.00066456     0.00925243
      127     0.00044079     0.00962429
      128     0.00053006     0.00831599
      129    -0.00004854     0.00800640
      130     0.00080301     0.00749010
      131     0.00137231     0.00536865
      132     0.00065783     0.00357232
      133     0.00037102     0.00289839
      134     0.00092581     0.00190514
      135     0.00082896     0.00040339
      136    -0.00019274    -0.00011690
      137    -0.00068486     0.00068170
      138    -0.00005813     0.00131555
      139     0.00047068     0.00090447
      140     0.00006644     0.00041636
      141    -0.00027023     0.00067590
      142     0.00040734     0.00067727
      143     0.00106248    -0.00059583
      144     0.00052930    -0.00200903
      145    -0.00005445    -0.00226281
      146     0.00054756    -0.00255571
      147     0.00088258    -0.00399524
      148    -0.00003009    -0.00483182
      149    -0.00021329    -0.00435291
      150     0.00054448    -0.00471241
      151    -0.00000701    -0.00547466
      152    -0.00074265    -0.00453212
      153    -0.00001102    -0.00368658
      154    -0.00011579    -0.00387266
      155    -0.00104789    -0.00261517
      156    -0.00046023    -0.00091743
      157    -0.00008636    -0.00066082
      158    -0.00096310     0.00032398
      159    -0.00068185     0.00215281
      160     0.00016342     0.00249659
      161    -0.00035204     0.00249599
      162    -0.00066979     0.00359720
      163     0.00024871     0.00404073
      164     0.00062717     0.00313116
      165     0.00000634     0.00258628
      166    -0.00003092     0.00275860
      167     0.00078313     0.00223532
      168     0.00108734     0.00077000
      169     0.00040878    -0.00033626
      170    -0.00028344    -0.00036025
      171    -0.00028948     0.00007602
      172    -0.00010726     0.00029365
      173    -0.00054035     0.00060137
      174    -0.00159023     0.00181338
      175    -0.00253761     0.00419672
      176    -0.00283359     0.00721003
      177    -0.00261274     0.01012867
      178    -0.00238934     0.01267945
      179    -0.00244425     0.01505716
      180    -0.00256904     0.01747235
      181    -0.00230938     0.01977798
      182    -0.00137551     0.02148113
      183     0.00012976     0.02205243
      184     0.00178925     0.02125149
      185     0.00313604     0.01924902
      186     0.00393793     0.01650180
      187     0.00431018     0.01347364
      188     0.00464937     0.01040068
      189     0.00553578     0.00717687
      190     0.00769907     0.00335492
      191     0.01214401    -0.00180838
      192     0.02054353    -0.00934196
      193     0.03591622    -0.02063019
      194     0.06366331    -0.03749946
      195     0.11256736    -0.06224820
      196     0.19192501    -0.09743941
      197     0.29359016    -0.14524027
      198     0.37197256    -0.20643300
      199     0.38643583    -0.27916940
      200     0.34078696    -0.35755411
      201     0.25073419    -0.43063764
      202     0.12548931    -0.48322808
      203    -0.02520622    -0.49873952
      204    -0.18542522    -0.46358377
      205    -0.33305057    -0.37192279
      206    -0.44374587    -0.22905941
      207    -0.49694138    -0.05193015
      208    -0.48162235     0.13392968
      209    -0.39977335     0.30030010
      210    -0.26608197     0.42327187
      211    -0.10385283     0.48897507
      212     0.06142363     0.49608279
      213     0.20845460     0.45442040
      214     0.32419684     0.38062851
      215     0.40431928     0.29290589
      216     0.44965128     0.20682476
      217     0.45662941     0.13325427
      218     0.39711463     0.07821702
      219     0.23403929     0.04372273
      220     0.03873675     0.02953828
      221    -0.08455229     0.03390369
      222    -0.13751373     0.05359056
      223    -0.14649186     0.08355899
      224    -0.12482829     0.11703007
      225    -0.07908670     0.14566841
      226    -0.01536403     0.16043035
      227     0.05775203     0.15328199
      228     0.12871754     0.11949048
      229     0.18453192     0.05978502
      230     0.21381923    -0.01867210
      231     0.21040424    -0.10345474
      232     0.17578101    -0.18028865
      233     0.11908504    -0.23753000
      234     0.05436654    -0.26967422
      235    -0.00359347    -0.27826122
      236    -0.04325310    -0.27001203
      237    -0.05942241    -0.25345793
      238    -0.05571093    -0.23572928
      239    -0.04421424    -0.22053103
      240    -0.03933803    -0.20744092
      241    -0.04957640    -0.19224949
      242    -0.07420393    -0.16833133
      243    -0.10455827    -0.12933184
      244    -0.12666768    -0.07311993
      245    -0.12533088    -0.00582619
      246    -0.09060691     0.05663052
      247    -0.02513309     0.09240620
      248     0.05231061     0.08353710
      249     0.11161915     0.02764718
      250     0.12470505    -0.05584678
      251     0.08126499    -0.13085115
      252    -0.00223896    -0.16045068
      253    -0.08679221    -0.12621663
      254    -0.12809293    -0.04105296
      255    -0.10029578     0.05244919
      256    -0.01497528     0.10119452
      257     0.07791437     0.07302559
      258     0.11546916    -0.01614780
      259     0.06577070    -0.10286427
      260    -0.03936979    -0.11619701
      261    -0.11782345    -0.03654686
      262    -0.10055258     0.07717553
      263     0.00292723     0.12902926
      264     0.10331376     0.07140867
      265     0.10882645    -0.04472799
      266     0.01331389    -0.11193994
      267    -0.09417490    -0.06731464
      268    -0.11315974     0.04657577
      269    -0.02706552     0.12297700
      270     0.08404172     0.09254118
      271     0.12162537    -0.01563055
      272     0.05691736    -0.10735798
      273    -0.05190527    -0.10977885
      274    -0.11770170    -0.02754210
      275    -0.09547608     0.07219585
      276    -0.00790927     0.11875698
      277     0.08240056     0.08650845
      278     0.12039466     0.00221848
      279     0.08943436    -0.08152866
      280     0.01233974    -0.12056588
      281    -0.06842871    -0.09982486
      282    -0.11472084    -0.03449667
      283    -0.10847450     0.04254322
      284    -0.05528925     0.09744643
      285     0.02189631     0.10853095
      286     0.09388458     0.07212589
      287     0.13598995     0.00113434
      288     0.13519195    -0.08128125
      289     0.09260810    -0.14975167
      290     0.02193758    -0.18399876
      291    -0.05488968    -0.17406574
      292    -0.11375959    -0.12298093
      293    -0.13522765    -0.04651474
      294    -0.11104295     0.03047342
      295    -0.04843084     0.08127687
      296     0.03030373     0.08698775
      297     0.09452327     0.04526544
      298     0.11730730    -0.02644062
      299     0.08796621    -0.09660186
      300     0.01825199    -0.13312895
      301    -0.06217500    -0.11833312
      302    -0.11935275    -0.05712078
      303    -0.13036716     0.02599928
      304    -0.09246695     0.09882997
      305    -0.02229036     0.13548981
      306     0.05285899     0.12584979
      307     0.10653328     0.07728805
      308     0.12235178     0.00961853
      309     0.09793640    -0.05347262
      310     0.04331208    -0.09262074
      311    -0.02435682    -0.09781723
      312    -0.08695531    -0.06939156
      313    -0.13025806    -0.01578573
      314    -0.14638150     0.05017450
      315    -0.13399945     0.11492795
      316    -0.09715075     0.16684260
      317    -0.04346650     0.19771353
      318     0.01761358     0.20332247
      319     0.07637531     0.18341889
      320     0.12412927     0.14136609
      321     0.15432584     0.08351103
      322     0.16347896     0.01820414
      323     0.15171969    -0.04558484
      324     0.12273230    -0.09990730
      325     0.08291155    -0.13934222
      326     0.03985838    -0.16186740
      327     0.00068909    -0.16879293
      328    -0.02928888    -0.16385406
      329    -0.04720041    -0.15189081
      330    -0.05254128    -0.13760401
      331    -0.04668495    -0.12469944
      332    -0.03224380    -0.11549131
      333    -0.01249152    -0.11087406
      334     0.00899264    -0.11051976
      335     0.02816250    -0.11317340
      336     0.03870573    -0.11695281
      337     0.02119382    -0.11956116
      338    -0.19856207    -0.11777536
      339    -0.23885613    -0.11063124
      340    -0.07176786    -0.10488962
      341    -0.06333414    -0.09984616
      342    -0.08250489    -0.09215521
      343    -0.11034498    -0.07983194
      344    -0.14075582    -0.06180430
      345    -0.17079707    -0.03780326
      346    -0.19875354    -0.00818121
      347    -0.22352649     0.02631002
      348    -0.24431354     0.06472439
      349    -0.26035634     0.10607045
      350    -0.27072952     0.14938531
      351    -0.27422396     0.19373166
      352    -0.26940626     0.23812631
      353    -0.25488553     0.28142386
      354    -0.22970976     0.32219887
      355    -0.19375136     0.35868990
      356    -0.14798915     0.38887754
      357    -0.09466132     0.41075135
      358    -0.03729902     0.42275952
      359     0.01948204     0.42433497
      360     0.07037273     0.41628256
      361     0.10985848     0.40082651
      362     0.13282778     0.38121154
      363     0.13559139     0.36096496
      364     0.11810651     0.34308280
      365     0.08670092     0.32941891
      366     0.05323581     0.32043528
      367     0.02905700     0.31531999
      368     0.02004084     0.31239738
      369     0.02752002     0.30970308
      370     0.05314004     0.30552617
      371     0.10844316     0.29867488
      372     0.24532683     0.28823059
      373     0.41790858     0.27350252
      374     0.32983129     0.25305958
      375     0.28385166     0.22325358
      376     0.29296969     0.17746900
      377     0.31661070     0.10895982
      378     0.33101912     0.01439602
      379     0.31368264    -0.10108531
      380     0.24498373    -0.21884699
      381     0.11757176    -0.30600581
      382    -0.05237904    -0.32346331
      383    -0.22019717    -0.24366464
      384    -0.32220891    -0.07220444
      385    -0.30221740     0.13902872
      386    -0.14709413     0.30073772
      387     0.08727897     0.32353139
      388     0.28335215     0.17388002
      389     0.31678429    -0.08195741
      390     0.14335521    -0.28870732
      391    -0.13861602    -0.29100625
      392    -0.32296033    -0.06247346
      393    -0.24559743     0.23173528
      394     0.04994528     0.33714930
      395     0.30433163     0.13893065
      396     0.26241856    -0.18920156
      397    -0.05230511    -0.31480827
      398    -0.31442253    -0.08855181
      399    -0.22235154     0.25313669
      400     0.13616207     0.30994280
      401     0.33113973    -0.00811751
      402     0.09642040    -0.31056982
      403    -0.27311187    -0.17970359
      404    -0.24491768     0.22232385
      405     0.16809240     0.28548289
      406     0.30659780    -0.12607812
      407    -0.10036449    -0.31664851
      408    -0.31445023     0.09551728
      409     0.12067855     0.30327813
      410     0.28672864    -0.16929393
      411    -0.22562820    -0.24631773
      412    -0.15828911     0.28415535
      413     0.32872150     0.02579594
      414    -0.12758370    -0.31014877
      415    -0.18564835     0.26786895
      416     0.32936280    -0.02667964
      417    -0.23933358    -0.23229741
      418     0.02028322     0.32538157
      419     0.18936845    -0.27427618
      420    -0.30955918     0.11179699
      421     0.32474650     0.05624377
      422    -0.26088589    -0.20561850
      423     0.15347818     0.28942130
      424    -0.03326164    -0.33145845
      425    -0.08022817     0.31740849
      426     0.17664684    -0.28201534
      427    -0.25131177     0.21112295
      428     0.30243204    -0.13585978
      429    -0.32784822     0.03628039
      430     0.32463449     0.05731403
      431    -0.28851389    -0.16393337
      432     0.21567077     0.24693448
      433    -0.10679053    -0.31540654
      434    -0.02964249     0.32632778
      435     0.17096965    -0.28462917
      436    -0.28431743     0.16656246
      437     0.33003096    -0.00442779
      438    -0.28237508    -0.17230098
      439     0.14085019     0.29835109
      440     0.05446173    -0.32550012
      441    -0.23586882     0.23185744
      442     0.32742246    -0.04132694
      443    -0.28389459    -0.16771265
      444     0.11443095     0.31098335
      445     0.11032092    -0.31006669
      446    -0.28600272     0.16608950
      447     0.32408868     0.06482461
      448    -0.19962674    -0.26233835
      449    -0.02704896     0.32951228
      450     0.24055118    -0.22617767
      451    -0.33009009     0.00831823
      452     0.25345414     0.21166604
      453    -0.05553861    -0.32556729
      454    -0.16287100     0.28733927
      455     0.30441653    -0.12784860
      456    -0.32175864    -0.07423214
      457     0.22612755     0.24082247
      458    -0.06623902    -0.32346454
      459    -0.10153663     0.31416763
      460     0.23500425    -0.23225105
      461    -0.31201587     0.10777233
      462     0.32912973     0.02692889
      463    -0.29391213    -0.15099106
      464     0.21975649     0.24608828
      465    -0.12137192    -0.30747459
      466     0.01238622     0.32978749
      467     0.09475856    -0.31638708
      468    -0.19028991     0.27011134
      469     0.26520456    -0.19625773
      470    -0.31360865     0.10449395
      471     0.33011844     0.00082184
      472    -0.31345448    -0.10296434
      473     0.26319713     0.20101252
      474    -0.18387618    -0.27233776
      475     0.08120729     0.32238086
      476     0.03433948    -0.32596747
      477    -0.15021026     0.29658945
      478     0.25008219    -0.21335833
      479    -0.31502739     0.10084392
      480     0.32764363     0.04433170
      481    -0.27467389    -0.18174868
      482     0.15850429     0.29058120
      483     0.00252629    -0.33008784
      484    -0.16780160     0.28378424
      485     0.29099669    -0.15775524
      486    -0.32941669    -0.02145706
      487     0.26921787     0.18918604
      488    -0.12632318    -0.30783548
      489    -0.05287661     0.32296157
      490     0.21382197    -0.25458745
      491    -0.31168485     0.10684989
      492     0.32532306     0.05335775
      493    -0.26314642    -0.20148872
      494     0.15021898     0.29287659
      495    -0.02102119    -0.33020985
      496    -0.09873839     0.31490677
      497     0.19267378    -0.26816877
      498    -0.25766010     0.20674398
      499     0.29697206    -0.14420671
      500    -0.31773980     0.09035416
      501     0.32667088    -0.04732773
      502    -0.33005252     0.02042466
      503     0.32737156     0.00242075
      504    -0.32524271    -0.00287568
      505     0.32653686     0.01663629
      506    -0.32466204    -0.03084736
      507     0.32096197     0.05145196
      508    -0.31414426    -0.08282136
      509     0.29905489     0.12818248
      510    -0.27103354    -0.17885774
      511     0.22616662     0.23398677
      512    -0.16196010    -0.28154659
      513     0.08030599     0.31511722
      514     0.01357384    -0.32488203
      515    -0.10992145     0.30563567
      516     0.19834850    -0.25802727
      517    -0.26813616     0.18313882
      518     0.31190329    -0.09242119
      519    -0.32492464    -0.00972925
      520     0.30650737     0.10749223
      521    -0.25846088    -0.19804255
      522     0.18522433     0.26622975
      523    -0.09291370    -0.31242093
      524    -0.01068034     0.32403461
      525     0.11590557    -0.30449306
      526    -0.21161166     0.24610075
      527     0.28469840    -0.15743251
      528    -0.32241830     0.04122557
      529     0.31391930     0.08394571
      530    -0.25494606    -0.20209556
      531     0.15067380     0.28759029
      532    -0.01696939    -0.32521328
      533    -0.12148874     0.30076080
      534     0.23812209    -0.22226070
      535    -0.30952939     0.09810566
      536     0.32243167     0.04049352
      537    -0.27426805    -0.17572663
      538     0.17429913     0.27310743
      539    -0.04076048    -0.32377443
      540    -0.10172813     0.30757946
      541     0.22555816    -0.23506201
      542    -0.30565044     0.11009014
      543     0.32283909     0.03659621
      544    -0.27109248    -0.17985696
      545     0.15782762     0.28414261
      546    -0.00736250    -0.32467045
      547    -0.14681606     0.29070068
      548     0.26663002    -0.18493930
      549    -0.32307520     0.03788754
      550     0.30178328     0.12197663
      551    -0.20986778    -0.24676724
      552     0.07073263     0.31896979
      553     0.08141204    -0.31286076
      554    -0.21322018     0.24733269
      555     0.29872946    -0.12618721
      556    -0.32488199    -0.00866017
      557     0.29154143     0.14576422
      558    -0.20902052    -0.24714919
      559     0.09512942     0.31246082
      560     0.03034855    -0.32222138
      561    -0.14762762     0.29086742
      562     0.24160969    -0.21638839
      563    -0.30186454     0.12154556
      564     0.32484563    -0.01226224
      565    -0.31209454    -0.09000700
      566     0.27036431     0.18123918
      567    -0.20866168    -0.24863502
      568     0.13738195     0.29516503
      569    -0.06548205    -0.31790148
      570    -0.00016066     0.32557309
      571     0.05572202    -0.31977943
      572    -0.09995350     0.30972474
      573     0.13387990    -0.29601962
      574    -0.15897439     0.28346839
      575     0.17821918    -0.27224885
      576    -0.19318515     0.26081187
      577     0.20656103    -0.25179948
      578    -0.21960264     0.23882394
      579     0.23382510    -0.22664194
      580    -0.25001774     0.20710575
      581     0.26793882    -0.18441964
      582    -0.28736859     0.15200738
      583     0.30558541    -0.11043603
      584    -0.31998103     0.05787759
      585     0.32500685     0.00789034
      586    -0.31436983    -0.08227650
      587     0.28181031     0.16226694
      588    -0.22282711    -0.23656032
      589     0.13790486     0.29450045
      590    -0.03341036    -0.32312821
      591    -0.07905379     0.31569657
      592     0.18398612    -0.26739475
      593    -0.26682384     0.18656763
      594     0.31509517    -0.07851433
      595    -0.32313997    -0.03510073
      596     0.28999482     0.14827941
      597    -0.22222526    -0.23535396
      598     0.12858105     0.30090636
      599    -0.02219069    -0.32156316
      600    -0.08533315     0.31665867
