#     Density Matrix: population Re; see the manual for detail orders
        0     0.00000000     1.00000000
        1     0.00001640     0.99998360
        2     0.00000118     0.99999882
        3     0.00000121     0.99999879
        4     0.00000202     0.99999798
        5     0.00000295     0.99999705
        6     0.00000846     0.99999154
        7     0.00002131     0.99997869
        8     0.00003409     0.99996591
        9     0.00005985     0.99994015
       10     0.00008155     0.99991845
       11     0.00010497     0.99989503
       12     0.00012497     0.99987503
       13     0.00013992     0.99986008
       14     0.00015458     0.99984542
       15     0.00016649     0.99983351
       16     0.00017221     0.99982779
       17     0.00016814     0.99983186
       18     0.00015038     0.99984962
       19     0.00011880     0.99988120
       20     0.00007944     0.99992056
       21     0.00004215     0.99995785
       22     0.00001574     0.99998426
       23     0.00000410     0.99999590
       24     0.00000544     0.99999456
       25     0.00001435     0.99998565
       26     0.00002506     0.99997494
       27     0.00003396     0.99996604
       28     0.00003996     0.99996004
       29     0.00004335     0.99995665
       30     0.00004462     0.99995538
       31     0.00004422     0.99995578
       32     0.00004273     0.99995727
       33     0.00004059     0.99995941
       34     0.00003798     0.99996202
       35     0.00003498     0.99996502
       36     0.00003164     0.99996836
       37     0.00002792     0.99997208
       38     0.00002377     0.99997623
       39     0.00001922     0.99998078
       40     0.00001446     0.99998554
       41     0.00000984     0.99999016
       42     0.00000586     0.99999414
       43     0.00000289     0.99999711
       44     0.00000104     0.99999896
       45     0.00000019     0.99999981
       46     0.00000012     0.99999988
       47     0.00000059     0.99999941
       48     0.00000143     0.99999857
       49     0.00000249     0.99999751
       50     0.00000367     0.99999633
       51     0.00000489     0.99999511
       52     0.00000612     0.99999388
       53     0.00000734     0.99999266
       54     0.00000856     0.99999144
       55     0.00000981     0.99999019
       56     0.00001112     0.99998888
       57     0.00001249     0.99998751
       58     0.00001381     0.99998619
       59     0.00001478     0.99998522
       60     0.00001494     0.99998506
       61     0.00001382     0.99998618
       62     0.00001135     0.99998865
       63     0.00000805     0.99999195
       64     0.00000472     0.99999528
       65     0.00000205     0.99999795
       66     0.00000052     0.99999948
       67     0.00000043     0.99999957
       68     0.00000179     0.99999821
       69     0.00000431     0.99999569
       70     0.00000735     0.99999265
       71     0.00001013     0.99998987
       72     0.00001206     0.99998794
       73     0.00001289     0.99998711
       74     0.00001263     0.99998737
       75     0.00001141     0.99998859
       76     0.00000950     0.99999050
       77     0.00000718     0.99999282
       78     0.00000473     0.99999527
       79     0.00000251     0.99999749
       80     0.00000089     0.99999911
       81     0.00000014     0.99999986
       82     0.00000030     0.99999970
       83     0.00000114     0.99999886
       84     0.00000231     0.99999769
       85     0.00000350     0.99999650
       86     0.00000449     0.99999551
       87     0.00000517     0.99999483
       88     0.00000544     0.99999456
       89     0.00000529     0.99999471
       90     0.00000474     0.99999526
       91     0.00000392     0.99999608
       92     0.00000306     0.99999694
       93     0.00000232     0.99999768
       94     0.00000180     0.99999820
       95     0.00000149     0.99999851
       96     0.00000134     0.99999866
       97     0.00000127     0.99999873
       98     0.00000120     0.99999880
       99     0.00000102     0.99999898
      100     0.00000068     0.99999932
      101     0.00000028     0.99999972
      102     0.00000012     0.99999988
      103     0.00000070     0.99999930
      104     0.00000246     0.99999754
      105     0.00000548     0.99999452
      106     0.00000943     0.99999057
      107     0.00001374     0.99998626
      108     0.00001788     0.99998212
      109     0.00002141     0.99997859
      110     0.00002398     0.99997602
      111     0.00002521     0.99997479
      112     0.00002467     0.99997533
      113     0.00002221     0.99997779
      114     0.00001819     0.99998181
      115     0.00001345     0.99998655
      116     0.00000883     0.99999117
      117     0.00000497     0.99999503
      118     0.00000221     0.99999779
      119     0.00000061     0.99999939
      120     0.00000008     0.99999992
      121     0.00000045     0.99999955
      122     0.00000152     0.99999848
      123     0.00000310     0.99999690
      124     0.00000489     0.99999511
      125     0.00000658     0.99999342
      126     0.00000793     0.99999207
      127     0.00000885     0.99999115
      128     0.00000942     0.99999058
      129     0.00000983     0.99999017
      130     0.00001030     0.99998970
      131     0.00001100     0.99998900
      132     0.00001204     0.99998796
      133     0.00001336     0.99998664
      134     0.00001468     0.99998532
      135     0.00001552     0.99998448
      136     0.00001548     0.99998452
      137     0.00001448     0.99998552
      138     0.00001249     0.99998751
      139     0.00000958     0.99999042
      140     0.00000604     0.99999396
      141     0.00000264     0.99999736
      142     0.00000060     0.99999940
      143     0.00000133     0.99999867
      144     0.00000563     0.99999437
      145     0.00001285     0.99998715
      146     0.00002097     0.99997903
      147     0.00002779     0.99997221
      148     0.00003189     0.99996811
      149     0.00003283     0.99996717
      150     0.00003097     0.99996903
      151     0.00002694     0.99997306
      152     0.00002135     0.99997865
      153     0.00001494     0.99998506
      154     0.00000871     0.99999129
      155     0.00000382     0.99999618
      156     0.00000099     0.99999901
      157     0.00000013     0.99999987
      158     0.00000059     0.99999941
      159     0.00000169     0.99999831
      160     0.00000295     0.99999705
      161     0.00000402     0.99999598
      162     0.00000470     0.99999530
      163     0.00000485     0.99999515
      164     0.00000446     0.99999554
      165     0.00000366     0.99999634
      166     0.00000268     0.99999732
      167     0.00000175     0.99999825
      168     0.00000105     0.99999895
      169     0.00000062     0.99999938
      170     0.00000040     0.99999960
      171     0.00000033     0.99999967
      172     0.00000039     0.99999961
      173     0.00000055     0.99999945
      174     0.00000085     0.99999915
      175     0.00000132     0.99999868
      176     0.00000198     0.99999802
      177     0.00000286     0.99999714
      178     0.00000397     0.99999603
      179     0.00000534     0.99999466
      180     0.00000698     0.99999302
      181     0.00000888     0.99999112
      182     0.00001098     0.99998902
      183     0.00001306     0.99998694
      184     0.00001480     0.99998520
      185     0.00001582     0.99998418
      186     0.00001577     0.99998423
      187     0.00001446     0.99998554
      188     0.00001195     0.99998805
      189     0.00000865     0.99999135
      190     0.00000523     0.99999477
      191     0.00000241     0.99999759
      192     0.00000069     0.99999931
      193     0.00000023     0.99999977
      194     0.00000106     0.99999894
      195     0.00000304     0.99999696
      196     0.00000597     0.99999403
      197     0.00000944     0.99999056
      198     0.00001278     0.99998722
      199     0.00001515     0.99998485
      200     0.00001613     0.99998387
      201     0.00001595     0.99998405
      202     0.00001510     0.99998490
      203     0.00001391     0.99998609
      204     0.00001253     0.99998747
      205     0.00001111     0.99998889
      206     0.00000966     0.99999034
      207     0.00000815     0.99999185
      208     0.00000660     0.99999340
      209     0.00000515     0.99999485
      210     0.00000394     0.99999606
      211     0.00000303     0.99999697
      212     0.00000240     0.99999760
      213     0.00000200     0.99999800
      214     0.00000175     0.99999825
      215     0.00000157     0.99999843
      216     0.00000140     0.99999860
      217     0.00000117     0.99999883
      218     0.00000085     0.99999915
      219     0.00000047     0.99999953
      220     0.00000014     0.99999986
      221     0.00000005     0.99999995
      222     0.00000040     0.99999960
      223     0.00000135     0.99999865
      224     0.00000312     0.99999688
      225     0.00000590     0.99999410
      226     0.00000989     0.99999011
      227     0.00001511     0.99998489
      228     0.00002125     0.99997875
      229     0.00002776     0.99997224
      230     0.00003398     0.99996602
      231     0.00003924     0.99996076
      232     0.00004288     0.99995712
      233     0.00004429     0.99995571
      234     0.00004298     0.99995702
      235     0.00003883     0.99996117
      236     0.00003221     0.99996779
      237     0.00002404     0.99997596
      238     0.00001557     0.99998443
      239     0.00000813     0.99999187
      240     0.00000295     0.99999705
      241     0.00000094     0.99999906
      242     0.00000220     0.99999780
      243     0.00000584     0.99999416
      244     0.00001023     0.99998977
      245     0.00001401     0.99998599
      246     0.00001684     0.99998316
      247     0.00001906     0.99998094
      248     0.00002102     0.99997898
      249     0.00002289     0.99997711
      250     0.00002488     0.99997512
      251     0.00002712     0.99997288
      252     0.00002951     0.99997049
      253     0.00003164     0.99996836
      254     0.00003314     0.99996686
      255     0.00003389     0.99996611
      256     0.00003387     0.99996613
      257     0.00003309     0.99996691
      258     0.00003167     0.99996833
      259     0.00002974     0.99997026
      260     0.00002733     0.99997267
      261     0.00002429     0.99997571
      262     0.00002038     0.99997962
      263     0.00001555     0.99998445
      264     0.00001025     0.99998975
      265     0.00000546     0.99999454
      266     0.00000205     0.99999795
      267     0.00000037     0.99999963
      268     0.00000042     0.99999958
      269     0.00000212     0.99999788
      270     0.00000536     0.99999464
      271     0.00000999     0.99999001
      272     0.00001562     0.99998438
      273     0.00002163     0.99997837
      274     0.00002719     0.99997281
      275     0.00003151     0.99996849
      276     0.00003407     0.99996593
      277     0.00003476     0.99996524
      278     0.00003381     0.99996619
      279     0.00003167     0.99996833
      280     0.00002883     0.99997117
      281     0.00002575     0.99997425
      282     0.00002273     0.99997727
      283     0.00001993     0.99998007
      284     0.00001732     0.99998268
      285     0.00001477     0.99998523
      286     0.00001217     0.99998783
      287     0.00000953     0.99999047
      288     0.00000697     0.99999303
      289     0.00000469     0.99999531
      290     0.00000283     0.99999717
      291     0.00000148     0.99999852
      292     0.00000065     0.99999935
      293     0.00000023     0.99999977
      294     0.00000007     0.99999993
      295     0.00000003     0.99999997
      296     0.00000009     0.99999991
      297     0.00000035     0.99999965
      298     0.00000102     0.99999898
      299     0.00000238     0.99999762
      300     0.00000460     0.99999540
      301     0.00000757     0.99999243
      302     0.00001079     0.99998921
      303     0.00001342     0.99998658
      304     0.00001444     0.99998556
      305     0.00001302     0.99998698
      306     0.00000916     0.99999084
      307     0.00000471     0.99999529
      308     0.00000379     0.99999621
      309     0.00001189     0.99998811
      310     0.00003403     0.99996597
      311     0.00007374     0.99992626
      312     0.00013302     0.99986698
      313     0.00021218     0.99978782
      314     0.00030884     0.99969116
      315     0.00041708     0.99958292
      316     0.00052746     0.99947254
      317     0.00062916     0.99937084
      318     0.00071384     0.99928616
      319     0.00078072     0.99921928
      320     0.00084195     0.99915805
      321     0.00092932     0.99907068
      322     0.00110894     0.99889106
      323     0.00152393     0.99847607
      324     0.00251334     0.99748666
      325     0.00491287     0.99508713
      326     0.01069577     0.98930423
      327     0.02377787     0.97622213
      328     0.04894247     0.95105753
      329     0.08525057     0.91474943
      330     0.12014399     0.87985601
      331     0.13875941     0.86124059
      332     0.13715977     0.86284023
      333     0.12133461     0.87866539
      334     0.09970528     0.90029472
      335     0.07863912     0.92136088
      336     0.06144317     0.93855683
      337     0.04906719     0.95093281
      338     0.04123116     0.95876884
      339     0.03734702     0.96265298
      340     0.03711195     0.96288805
      341     0.04100361     0.95899639
      342     0.05121050     0.94878950
      343     0.07386349     0.92613651
      344     0.12163065     0.87836935
      345     0.20304269     0.79695731
      346     0.29139582     0.70860418
      347     0.34192005     0.65807995
      348     0.34473045     0.65526955
      349     0.31612941     0.68387059
      350     0.27343853     0.72656147
      351     0.22838993     0.77161007
      352     0.18748131     0.81251869
      353     0.15332995     0.84667005
      354     0.12603329     0.87396671
      355     0.10438309     0.89561691
      356     0.08685705     0.91314295
      357     0.07223774     0.92776226
      358     0.05978374     0.94021626
      359     0.04908114     0.95091886
      360     0.03977903     0.96022097
      361     0.03141476     0.96858524
      362     0.02343576     0.97656424
      363     0.01546718     0.98453282
      364     0.00792515     0.99207485
      365     0.00310371     0.99689629
      366     0.00615066     0.99384934
      367     0.02287506     0.97712494
      368     0.05184729     0.94815271
      369     0.08071518     0.91928482
      370     0.09679325     0.90320675
      371     0.09704220     0.90295780
      372     0.08614792     0.91385208
      373     0.07061671     0.92938329
      374     0.05528236     0.94471764
      375     0.04246064     0.95753936
      376     0.03247543     0.96752457
      377     0.02461710     0.97538290
      378     0.01806061     0.98193939
      379     0.01242072     0.98757928
      380     0.00779092     0.99220908
      381     0.00442923     0.99557077
      382     0.00242329     0.99757671
      383     0.00154914     0.99845086
      384     0.00134325     0.99865675
      385     0.00130576     0.99869424
      386     0.00111986     0.99888014
      387     0.00075361     0.99924639
      388     0.00036838     0.99963162
      389     0.00011978     0.99988022
      390     0.00003331     0.99996669
      391     0.00003260     0.99996740
      392     0.00003828     0.99996172
      393     0.00002716     0.99997284
      394     0.00002216     0.99997784
      395     0.00004930     0.99995070
      396     0.00010632     0.99989368
      397     0.00016562     0.99983438
      398     0.00020291     0.99979709
      399     0.00021790     0.99978210
      400     0.00022679     0.99977321
      401     0.00024197     0.99975803
      402     0.00026187     0.99973813
      403     0.00027541     0.99972459
      404     0.00027189     0.99972811
      405     0.00024804     0.99975196
      406     0.00020980     0.99979020
      407     0.00016881     0.99983119
      408     0.00013646     0.99986354
      409     0.00011898     0.99988102
      410     0.00011617     0.99988383
      411     0.00012302     0.99987698
      412     0.00013260     0.99986740
      413     0.00013860     0.99986140
      414     0.00013695     0.99986305
      415     0.00012616     0.99987384
      416     0.00010682     0.99989318
      417     0.00008093     0.99991907
      418     0.00005262     0.99994738
      419     0.00002931     0.99997069
      420     0.00002180     0.99997820
      421     0.00004196     0.99995804
      422     0.00009961     0.99990039
      423     0.00019954     0.99980046
      424     0.00033747     0.99966253
      425     0.00049512     0.99950488
      426     0.00063834     0.99936166
      427     0.00072416     0.99927584
      428     0.00071828     0.99928172
      429     0.00061627     0.99938373
      430     0.00045568     0.99954432
      431     0.00030893     0.99969107
      432     0.00025674     0.99974326
      433     0.00035570     0.99964430
      434     0.00061950     0.99938050
      435     0.00102129     0.99897871
      436     0.00150727     0.99849273
      437     0.00200677     0.99799323
      438     0.00243567     0.99756433
      439     0.00270294     0.99729706
      440     0.00273537     0.99726463
      441     0.00252104     0.99747896
      442     0.00214327     0.99785673
      443     0.00177201     0.99822799
      444     0.00161463     0.99838537
      445     0.00185608     0.99814392
      446     0.00261322     0.99738678
      447     0.00391295     0.99608705
      448     0.00569837     0.99430163
      449     0.00786981     0.99213019
      450     0.01037339     0.98962661
      451     0.01336349     0.98663651
      452     0.01754385     0.98245615
      453     0.02524097     0.97475903
      454     0.04540319     0.95459681
      455     0.12335376     0.87664624
      456     0.39034156     0.60965844
      457     0.71041187     0.28958813
      458     0.84055889     0.15944111
      459     0.88266650     0.11733350
      460     0.89187447     0.10812553
      461     0.89326819     0.10673181
      462     0.89520056     0.10479944
      463     0.90187428     0.09812572
      464     0.91473235     0.08526765
      465     0.93249112     0.06750888
      466     0.95198069     0.04801931
      467     0.96970221     0.03029779
      468     0.98321150     0.01678850
      469     0.99173360     0.00826640
      470     0.99601252     0.00398748
      471     0.99764438     0.00235562
      472     0.99820477     0.00179523
      473     0.99862373     0.00137627
      474     0.99913025     0.00086975
      475     0.99960089     0.00039911
      476     0.99989475     0.00010525
      477     0.99998649     0.00001351
      478     0.99996245     0.00003755
      479     0.99993842     0.00006158
      480     0.99995431     0.00004569
      481     0.99997168     0.00002832
      482     0.99996729     0.00003271
      483     0.99996137     0.00003863
      484     0.99996564     0.00003436
      485     0.99997166     0.00002834
      486     0.99997623     0.00002377
      487     0.99998099     0.00001901
      488     0.99998532     0.00001468
      489     0.99998874     0.00001126
      490     0.99999140     0.00000860
      491     0.99999335     0.00000665
      492     0.99999477     0.00000523
      493     0.99999579     0.00000421
      494     0.99999653     0.00000347
      495     0.99999709     0.00000291
      496     0.99999750     0.00000250
      497     0.99999781     0.00000219
      498     0.99999806     0.00000194
      499     0.99999824     0.00000176
      500     0.99999839     0.00000161
      501     0.99999850     0.00000150
      502     0.99999859     0.00000141
      503     0.99999866     0.00000134
      504     0.99999874     0.00000126
      505     0.99999883     0.00000117
      506     0.99999895     0.00000105
      507     0.99999910     0.00000090
      508     0.99999924     0.00000076
      509     0.99999938     0.00000062
      510     0.99999950     0.00000050
      511     0.99999960     0.00000040
      512     0.99999969     0.00000031
      513     0.99999975     0.00000025
      514     0.99999981     0.00000019
      515     0.99999984     0.00000016
      516     0.99999987     0.00000013
      517     0.99999988     0.00000012
      518     0.99999988     0.00000012
      519     0.99999987     0.00000013
      520     0.99999986     0.00000014
      521     0.99999985     0.00000015
      522     0.99999984     0.00000016
      523     0.99999985     0.00000015
      524     0.99999988     0.00000012
      525     0.99999992     0.00000008
      526     0.99999995     0.00000005
      527     0.99999997     0.00000003
      528     0.99999999     0.00000001
      529     0.99999999     0.00000001
      530     0.99999999     0.00000001
      531     0.99999999     0.00000001
      532     0.99999998     0.00000002
      533     0.99999996     0.00000004
      534     0.99999994     0.00000006
      535     0.99999991     0.00000009
      536     0.99999988     0.00000012
      537     0.99999986     0.00000014
      538     0.99999984     0.00000016
      539     0.99999983     0.00000017
      540     0.99999982     0.00000018
      541     0.99999983     0.00000017
      542     0.99999985     0.00000015
      543     0.99999988     0.00000012
      544     0.99999992     0.00000008
      545     0.99999996     0.00000004
      546     0.99999998     0.00000002
      547     1.00000000     0.00000000
      548     1.00000000     0.00000000
      549     0.99999999     0.00000001
      550     0.99999998     0.00000002
      551     0.99999998     0.00000002
      552     0.99999998     0.00000002
      553     0.99999999     0.00000001
      554     1.00000000     0.00000000
      555     1.00000000     0.00000000
      556     1.00000000     0.00000000
      557     0.99999999     0.00000001
      558     0.99999998     0.00000002
      559     0.99999996     0.00000004
      560     0.99999995     0.00000005
      561     0.99999994     0.00000006
      562     0.99999994     0.00000006
      563     0.99999994     0.00000006
      564     0.99999995     0.00000005
      565     0.99999995     0.00000005
      566     0.99999996     0.00000004
      567     0.99999996     0.00000004
      568     0.99999996     0.00000004
      569     0.99999997     0.00000003
      570     0.99999998     0.00000002
      571     1.00000000     0.00000000
      572     1.00000000     0.00000000
      573     0.99999998     0.00000002
      574     0.99999993     0.00000007
      575     0.99999985     0.00000015
      576     0.99999976     0.00000024
      577     0.99999965     0.00000035
      578     0.99999954     0.00000046
      579     0.99999945     0.00000055
      580     0.99999939     0.00000061
      581     0.99999940     0.00000060
      582     0.99999946     0.00000054
      583     0.99999958     0.00000042
      584     0.99999972     0.00000028
      585     0.99999987     0.00000013
      586     0.99999997     0.00000003
      587     0.99999998     0.00000002
      588     0.99999985     0.00000015
      589     0.99999947     0.00000053
      590     0.99999873     0.00000127
      591     0.99999741     0.00000259
      592     0.99999513     0.00000487
      593     0.99999153     0.00000847
      594     0.99998699     0.00001301
      595     0.99998373     0.00001627
      596     0.99998425     0.00001575
      597     0.99998797     0.00001203
      598     0.99999235     0.00000765
      599     0.99999587     0.00000413
      600     0.99999819     0.00000181
