#     Density Matrix: coherence Re-Im; see the manual for detail orders
        0     0.00000000     0.00000000
        1    -0.00002279     0.00008363
        2     0.00003918     0.00002305
        3    -0.00004468     0.00004401
        4     0.00003887     0.00006703
        5    -0.00002117     0.00000341
        6     0.00000014     0.00008553
        7     0.00002422    -0.00000041
        8    -0.00003794     0.00005651
        9     0.00004639     0.00003216
       10    -0.00003644     0.00000322
       11     0.00002248     0.00006219
       12     0.00000456    -0.00002709
       13    -0.00002378     0.00004978
       14     0.00004293    -0.00000964
       15    -0.00004266    -0.00000298
       16     0.00003533     0.00002908
       17    -0.00001068    -0.00004755
       18    -0.00001257     0.00003486
       19     0.00003657    -0.00003837
       20    -0.00004383    -0.00001118
       21     0.00003872     0.00000823
       22    -0.00001578    -0.00005950
       23    -0.00001100     0.00002387
       24     0.00003597    -0.00004841
       25    -0.00004444    -0.00002201
       26    -0.00275733     0.00320683
       27     0.00302742     0.00463660
       28    -0.00155428    -0.00076043
       29    -0.00033140     0.00601829
       30     0.00212054    -0.00021552
       31    -0.00345346     0.00376460
       32     0.00326105     0.00414038
       33    -0.00174049    -0.00012722
       34    -0.00096172     0.00654444
       35     0.00306279     0.00150015
       36    -0.00338112     0.00210834
       37     0.00107916     0.00678290
       38     0.00205255     0.00062786
       39    -0.00357887     0.00337619
       40     0.00158470     0.00680245
       41     0.00204022     0.00079020
       42    -0.00350447     0.00307540
       43     0.00075495     0.00719623
       44     0.00299682     0.00180600
       45    -0.00273859     0.00145806
       46    -0.00137859     0.00693866
       47     0.00353148     0.00419656
       48    -0.00016136     0.00003943
       49    -0.00342176     0.00436136
       50     0.00138014     0.00676213
       51     0.00313010     0.00166683
       52    -0.00200767     0.00044672
       53    -0.00269826     0.00554478
       54     0.00244577     0.00583106
       55     0.00257908     0.00066290
       56    -0.00247307     0.00057431
       57    -0.00248381     0.00551229
       58     0.00247339     0.00553942
       59     0.00273175     0.00056838
       60    -0.00211518     0.00000246
       61    -0.00293676     0.00470399
       62     0.00170224     0.00584584
       63     0.00333308     0.00132352
       64    -0.00089075    -0.00083316
       65    -0.00348229     0.00301023
       66    -0.00000448     0.00603666
       67     0.00354018     0.00303032
       68     0.00122486    -0.00097449
       69    -0.00303671     0.00054529
       70    -0.00228925     0.00493730
       71     0.00219042     0.00502914
       72     0.00327355     0.00065153
       73    -0.00066624    -0.00140710
       74    -0.00349847     0.00187452
       75    -0.00095380     0.00534294
       76     0.00308565     0.00371852
       77     0.00265579    -0.00062868
       78    -0.00154217    -0.00145265
       79    -0.00343645     0.00225900
       80    -0.00039063     0.00508474
       81     0.00327625     0.00299866
       82     0.00252477    -0.00116311
       83    -0.00155035    -0.00184445
       84    -0.00345365     0.00169303
       85    -0.00071907     0.00461363
       86     0.00302675     0.00303415
       87     0.00298079    -0.00105269
       88    -0.00072857    -0.00256126
       89    -0.00343330     0.00022746
       90    -0.00185181     0.00372616
       91     0.00202845     0.00362083
       92     0.00357049     0.00001896
       93     0.00102830    -0.00290341
       94    -0.00260643    -0.00190180
       95    -0.00323213     0.00173590
       96    -0.00023488     0.00387059
       97     0.00304525     0.00217247
       98     0.00311664    -0.00150567
       99    -0.00001223    -0.00333161
      100    -0.00307772    -0.00153394
      101    -0.00303918     0.00196870
      102    -0.00003477     0.00370208
      103     0.00298255     0.00206700
      104     0.00321026    -0.00131298
      105     0.00053033    -0.00332117
      106    -0.00260758    -0.00222851
      107    -0.00351563     0.00093738
      108    -0.00153745     0.00349950
      109     0.00161025     0.00345927
      110     0.00342166     0.00100156
      111     0.00259058    -0.00187178
      112    -0.00015924    -0.00301097
      113    -0.00281837    -0.00165977
      114    -0.00361691     0.00119479
      115    -0.00215465     0.00368867
      116     0.00052909     0.00436844
      117     0.00278210     0.00300745
      118     0.00337876     0.00055444
      119     0.00212449    -0.00156883
      120    -0.00021120    -0.00228520
      121    -0.00243944    -0.00133501
      122    -0.00358159     0.00074964
      123    -0.00325848     0.00302850
      124    -0.00172517     0.00462251
      125     0.00036518     0.00503997
      126     0.00229154     0.00426565
      127     0.00353139     0.00264918
      128     0.00388422     0.00069720
      129     0.00345575    -0.00112627
      130     0.00255645    -0.00252717
      131     0.00157901    -0.00342177
      132     0.00090310    -0.00391005
      133     0.00085030    -0.00421581
      134     0.00169214    -0.00462430
      135     0.00370444    -0.00543685
      136     0.00726415    -0.00694958
      137     0.01300150    -0.00945439
      138     0.02205667    -0.01325591
      139     0.03657391    -0.01869695
      140     0.06078858    -0.02618629
      141     0.10370012    -0.03622452
      142     0.18567226    -0.04942331
      143     0.34082862    -0.06643573
      144     0.48569714    -0.08741699
      145     0.43914387    -0.11145214
      146     0.33577238    -0.13897764
      147     0.25535850    -0.16925694
      148     0.19478430    -0.20041392
      149     0.13667971    -0.22921586
      150     0.07268752    -0.25030956
      151     0.00059234    -0.25630501
      152    -0.07560552    -0.23841657
      153    -0.14617338    -0.19250798
      154    -0.19768052    -0.11900065
      155    -0.21594826    -0.02612192
      156    -0.19081847     0.06936602
      157    -0.12162149     0.14428598
      158    -0.02173700     0.17480341
      159     0.08037157     0.14590501
      160     0.14731398     0.06247775
      161     0.14839924    -0.04444112
      162     0.07994764    -0.12544479
      163    -0.02393804    -0.13739529
      164    -0.10379564    -0.07259037
      165    -0.10874387     0.02859762
      166    -0.03404632     0.09547678
      167     0.00000000     0.00000000
      168     0.00682745    -0.00383912
      169     0.00682757    -0.01195005
      170    -0.00077117    -0.01575745
      171    -0.00771907    -0.01015120
      172    -0.00503527    -0.00126256
      173     0.00451393    -0.00088801
      174     0.00755442    -0.01023455
      175    -0.00114839    -0.01545381
      176    -0.00803420    -0.00758790
      177    -0.00089880     0.00046128
      178     0.00798810    -0.00622558
      179     0.00151239    -0.01563169
      180    -0.00786599    -0.00896124
      181    -0.00023142    -0.00003069
      182     0.00819677    -0.00908752
      183    -0.00198385    -0.01644495
      184    -0.00672414    -0.00522993
      185     0.00610408    -0.00413960
      186     0.00394912    -0.01781088
      187    -0.00748080    -0.01213162
      188     0.00335510    -0.00512972
      189     0.00602828    -0.01975627
      190    -0.00767810    -0.01648484
      191     0.00215068    -0.00667004
      192     0.00358236    -0.01907427
      193    -0.00900120    -0.00969201
      194     0.00485532    -0.00247496
      195    -0.00043222    -0.01449599
      196    -0.00619870     0.00045338
      197     0.00766767    -0.00452798
      198    -0.00662017    -0.00833962
      199     0.00172101     0.00494550
      200     0.00297127    -0.00978764
      201    -0.00695820     0.00217912
      202     0.00792178    -0.00141903
      203    -0.00664340    -0.00614355
      204     0.00309084     0.00605196
      205     0.00099236    -0.00913433
      206    -0.00489686     0.00535210
      207     0.00729697    -0.00420062
      208    -0.00804120    -0.00140792
      209     0.00682951     0.00341392
      210    -0.00427567    -0.00750703
      211     0.00080446     0.00734886
      212     0.00268478    -0.00814797
      213    -0.00566960     0.00515783
      214     0.00750520    -0.00332152
      215    -0.00802347    -0.00100050
      216     0.00709095     0.00330742
      217    -0.00499850    -0.00670357
      218     0.00205244     0.00737141
      219     0.00117922    -0.00830884
      220    -0.00422871     0.00648048
      221     0.00655918    -0.00495493
      222    -0.00785594     0.00136618
      223     0.00787966     0.00121493
      224    -0.00666865    -0.00476973
      225     0.00438181     0.00644359
      226    -0.00140865    -0.00817669
      227    -0.00180906     0.00756004
      228     0.00473315    -0.00673815
      229    -0.00691241     0.00384214
      230     0.00796190    -0.00125808
      231    -0.00771411    -0.00246842
      232     0.00617327     0.00490356
      233    -0.00359491    -0.00740244
      234     0.00038357     0.00780327
      235     0.00290394    -0.00769597
      236    -0.00571234     0.00543840
      237     0.00752338    -0.00299979
      238    -0.00801146    -0.00075623
      239     0.00704972     0.00364940
      240    -0.00480381    -0.00661924
      241     0.00165071     0.00767870
      242     0.00181910    -0.00799222
      243    -0.00497206     0.00614004
      244     0.00718317    -0.00374194
      245    -0.00803021     0.00000250
      246     0.00730900     0.00317179
      247    -0.00516059    -0.00629132
      248     0.00197094     0.00765286
      249     0.00161195    -0.00798617
      250    -0.00489551     0.00625455
      251     0.00718538    -0.00367786
      252    -0.00803289    -0.00004384
      253     0.00722312     0.00341620
      254    -0.00494167    -0.00640135
      255     0.00161808     0.00780606
      256     0.00202834    -0.00781159
      257    -0.00527690     0.00602576
      258     0.00740887    -0.00309667
      259    -0.00801681    -0.00054015
      260     0.00692699     0.00406522
      261    -0.00441129    -0.00668033
      262     0.00094856     0.00802210
      263     0.00268677    -0.00749579
      264    -0.00578496     0.00566150
      265     0.00764751    -0.00231833
      266    -0.00794131    -0.00110669
      267     0.00655484     0.00477023
      268    -0.00383435    -0.00689547
      269     0.00029301     0.00820552
      270     0.00327941    -0.00712401
      271    -0.00619859     0.00533242
      272     0.00780809    -0.00160172
      273    -0.00782920    -0.00155230
      274     0.00620343     0.00536567
      275    -0.00331615    -0.00702020
      276    -0.00029088     0.00833758
      277     0.00381857    -0.00672707
      278    -0.00658051     0.00496005
      279     0.00793484    -0.00080821
      280    -0.00762995    -0.00213281
      281     0.00565053     0.00610475
      282    -0.00245449    -0.00721713
      283    -0.00133913     0.00836965
      284     0.00483112    -0.00593306
      285    -0.00727829     0.00390751
      286     0.00800817     0.00093922
      287    -0.00686275    -0.00363421
      288     0.00397668     0.00754723
      289    -0.00009313    -0.00741888
      290    -0.00391130     0.00766116
      291     0.00687715    -0.00344303
      292    -0.00804337     0.00076070
      293     0.00688774     0.00485331
      294    -0.00375504    -0.00631042
      295    -0.00061932     0.00884347
      296     0.00480231    -0.00554087
      297    -0.00756146     0.00367004
      298     0.00778616     0.00285984
      299    -0.00540724    -0.00494263
      300     0.00103682     0.00900092
