#    Step     Kinetic(H)     Potential(H)   Total(H)       E(0)(H)        E(1)(H)        
        0     0.02186304   -16.41655411   -16.39469107   -16.55567637   -16.41655411
        1     0.02338266   -16.41810152   -16.39471886   -16.55504945   -16.41810152
        2     0.02469596   -16.41943670   -16.39474074   -16.55370285   -16.41943670
        3     0.02547397   -16.42022427   -16.39475030   -16.55123748   -16.42022427
        4     0.02558482   -16.42033193   -16.39474711   -16.54748235   -16.42033193
        5     0.02511282   -16.41984685   -16.39473403   -16.54257244   -16.41984685
        6     0.02431414   -16.41902866   -16.39471452   -16.53690516   -16.41902866
        7     0.02354430   -16.41823796   -16.39469366   -16.53101391   -16.41823796
        8     0.02315853   -16.41783814   -16.39467961   -16.52542547   -16.41783814
        9     0.02337855   -16.41805985   -16.39468130   -16.52051433   -16.41805985
       10     0.02417594   -16.41887594   -16.39470000   -16.51637958   -16.41887594
       11     0.02526355   -16.41998970   -16.39472615   -16.51283360   -16.41998970
       12     0.02624162   -16.42098585   -16.39474423   -16.50955125   -16.42098585
       13     0.02681731   -16.42156191   -16.39474460   -16.50629932   -16.42156191
       14     0.02694907   -16.42167791   -16.39472884   -16.50308467   -16.42167791
       15     0.02683788   -16.42154397   -16.39470609   -16.50014187   -16.42154397
       16     0.02680245   -16.42148878   -16.39468633   -16.49780302   -16.42148878
       17     0.02712515   -16.42180225   -16.39467710   -16.49634395   -16.42180225
       18     0.02793701   -16.42261858   -16.39468157   -16.49587251   -16.42261858
       19     0.02916505   -16.42386362   -16.39469857   -16.49628162   -16.42386362
       20     0.03054901   -16.42527179   -16.39472278   -16.49727131   -16.42527179
       21     0.03172266   -16.42646860   -16.39474594   -16.49843496   -16.42646860
       22     0.03234488   -16.42710352   -16.39475864   -16.49939369   -16.42710352
       23     0.03223834   -16.42699370   -16.39475536   -16.49993962   -16.42699370
       24     0.03146381   -16.42620287   -16.39473906   -16.50011268   -16.42620287
       25     0.03027297   -16.42499392   -16.39472095   -16.50014976   -16.42499392
       26     0.02894659   -16.42365950   -16.39471291   -16.50031145   -16.42365950
       27     0.02763065   -16.42234713   -16.39471648   -16.50070341   -16.42234713
       28     0.02631801   -16.42103765   -16.39471964   -16.50125238   -16.42103765
       29     0.02499960   -16.41970940   -16.39470980   -16.50186997   -16.41970940
       30     0.02383246   -16.41851906   -16.39468660   -16.50263556   -16.41851906
       31     0.02314393   -16.41780704   -16.39466311   -16.50380589   -16.41780704
       32     0.02326439   -16.41791643   -16.39465204   -16.50563984   -16.41791643
       33     0.02434838   -16.41900536   -16.39465698   -16.50821706   -16.41900536
       34     0.02631448   -16.42098817   -16.39467369   -16.51138557   -16.42098817
       35     0.02889346   -16.42359021   -16.39469675   -16.51482206   -16.42359021
       36     0.03170607   -16.42642875   -16.39472268   -16.51811710   -16.42642875
       37     0.03432846   -16.42907639   -16.39474793   -16.52084014   -16.42907639
       38     0.03635355   -16.43112140   -16.39476785   -16.52259836   -16.43112140
       39     0.03746598   -16.43224307   -16.39477709   -16.52310782   -16.43224307
       40     0.03752297   -16.43229467   -16.39477170   -16.52226965   -16.43229467
       41     0.03661244   -16.43136356   -16.39475112   -16.52022363   -16.43136356
       42     0.03504981   -16.42977141   -16.39472160   -16.51734286   -16.42977141
       43     0.03327979   -16.42797430   -16.39469451   -16.51413098   -16.42797430
       44     0.03169714   -16.42638031   -16.39468317   -16.51103956   -16.42638031
       45     0.03046196   -16.42515538   -16.39469342   -16.50827545   -16.42515538
       46     0.02942469   -16.42414298   -16.39471829   -16.50572240   -16.42414298
       47     0.02823168   -16.42297318   -16.39474150   -16.50305126   -16.42297318
       48     0.02656586   -16.42131188   -16.39474602   -16.49996854   -16.42131188
       49     0.02439135   -16.41911513   -16.39472378   -16.49646827   -16.41911513
       50     0.02206863   -16.41674880   -16.39468017   -16.49294813   -16.41674880
       51     0.02026924   -16.41490178   -16.39463254   -16.49011878   -16.41490178
       52     0.01971364   -16.41431622   -16.39460258   -16.48873131   -16.41431622
       53     0.02085487   -16.41545898   -16.39460411   -16.48924740   -16.41545898
       54     0.02367147   -16.41830807   -16.39463660   -16.49162642   -16.41830807
       55     0.02766443   -16.42235325   -16.39468882   -16.49532812   -16.42235325
       56     0.03201957   -16.42676579   -16.39474622   -16.49948578   -16.42676579
       57     0.03583884   -16.43063303   -16.39479419   -16.50314489   -16.43063303
       58     0.03837365   -16.43319377   -16.39482012   -16.50550275   -16.43319377
       59     0.03922303   -16.43403931   -16.39481628   -16.50611346   -16.43403931
       60     0.03844957   -16.43323324   -16.39478367   -16.50501048   -16.43323324
       61     0.03654856   -16.43128446   -16.39473590   -16.50268058   -16.43128446
       62     0.03424212   -16.42893594   -16.39469382   -16.49985136   -16.42893594
       63     0.03216741   -16.42684227   -16.39467486   -16.49716620   -16.42684227
       64     0.03062893   -16.42530963   -16.39468070   -16.49492070   -16.42530963
       65     0.02956456   -16.42426353   -16.39469897   -16.49302757   -16.42426353
       66     0.02871602   -16.42343012   -16.39471410   -16.49119687   -16.42343012
       67     0.02785121   -16.42256990   -16.39471869   -16.48917111   -16.42256990
       68     0.02688732   -16.42160149   -16.39471417   -16.48685253   -16.42160149
       69     0.02588836   -16.42059335   -16.39470499   -16.48429974   -16.42059335
       70     0.02500989   -16.41970355   -16.39469366   -16.48167227   -16.41970355
       71     0.02445627   -16.41913701   -16.39468074   -16.47919142   -16.41913701
       72     0.02445730   -16.41912565   -16.39466835   -16.47712176   -16.41912565
       73     0.02523110   -16.41989178   -16.39466068   -16.47573334   -16.41989178
       74     0.02691519   -16.42157786   -16.39466267   -16.47522721   -16.42157786
       75     0.02948758   -16.42416540   -16.39467782   -16.47564771   -16.42416540
       76     0.03271789   -16.42742378   -16.39470589   -16.47682331   -16.42742378
       77     0.03617566   -16.43091747   -16.39474181   -16.47836604   -16.43091747
       78     0.03931933   -16.43409360   -16.39477427   -16.47975238   -16.43409360
       79     0.04166144   -16.43645325   -16.39479181   -16.48049034   -16.43645325
       80     0.04292859   -16.43772009   -16.39479150   -16.48028718   -16.43772009
       81     0.04309965   -16.43788010   -16.39478045   -16.47909250   -16.43788010
       82     0.04231661   -16.43708267   -16.39476606   -16.47700681   -16.43708267
       83     0.04079193   -16.43553959   -16.39474766   -16.47419020   -16.43553959
       84     0.03880928   -16.43353024   -16.39472096   -16.47087661   -16.43353024
       85     0.03677357   -16.43145994   -16.39468637   -16.46743806   -16.43145994
       86     0.03519653   -16.42984863   -16.39465210   -16.46437504   -16.42984863
       87     0.03458017   -16.42920950   -16.39462933   -16.46219389   -16.42920950
       88     0.03525759   -16.42988343   -16.39462584   -16.46123844   -16.42988343
       89     0.03727456   -16.43191800   -16.39464344   -16.46156586   -16.43191800
       90     0.04036012   -16.43503806   -16.39467794   -16.46291474   -16.43503806
       91     0.04398971   -16.43871048   -16.39472077   -16.46476766   -16.43871048
       92     0.04752004   -16.44228059   -16.39476055   -16.46648580   -16.44228059
       93     0.05036388   -16.44514983   -16.39478595   -16.46748482   -16.44514983
       94     0.05216840   -16.44695576   -16.39478736   -16.46741420   -16.44695576
       95     0.05294908   -16.44771135   -16.39476227   -16.46629788   -16.44771135
       96     0.05311239   -16.44783241   -16.39472002   -16.46456579   -16.44783241
       97     0.05329617   -16.44797991   -16.39468374   -16.46290299   -16.44797991
       98     0.05402978   -16.44870910   -16.39467932   -16.46190620   -16.44870910
       99     0.05537131   -16.45008787   -16.39471656   -16.46170583   -16.45008787
      100     0.05678507   -16.45156244   -16.39477737   -16.46182476   -16.45156244
      101     0.05740282   -16.45222889   -16.39482607   -16.46142477   -16.45222889
      102     0.06496118   -16.45979465   -16.39483347   -16.45979465   -16.45136255
      103     0.06088186   -16.45569891   -16.39481705   -16.45569891   -16.44750993
      104     0.05585424   -16.45063005   -16.39477581   -16.45063005   -16.44159376
      105     0.05052556   -16.44523793   -16.39471237   -16.44523793   -16.43489339
      106     0.04585958   -16.44051012   -16.39465054   -16.44051012   -16.42884810
      107     0.04280435   -16.43741442   -16.39461007   -16.43741442   -16.42466735
      108     0.04198940   -16.43658962   -16.39460022   -16.43658962   -16.42310907
      109     0.04357149   -16.43819344   -16.39462195   -16.43819344   -16.42437959
      110     0.04721461   -16.44188479   -16.39467018   -16.44188479   -16.42813716
      111     0.05216949   -16.44690454   -16.39473505   -16.44690454   -16.43357784
      112     0.05743563   -16.45223819   -16.39480256   -16.45223819   -16.43959534
      113     0.05015366   -16.44500716   -16.39485350   -16.45685017   -16.44500716
      114     0.05407346   -16.44896536   -16.39489190   -16.45990806   -16.44896536
      115     0.05710209   -16.45199456   -16.39489247   -16.46177134   -16.45199456
      116     0.05927076   -16.45412638   -16.39485562   -16.46270750   -16.45412638
      117     0.06115746   -16.45596254   -16.39480508   -16.46366777   -16.45596254
      118     0.06352348   -16.45829897   -16.39477549   -16.46587043   -16.45829897
      119     0.06676360   -16.46155752   -16.39479392   -16.46995880   -16.46155752
      120     0.07048210   -16.46535037   -16.39486827   -16.47535622   -16.46535037
      121     0.07351189   -16.46847054   -16.39495865   -16.48050007   -16.46847054
      122     0.07449733   -16.46950769   -16.39501036   -16.48370497   -16.46950769
      123     0.07264327   -16.46764209   -16.39499882   -16.48398528   -16.46764209
      124     0.06808817   -16.46302294   -16.39493477   -16.48139656   -16.46302294
      125     0.06177938   -16.45662525   -16.39484587   -16.47686298   -16.45662525
      126     0.05507690   -16.44983549   -16.39475859   -16.47174572   -16.44983549
      127     0.04933770   -16.44402983   -16.39469213   -16.46740936   -16.44402983
      128     0.04560413   -16.44026194   -16.39465781   -16.46490030   -16.44026194
      129     0.04441536   -16.43907579   -16.39466043   -16.46475153   -16.43907579
      130     0.04572805   -16.44042658   -16.39469853   -16.46689833   -16.44042658
      131     0.04894761   -16.44371045   -16.39476284   -16.47070632   -16.44371045
      132     0.05308412   -16.44791998   -16.39483586   -16.47513030   -16.44791998
      133     0.05702975   -16.45192505   -16.39489530   -16.47900250   -16.45192505
      134     0.05990026   -16.45482263   -16.39492237   -16.48139251   -16.45482263
      135     0.06130792   -16.45622061   -16.39491269   -16.48190067   -16.45622061
      136     0.06141369   -16.45629386   -16.39488017   -16.48072011   -16.45629386
      137     0.06072592   -16.45557154   -16.39484562   -16.47842452   -16.45557154
      138     0.05979565   -16.45461871   -16.39482306   -16.47564380   -16.45461871
      139     0.05899144   -16.45381028   -16.39481884   -16.47282683   -16.45381028
      140     0.05839210   -16.45322752   -16.39483542   -16.47012306   -16.45322752
      141     0.05777098   -16.45263654   -16.39486556   -16.46734569   -16.45263654
      142     0.05673011   -16.45161794   -16.39488783   -16.46409069   -16.45161794
      143     0.05500088   -16.44988271   -16.39488183   -16.46005649   -16.44988271
      144     0.05272588   -16.44757344   -16.39484756   -16.45538366   -16.44757344
      145     0.05044919   -16.44526870   -16.39481951   -16.45080045   -16.44526870
      146     0.04864362   -16.44349919   -16.39485557   -16.44764157   -16.44349919
      147     0.04751842   -16.44230271   -16.39478429   -16.44740465   -16.44230271
      148     0.05511384   -16.44986807   -16.39475423   -16.44986807   -16.44216916
      149     0.06078564   -16.45561966   -16.39483402   -16.45561966   -16.44393877
      150     0.06734585   -16.46224151   -16.39489566   -16.46224151   -16.44562637
      151     0.07393193   -16.46886041   -16.39492848   -16.46886041   -16.44671358
      152     0.08008537   -16.47501056   -16.39492519   -16.47501056   -16.44694114
      153     0.08583477   -16.48073823   -16.39490346   -16.48073823   -16.44651529
      154     0.09143392   -16.48633481   -16.39490089   -16.48633481   -16.44586681
      155     0.09685236   -16.49179466   -16.39494230   -16.49179466   -16.44511328
      156     0.10145612   -16.49646773   -16.39501161   -16.49646773   -16.44370955
      157     0.10423875   -16.49930172   -16.39506297   -16.49930172   -16.44068506
      158     0.10445713   -16.49951687   -16.39505974   -16.49951687   -16.43531226
      159     0.10216401   -16.49716233   -16.39499832   -16.49716233   -16.42765530
      160     0.09827058   -16.49317720   -16.39490662   -16.49317720   -16.41862483
      161     0.09415822   -16.48898070   -16.39482248   -16.48898070   -16.40956701
      162     0.09112312   -16.48589637   -16.39477325   -16.48589637   -16.40169588
      163     0.08996001   -16.48472566   -16.39476565   -16.48472566   -16.39568638
      164     0.09083233   -16.48562335   -16.39479102   -16.48562335   -16.39157733
      165     0.09338128   -16.48821821   -16.39483693   -16.48821821   -16.38892313
      166     0.09692023   -16.49181277   -16.39489254   -16.49181277   -16.38702543
      167     0.10060857   -16.49555837   -16.39494980   -16.49555837   -16.38513717
      168     0.10360297   -16.49860199   -16.39499902   -16.49860199   -16.38264619
      169     0.10522090   -16.50024915   -16.39502825   -16.50024915   -16.37929955
      170     0.10518129   -16.50018646   -16.39500517   -16.50018646   -16.37539150
      171     0.10394025   -16.49886085   -16.39492060   -16.49886085   -16.37158595
      172     0.10265244   -16.49748995   -16.39483751   -16.49748995   -16.36858665
      173     0.10248778   -16.49728980   -16.39480202   -16.49728980   -16.36696646
      174     0.10391929   -16.49875305   -16.39483376   -16.49875305   -16.36676555
      175     0.10646386   -16.50137409   -16.39491023   -16.50137409   -16.36727653
      176     0.10900649   -16.50398930   -16.39498281   -16.50398930   -16.36734827
      177     0.11043987   -16.50546511   -16.39502524   -16.50546511   -16.36594763
      178     0.11008981   -16.50512492   -16.39503511   -16.50512492   -16.36258443
      179     0.10781279   -16.50283074   -16.39501795   -16.50283074   -16.35743724
      180     0.10395038   -16.49892555   -16.39497517   -16.49892555   -16.35128775
      181     0.09929014   -16.49419488   -16.39490474   -16.49419488   -16.34535993
      182     0.09501889   -16.48983656   -16.39481767   -16.48983656   -16.34107050
      183     0.09250549   -16.48725133   -16.39474584   -16.48725133   -16.33969587
      184     0.09282938   -16.48755637   -16.39472699   -16.48755637   -16.34201444
      185     0.09626222   -16.49104040   -16.39477818   -16.49104040   -16.34798057
      186     0.10204183   -16.49692487   -16.39488304   -16.49692487   -16.35659072
      187     0.10863760   -16.50363297   -16.39499537   -16.50363297   -16.36614206
      188     0.11443050   -16.50949294   -16.39506244   -16.50949294   -16.37488620
      189     0.11845246   -16.51351264   -16.39506018   -16.51351264   -16.38176533
      190     0.12071383   -16.51572577   -16.39501194   -16.51572577   -16.38674458
      191     0.12186044   -16.51683269   -16.39497225   -16.51683269   -16.39045880
      192     0.12243055   -16.51740711   -16.39497656   -16.51740711   -16.39343477
      193     0.12236634   -16.51737799   -16.39501165   -16.51737799   -16.39558433
      194     0.12116752   -16.51620433   -16.39503681   -16.51620433   -16.39637847
      195     0.11843003   -16.51345639   -16.39502636   -16.51345639   -16.39541680
      196     0.11423515   -16.50921874   -16.39498359   -16.50921874   -16.39281523
      197     0.10914634   -16.50407478   -16.39492844   -16.50407478   -16.38917730
      198     0.10394052   -16.49882170   -16.39488118   -16.49882170   -16.38530260
      199     0.09930993   -16.49416304   -16.39485311   -16.49416304   -16.38187786
      200     0.09567244   -16.49051963   -16.39484719   -16.49051963   -16.37929194
      201     0.09311597   -16.48797579   -16.39485982   -16.48797579   -16.37758945
      202     0.09144482   -16.48632867   -16.39488385   -16.48632867   -16.37653005
      203     0.09028736   -16.48519867   -16.39491131   -16.48519867   -16.37570708
      204     0.08923736   -16.48416888   -16.39493152   -16.48416888   -16.37469025
      205     0.08802146   -16.48295367   -16.39493221   -16.48295367   -16.37318895
      206     0.08668362   -16.48158755   -16.39490393   -16.48158755   -16.37122913
      207     0.08570582   -16.48055584   -16.39485002   -16.48055584   -16.36927276
      208     0.08591784   -16.48071372   -16.39479588   -16.48071372   -16.36813625
      209     0.08810986   -16.48288978   -16.39477992   -16.48288978   -16.36860326
      210     0.09249175   -16.48731797   -16.39482622   -16.48731797   -16.37087084
      211     0.09837501   -16.49329544   -16.39492043   -16.49329544   -16.37421954
      212     0.10439521   -16.49941077   -16.39501556   -16.49941077   -16.37725037
      213     0.10917112   -16.50423802   -16.39506690   -16.50423802   -16.37858255
      214     0.11193006   -16.50699292   -16.39506286   -16.50699292   -16.37751361
      215     0.11271687   -16.50773770   -16.39502083   -16.50773770   -16.37422935
      216     0.11217840   -16.50714613   -16.39496773   -16.50714613   -16.36958054
      217     0.11117018   -16.50609452   -16.39492434   -16.50609452   -16.36469505
      218     0.11041283   -16.50531765   -16.39490482   -16.50531765   -16.36066644
      219     0.11030307   -16.50521352   -16.39491045   -16.50521352   -16.35838122
      220     0.11090816   -16.50583033   -16.39492217   -16.50583033   -16.35838050
      221     0.11212130   -16.50705208   -16.39493078   -16.50705208   -16.36061007
      222     0.11371078   -16.50867311   -16.39496233   -16.50867311   -16.36430266
      223     0.11512308   -16.51014494   -16.39502186   -16.51014494   -16.36827486
      224     0.11545897   -16.51054116   -16.39508219   -16.51054116   -16.37126832
      225     0.11385431   -16.50895844   -16.39510413   -16.50895844   -16.37228311
      226     0.11005745   -16.50511245   -16.39505500   -16.50511245   -16.37104133
      227     0.10486017   -16.49979958   -16.39493941   -16.49979958   -16.36837000
      228     0.09997316   -16.49478831   -16.39481515   -16.49478831   -16.36605264
      229     0.09717625   -16.49194123   -16.39476498   -16.49194123   -16.36593595
      230     0.09717792   -16.49200696   -16.39482904   -16.49200696   -16.36872285
      231     0.09906982   -16.49403581   -16.39496599   -16.49403581   -16.37340070
      232     0.10088774   -16.49597469   -16.39508695   -16.49597469   -16.37785008
      233     0.10082741   -16.49595572   -16.39512831   -16.49595572   -16.38014491
      234     0.09816778   -16.49325430   -16.39508652   -16.49325430   -16.37951553
      235     0.09339879   -16.48839630   -16.39499751   -16.48839630   -16.37645479
      236     0.08775875   -16.48266138   -16.39490263   -16.48266138   -16.37221634
      237     0.08263665   -16.47746677   -16.39483012   -16.47746677   -16.36819510
      238     0.07912784   -16.47392076   -16.39479292   -16.47392076   -16.36548069
      239     0.07780013   -16.47259496   -16.39479483   -16.47259496   -16.36463771
      240     0.07862077   -16.47345311   -16.39483234   -16.47345311   -16.36564015
      241     0.08100526   -16.47590060   -16.39489534   -16.47590060   -16.36792295
      242     0.08399135   -16.47895600   -16.39496465   -16.47895600   -16.37055592
      243     0.08654651   -16.48156016   -16.39501365   -16.48156016   -16.37254909
      244     0.08795654   -16.48297834   -16.39502180   -16.48297834   -16.37325041
      245     0.08810993   -16.48310266   -16.39499273   -16.48310266   -16.37264272
      246     0.08741964   -16.48238175   -16.39496211   -16.48238175   -16.37125968
      247     0.08634365   -16.48130996   -16.39496631   -16.48130996   -16.36964290
      248     0.08491584   -16.47991526   -16.39499942   -16.47991526   -16.36778803
      249     0.08283817   -16.47784774   -16.39500957   -16.47784774   -16.36522412
      250     0.08011552   -16.47507569   -16.39496017   -16.47507569   -16.36176185
      251     0.07746302   -16.47234993   -16.39488691   -16.47234993   -16.35802202
      252     0.07583475   -16.47069713   -16.39486238   -16.47069713   -16.35496695
      253     0.07553184   -16.47043774   -16.39490590   -16.47043774   -16.35292633
      254     0.07596030   -16.47092627   -16.39496597   -16.47092627   -16.35132436
      255     0.07626410   -16.47125240   -16.39498830   -16.47125240   -16.34936009
      256     0.07604972   -16.47101458   -16.39496486   -16.47101458   -16.34675939
      257     0.07555500   -16.47047639   -16.39492139   -16.47047639   -16.34391374
      258     0.07532663   -16.47021566   -16.39488903   -16.47021566   -16.34151635
      259     0.07578774   -16.47067412   -16.39488638   -16.47067412   -16.34010444
      260     0.07696819   -16.47188187   -16.39491368   -16.47188187   -16.33977711
      261     0.07850412   -16.47345576   -16.39495164   -16.47345576   -16.34018831
      262     0.07993132   -16.47489715   -16.39496583   -16.47489715   -16.34084141
      263     0.08115311   -16.47608489   -16.39493178   -16.47608489   -16.34158250
      264     0.08271903   -16.47758762   -16.39486859   -16.47758762   -16.34291770
      265     0.08550821   -16.48034743   -16.39483922   -16.48034743   -16.34570664
      266     0.08988034   -16.48477494   -16.39489460   -16.48477494   -16.35026918
      267     0.09502319   -16.49004314   -16.39501995   -16.49004314   -16.35568946
      268     0.09916357   -16.49431397   -16.39515040   -16.49431397   -16.36005009
      269     0.10046034   -16.49568686   -16.39522652   -16.49568686   -16.36138396
      270     0.09790800   -16.49312153   -16.39521353   -16.49312153   -16.35859712
      271     0.09191099   -16.48700470   -16.39509371   -16.48700470   -16.35203534
      272     0.08447567   -16.47936685   -16.39489118   -16.47936685   -16.34370570
      273     0.07868664   -16.47339677   -16.39471013   -16.47339677   -16.33680473
      274     0.07717344   -16.47185097   -16.39467753   -16.47185097   -16.33414822
      275     0.08043582   -16.47524536   -16.39480954   -16.47524536   -16.33638300
      276     0.08663162   -16.48162612   -16.39499450   -16.48162612   -16.34176914
      277     0.09300670   -16.48812990   -16.39512320   -16.48812990   -16.34772655
      278     0.09743323   -16.49260524   -16.39517201   -16.49260524   -16.35237256
      279     0.09892323   -16.49409262   -16.39516939   -16.49409262   -16.35483683
      280     0.09734013   -16.49248337   -16.39514324   -16.49248337   -16.35482468
      281     0.09307676   -16.48816350   -16.39508674   -16.48816350   -16.35237249
      282     0.08713058   -16.48210656   -16.39497598   -16.48210656   -16.34810738
      283     0.08130062   -16.47612666   -16.39482604   -16.47612666   -16.34358901
      284     0.07784219   -16.47255730   -16.39471511   -16.47255730   -16.34099126
      285     0.07834148   -16.47306903   -16.39472755   -16.47306903   -16.34190319
      286     0.08260881   -16.47747096   -16.39486215   -16.47747096   -16.34611972
      287     0.08872979   -16.48375589   -16.39502610   -16.48375589   -16.35168096
      288     0.09431855   -16.48944456   -16.39512601   -16.48944456   -16.35620983
      289     0.09781928   -16.49295987   -16.39514059   -16.49295987   -16.35827550
      290     0.09888663   -16.49399641   -16.39510978   -16.49399641   -16.35774716
      291     0.09790736   -16.49299032   -16.39508296   -16.49299032   -16.35524749
      292     0.09535949   -16.49043189   -16.39507240   -16.49043189   -16.35144687
      293     0.09164155   -16.48668501   -16.39504346   -16.48668501   -16.34686563
      294     0.08750022   -16.48245204   -16.39495182   -16.48245204   -16.34232217
      295     0.08449287   -16.47931343   -16.39482056   -16.47931343   -16.33946191
      296     0.08450975   -16.47928033   -16.39477058   -16.47928033   -16.34030976
      297     0.08813105   -16.48303976   -16.39490871   -16.48303976   -16.34552497
      298     0.09333660   -16.48851491   -16.39517831   -16.48851491   -16.35297231
      299     0.09633811   -16.49173237   -16.39539426   -16.49173237   -16.35859168
      300     0.09410604   -16.48951325   -16.39540721   -16.48951325   -16.35908439
      301     0.08651775   -16.48171397   -16.39519622   -16.48171397   -16.35415306
      302     0.07667724   -16.47155402   -16.39487678   -16.47155402   -16.34684285
      303     0.06917434   -16.46382906   -16.39465472   -16.46382906   -16.34178178
      304     0.06715855   -16.46183718   -16.39467863   -16.46183718   -16.34213739
      305     0.07030465   -16.46520432   -16.39489967   -16.46520432   -16.34746250
      306     0.07543656   -16.47056315   -16.39512659   -16.47056315   -16.35437817
      307     0.07910043   -16.47431725   -16.39521682   -16.47431725   -16.35932536
      308     0.07965553   -16.47481957   -16.39516404   -16.47481957   -16.36072273
      309     0.07757851   -16.47261550   -16.39503699   -16.47261550   -16.35918650
      310     0.07459013   -16.46949387   -16.39490374   -16.46949387   -16.35656410
      311     0.07262710   -16.46743800   -16.39481090   -16.46743800   -16.35487545
      312     0.07308033   -16.46786743   -16.39478710   -16.46786743   -16.35555307
      313     0.07633549   -16.47117392   -16.39483843   -16.47117392   -16.35897962
      314     0.08168183   -16.47662426   -16.39494243   -16.47662426   -16.36439398
      315     0.08766542   -16.48271767   -16.39505225   -16.48271767   -16.37024953
      316     0.09278155   -16.48789934   -16.39511779   -16.48789934   -16.37492907
      317     0.09617884   -16.49129789   -16.39511905   -16.49129789   -16.37748355
      318     0.09790897   -16.49300063   -16.39509166   -16.49300063   -16.37791432
      319     0.09841855   -16.49351818   -16.39509963   -16.49351818   -16.37664760
      320     0.09777095   -16.49291056   -16.39513961   -16.49291056   -16.37367283
      321     0.09572649   -16.49084703   -16.39512054   -16.49084703   -16.36861355
      322     0.09278952   -16.48778770   -16.39499818   -16.48778770   -16.36192044
      323     0.09066018   -16.48552673   -16.39486655   -16.48552673   -16.35543268
      324     0.09102576   -16.48588330   -16.39485754   -16.48588330   -16.35109196
      325     0.09389343   -16.48887401   -16.39498058   -16.48887401   -16.34912480
      326     0.09744895   -16.49256498   -16.39511603   -16.49256498   -16.34778931
      327     0.09955246   -16.49471946   -16.39516700   -16.49471946   -16.34486114
      328     0.09914918   -16.49428235   -16.39513317   -16.49428235   -16.33928003
      329     0.09654040   -16.49159120   -16.39505080   -16.49159120   -16.33156393
      330     0.09286871   -16.48782752   -16.39495881   -16.48782752   -16.32313511
      331     0.08951942   -16.48439797   -16.39487855   -16.48439797   -16.31557974
      332     0.08778644   -16.48260003   -16.39481359   -16.48260003   -16.31029830
      333     0.08869078   -16.48347227   -16.39478149   -16.48347227   -16.30835597
      334     0.09269157   -16.48750612   -16.39481455   -16.48750612   -16.31023794
      335     0.09920342   -16.49416387   -16.39496045   -16.49416387   -16.31548201
      336     0.10573431   -16.50084594   -16.39511163   -16.50084594   -16.32337839
      337     0.10931466   -16.50462613   -16.39531147   -16.50462613   -16.33057098
      338     0.10776829   -16.50316986   -16.39540157   -16.50316986   -16.33301626
      339     0.10020546   -16.49549286   -16.39528740   -16.49549286   -16.32936461
      340     0.08868910   -16.48368977   -16.39500067   -16.48368977   -16.32137204
      341     0.07760692   -16.47232878   -16.39472186   -16.47232878   -16.31330661
      342     0.07110349   -16.46574350   -16.39464001   -16.46574350   -16.30927899
      343     0.07048086   -16.46525853   -16.39477767   -16.46525853   -16.31049748
      344     0.07383653   -16.46882834   -16.39499181   -16.46882834   -16.31491725
      345     0.07794601   -16.47307607   -16.39513006   -16.47307607   -16.31927156
      346     0.08016453   -16.47544157   -16.39527704   -16.47544157   -16.32374182
      347     0.07960064   -16.47483018   -16.39522954   -16.47483018   -16.32700001
      348     0.07675861   -16.47192151   -16.39516290   -16.47192151   -16.32792122
      349     0.07242754   -16.46752033   -16.39509279   -16.46752033   -16.32720934
      350     0.06754708   -16.46257316   -16.39502608   -16.46257316   -16.32573498
      351     0.06306693   -16.45803434   -16.39496741   -16.45803434   -16.32438155
      352     0.05986230   -16.45478030   -16.39491800   -16.45478030   -16.32396645
      353     0.05868201   -16.45356454   -16.39488253   -16.45356454   -16.32520216
      354     0.06004022   -16.45491849   -16.39487827   -16.45491849   -16.32859627
      355     0.06395040   -16.45888116   -16.39493076   -16.45888116   -16.33417429
      356     0.06960226   -16.46464831   -16.39504605   -16.46464831   -16.34111604
      357     0.07535565   -16.47053796   -16.39518231   -16.47053796   -16.34770740
      358     0.07936198   -16.47462780   -16.39526582   -16.47462780   -16.35196635
      359     0.08058893   -16.47583309   -16.39524416   -16.47583309   -16.35271799
      360     0.07953265   -16.47466101   -16.39512836   -16.47466101   -16.35035762
      361     0.07802173   -16.47301267   -16.39499094   -16.47301267   -16.34667351
      362     0.07814718   -16.47306866   -16.39492148   -16.47306866   -16.34376207
      363     0.08097363   -16.47594242   -16.39496879   -16.47594242   -16.34271527
      364     0.08585171   -16.48095932   -16.39510761   -16.48095932   -16.34293296
      365     0.09079331   -16.48604095   -16.39524764   -16.48604095   -16.34253155
      366     0.09373425   -16.48903111   -16.39529686   -16.48903111   -16.33967343
      367     0.09378570   -16.48902810   -16.39524240   -16.48902810   -16.33386955
      368     0.09147773   -16.48662629   -16.39514856   -16.48662629   -16.32615211
      369     0.08797860   -16.48305802   -16.39507942   -16.48305802   -16.31812336
      370     0.08422590   -16.47927525   -16.39504935   -16.47927525   -16.31096945
      371     0.08065840   -16.47569817   -16.39503977   -16.47569817   -16.30519481
      372     0.07740699   -16.47244224   -16.39503525   -16.47244224   -16.30087280
      373     0.07451932   -16.46955250   -16.39503318   -16.46955250   -16.29791868
      374     0.07204513   -16.46707750   -16.39503237   -16.46707750   -16.29620252
      375     0.07005443   -16.46508560   -16.39503117   -16.46508560   -16.29559571
      376     0.06864165   -16.46367418   -16.39503253   -16.46367418   -16.29600115
      377     0.06788192   -16.46292219   -16.39504027   -16.46292219   -16.29732107
      378     0.06779333   -16.46283928   -16.39504595   -16.46283928   -16.29941832
      379     0.06845511   -16.46348732   -16.39503221   -16.46348732   -16.30224755
      380     0.07017228   -16.46518608   -16.39501380   -16.46518608   -16.30606675
      381     0.07320637   -16.46825595   -16.39504958   -16.46825595   -16.31118065
      382     0.07703786   -16.47219893   -16.39516107   -16.47219893   -16.31711349
      383     0.08019972   -16.47545680   -16.39525708   -16.47545680   -16.32234936
      384     0.08143043   -16.47666776   -16.39523733   -16.47666776   -16.32556801
      385     0.08086786   -16.47601055   -16.39514269   -16.47601055   -16.32697816
      386     0.07958133   -16.47467409   -16.39509276   -16.47467409   -16.32778820
      387     0.07815671   -16.47326575   -16.39510904   -16.47326575   -16.32861991
      388     0.07635944   -16.47147518   -16.39511574   -16.47147518   -16.32917200
      389     0.07399836   -16.46906959   -16.39507123   -16.46906959   -16.32920852
      390     0.07149626   -16.46650384   -16.39500758   -16.46650384   -16.32916069
      391     0.06956553   -16.46453539   -16.39496986   -16.46453539   -16.32973679
      392     0.06861963   -16.46359476   -16.39497513   -16.46359476   -16.33129316
      393     0.06850797   -16.46352248   -16.39501451   -16.46352248   -16.33357719
      394     0.06862195   -16.46368962   -16.39506767   -16.46368962   -16.33585575
      395     0.06819283   -16.46330055   -16.39510772   -16.46330055   -16.33723094
      396     0.06670655   -16.46181215   -16.39510560   -16.46181215   -16.33705774
      397     0.06436601   -16.45940178   -16.39503577   -16.45940178   -16.33542718
      398     0.06237981   -16.45728527   -16.39490546   -16.45728527   -16.33348713
      399     0.06275678   -16.45753313   -16.39477635   -16.45753313   -16.33326761
      400     0.06733636   -16.46209045   -16.39475409   -16.46209045   -16.33670897
      401     0.07633205   -16.47123479   -16.39490274   -16.47123479   -16.34412594
      402     0.08755597   -16.48271039   -16.39515442   -16.48271039   -16.35334341
      403     0.09736841   -16.49273034   -16.39536193   -16.49273034   -16.36069213
      404     0.10267399   -16.49811198   -16.39543799   -16.49811198   -16.36312596
      405     0.10226516   -16.49765216   -16.39538700   -16.49765216   -16.35956928
      406     0.09694309   -16.49218362   -16.39524053   -16.49218362   -16.35094809
      407     0.08907827   -16.48410728   -16.39502901   -16.48410728   -16.33971591
      408     0.08197207   -16.47679722   -16.39482515   -16.47679722   -16.32927903
      409     0.07864778   -16.47339371   -16.39474593   -16.47339371   -16.32283768
      410     0.08026652   -16.47510585   -16.39483933   -16.47510585   -16.32175388
      411     0.08553812   -16.48055806   -16.39501994   -16.48055806   -16.32495507
      412     0.09183260   -16.48700059   -16.39516799   -16.48700059   -16.33011940
      413     0.09680574   -16.49204654   -16.39524080   -16.49204654   -16.33521757
      414     0.09911563   -16.49438362   -16.39526799   -16.49438362   -16.33898164
      415     0.09820809   -16.49348427   -16.39527618   -16.49348427   -16.34060936
      416     0.09403823   -16.48928559   -16.39524736   -16.48928559   -16.33963090
      417     0.08731060   -16.48244531   -16.39513471   -16.48244531   -16.33631601
      418     0.07999809   -16.47493244   -16.39493435   -16.47493244   -16.33232185
      419     0.07516827   -16.46992276   -16.39475449   -16.46992276   -16.33059548
      420     0.07538099   -16.47013199   -16.39475100   -16.47013199   -16.33370177
      421     0.08065754   -16.47560025   -16.39494271   -16.47560025   -16.34160436
      422     0.08826526   -16.48344331   -16.39517805   -16.48344331   -16.35141046
      423     0.09469075   -16.49000116   -16.39531041   -16.49000116   -16.35950385
      424     0.09770555   -16.49301961   -16.39531406   -16.49301961   -16.36370344
      425     0.09693381   -16.49217890   -16.39524509   -16.49217890   -16.36377015
      426     0.09318973   -16.48836086   -16.39517113   -16.48836086   -16.36066174
      427     0.08755225   -16.48267999   -16.39512774   -16.48267999   -16.35556161
      428     0.08087390   -16.47596857   -16.39509467   -16.47596857   -16.34936641
      429     0.07404348   -16.46905237   -16.39500889   -16.46905237   -16.34295916
      430     0.06873762   -16.46357900   -16.39484138   -16.46357900   -16.33802392
      431     0.06754515   -16.46224343   -16.39469828   -16.46224343   -16.33725387
      432     0.07240004   -16.46715492   -16.39475488   -16.46715492   -16.34271938
      433     0.08238874   -16.47741465   -16.39502591   -16.47741465   -16.35346673
      434     0.09365187   -16.48897440   -16.39532253   -16.48897440   -16.36539685
      435     0.10187966   -16.49733845   -16.39545879   -16.49733845   -16.37397020
      436     0.10495752   -16.50033885   -16.39538133   -16.50033885   -16.37697314
      437     0.10386529   -16.49902623   -16.39516094   -16.49902623   -16.37540361
      438     0.10162200   -16.49659111   -16.39496911   -16.49659111   -16.37239812
      439     0.10087614   -16.49583088   -16.39495474   -16.49583088   -16.37071158
      440     0.10191551   -16.49699973   -16.39508422   -16.49699973   -16.37057762
      441     0.10303916   -16.49823193   -16.39519277   -16.49823193   -16.37013443
      442     0.10262802   -16.49782045   -16.39519243   -16.49782045   -16.36770040
      443     0.10041915   -16.49554616   -16.39512701   -16.49554616   -16.36310253
      444     0.09712871   -16.49219219   -16.39506348   -16.49219219   -16.35719501
      445     0.09359569   -16.48861673   -16.39502104   -16.48861673   -16.35093816
      446     0.09044858   -16.48543406   -16.39498548   -16.48543406   -16.34508023
      447     0.08821476   -16.48316440   -16.39494964   -16.48316440   -16.34030101
      448     0.08739952   -16.48232546   -16.39492594   -16.48232546   -16.33728974
      449     0.08831663   -16.48325410   -16.39493747   -16.48325410   -16.33654830
      450     0.09077881   -16.48578165   -16.39500284   -16.48578165   -16.33804065
      451     0.09386603   -16.48898609   -16.39512006   -16.48898609   -16.34091268
      452     0.09606554   -16.49130191   -16.39523637   -16.49130191   -16.34357453
      453     0.09607088   -16.49133092   -16.39526004   -16.49133092   -16.34450111
      454     0.09400798   -16.48914222   -16.39513424   -16.48914222   -16.34354525
      455     0.09200688   -16.48694062   -16.39493374   -16.48694062   -16.34264450
      456     0.09304864   -16.48787168   -16.39482304   -16.48787168   -16.34468981
      457     0.09870931   -16.49360956   -16.39490025   -16.49360956   -16.35118609
      458     0.10776260   -16.50289227   -16.39512967   -16.50289227   -16.36083527
      459     0.11668799   -16.51206028   -16.39537229   -16.51206028   -16.37007404
      460     0.12171170   -16.51718385   -16.39547215   -16.51718385   -16.37515645
      461     0.12101152   -16.51639556   -16.39538404   -16.51639556   -16.37442069
      462     0.11543863   -16.51063064   -16.39519201   -16.51063064   -16.36897010
      463     0.10749854   -16.50250655   -16.39500801   -16.50250655   -16.36151797
      464     0.09977013   -16.49466947   -16.39489934   -16.49466947   -16.35472886
      465     0.09387871   -16.48874817   -16.39486946   -16.48874817   -16.35018722
      466     0.09035005   -16.48523294   -16.39488289   -16.48523294   -16.34829830
      467     0.08904351   -16.48394668   -16.39490317   -16.48394668   -16.34877981
      468     0.08965578   -16.48457048   -16.39491470   -16.48457048   -16.35120281
      469     0.09196287   -16.48688743   -16.39492456   -16.48688743   -16.35524687
      470     0.09574237   -16.49069606   -16.39495369   -16.49069606   -16.36062326
      471     0.10048970   -16.49551592   -16.39502622   -16.49551592   -16.36678729
      472     0.10512628   -16.50027506   -16.39514878   -16.50027506   -16.37262926
      473     0.10801152   -16.50329106   -16.39527954   -16.50329106   -16.37645522
      474     0.10761596   -16.50294041   -16.39532445   -16.50294041   -16.37665208
      475     0.10384861   -16.49904541   -16.39519680   -16.49904541   -16.37307072
      476     0.09898494   -16.49394240   -16.39495746   -16.49394240   -16.36809217
      477     0.09662071   -16.49143136   -16.39481065   -16.49143136   -16.36556896
      478     0.09892773   -16.49380744   -16.39487971   -16.49380744   -16.36783709
      479     0.10500943   -16.50009627   -16.39508684   -16.50009627   -16.37392759
      480     0.11179980   -16.50709250   -16.39529270   -16.50709250   -16.38059731
      481     0.11607626   -16.51146410   -16.39538784   -16.51146410   -16.38445013
      482     0.11613370   -16.51147096   -16.39533726   -16.51147096   -16.38368275
      483     0.11235137   -16.50754309   -16.39519172   -16.50754309   -16.37868497
      484     0.10657823   -16.50161162   -16.39503339   -16.50161162   -16.37138275
      485     0.10100725   -16.49592731   -16.39492006   -16.49592731   -16.36406140
      486     0.09729801   -16.49216860   -16.39487059   -16.49216860   -16.35847557
      487     0.09622856   -16.49110456   -16.39487600   -16.49110456   -16.35551329
      488     0.09775522   -16.49267255   -16.39491733   -16.49267255   -16.35526982
      489     0.10126107   -16.49624006   -16.39497899   -16.49624006   -16.35729338
      490     0.10578152   -16.50084199   -16.39506047   -16.50084199   -16.36079140
      491     0.11006368   -16.50523120   -16.39516752   -16.50523120   -16.36465490
      492     0.11260027   -16.50787779   -16.39527752   -16.50787779   -16.36744582
      493     0.11208058   -16.50739059   -16.39531001   -16.50739059   -16.36778247
      494     0.10853530   -16.50370714   -16.39517184   -16.50370714   -16.36548260
      495     0.10436429   -16.49927723   -16.39491294   -16.49927723   -16.36277492
      496     0.10332951   -16.49811267   -16.39478316   -16.49811267   -16.36343530
      497     0.10712512   -16.50210710   -16.39498198   -16.50210710   -16.36916755
      498     0.11308404   -16.50841335   -16.39532931   -16.50841335   -16.37701712
      499     0.11639638   -16.51191403   -16.39551765   -16.51191403   -16.38183544
      500     0.11425685   -16.50968478   -16.39542793   -16.50968478   -16.38071644
      501     0.10768176   -16.50285000   -16.39516824   -16.50285000   -16.37482644
      502     0.10014561   -16.49509233   -16.39494672   -16.49509233   -16.36790682
      503     0.09470227   -16.48961373   -16.39491146   -16.48961373   -16.36324825
      504     0.09198583   -16.48700397   -16.39501814   -16.48700397   -16.36157923
      505     0.09069428   -16.48579861   -16.39510433   -16.48579861   -16.36163407
      506     0.08960773   -16.48469463   -16.39508690   -16.48469463   -16.36233782
      507     0.08875514   -16.48377148   -16.39501634   -16.48377148   -16.36388904
      508     0.08886137   -16.48384975   -16.39498838   -16.48384975   -16.36693687
      509     0.09012789   -16.48517701   -16.39504912   -16.48517701   -16.37132891
      510     0.09162547   -16.48679775   -16.39517228   -16.48679775   -16.37574489
      511     0.09159611   -16.48690329   -16.39530718   -16.48690329   -16.37816168
      512     0.08825295   -16.48363530   -16.39538235   -16.48363530   -16.37661783
      513     0.08094117   -16.47623484   -16.39529367   -16.47623484   -16.37030491
      514     0.07151037   -16.46651135   -16.39500098   -16.46651135   -16.36100604
      515     0.06444148   -16.45913264   -16.39469116   -16.45913264   -16.35337786
      516     0.06402696   -16.45871095   -16.39468399   -16.45871095   -16.35203651
      517     0.07035982   -16.46534168   -16.39498186   -16.46534168   -16.35710010
      518     0.07930440   -16.47456724   -16.39526284   -16.47456724   -16.36415685
      519     0.08650614   -16.48185051   -16.39534437   -16.48185051   -16.36874500
      520     0.09014742   -16.48543557   -16.39528815   -16.48543557   -16.36921981
      521     0.09053172   -16.48575919   -16.39522747   -16.48575919   -16.36616514
      522     0.08843193   -16.48364615   -16.39521422   -16.48364615   -16.36058021
      523     0.08435344   -16.47954359   -16.39519015   -16.47954359   -16.35309428
      524     0.07922124   -16.47427757   -16.39505633   -16.47427757   -16.34468922
      525     0.07545124   -16.47027470   -16.39482346   -16.47027470   -16.33788584
      526     0.07646172   -16.47115068   -16.39468896   -16.47115068   -16.33632254
      527     0.08404997   -16.47886546   -16.39481549   -16.47886546   -16.34194010
      528     0.09643481   -16.49152947   -16.39509466   -16.49152947   -16.35283323
      529     0.10952693   -16.50485788   -16.39533095   -16.50485788   -16.36472525
      530     0.11947887   -16.51496211   -16.39548324   -16.51496211   -16.37374661
      531     0.12369035   -16.51926385   -16.39557350   -16.51926385   -16.37731790
      532     0.12095888   -16.51648719   -16.39552831   -16.51648719   -16.37411693
      533     0.11242778   -16.50768590   -16.39525812   -16.50768590   -16.36510362
      534     0.10229346   -16.49718342   -16.39488996   -16.49718342   -16.35448397
      535     0.09575235   -16.49049665   -16.39474430   -16.49049665   -16.34767167
      536     0.09482177   -16.48976534   -16.39494357   -16.48976534   -16.34675142
      537     0.09688212   -16.49210534   -16.39522322   -16.49210534   -16.34884437
      538     0.09785524   -16.49318541   -16.39533017   -16.49318541   -16.34967003
      539     0.09573912   -16.49098700   -16.39524788   -16.49098700   -16.34728233
      540     0.09121791   -16.48631122   -16.39509331   -16.48631122   -16.34255374
      541     0.08626176   -16.48122199   -16.39496023   -16.48122199   -16.33760175
      542     0.08274509   -16.47762982   -16.39488473   -16.47762982   -16.33436097
      543     0.08179849   -16.47666945   -16.39487096   -16.47666945   -16.33395529
      544     0.08365773   -16.47857349   -16.39491576   -16.47857349   -16.33657608
      545     0.08769218   -16.48270768   -16.39501550   -16.48270768   -16.34153096
      546     0.09250398   -16.48765898   -16.39515500   -16.48765898   -16.34734565
      547     0.09628116   -16.49155631   -16.39527515   -16.49155631   -16.35209026
      548     0.09765989   -16.49295537   -16.39529548   -16.49295537   -16.35426144
      549     0.09670938   -16.49192008   -16.39521070   -16.49192008   -16.35385815
      550     0.09482857   -16.48997623   -16.39514766   -16.48997623   -16.35233430
      551     0.09317035   -16.48836011   -16.39518976   -16.48836011   -16.35085609
      552     0.09174098   -16.48694376   -16.39520278   -16.48694376   -16.34924203
      553     0.09085921   -16.48592638   -16.39506717   -16.48592638   -16.34766559
      554     0.09231287   -16.48725521   -16.39494234   -16.48725521   -16.34807745
      555     0.09737321   -16.49242158   -16.39504837   -16.49242158   -16.35199628
      556     0.10433958   -16.49963152   -16.39529194   -16.49963152   -16.35767451
      557     0.10955961   -16.50501143   -16.39545182   -16.50501143   -16.36129892
      558     0.11034425   -16.50578598   -16.39544173   -16.50578598   -16.36016514
      559     0.10633869   -16.50165844   -16.39531975   -16.50165844   -16.35405484
      560     0.09897732   -16.49414047   -16.39516315   -16.49414047   -16.34456279
      561     0.09040935   -16.48542949   -16.39502014   -16.48542949   -16.33397387
      562     0.08273442   -16.47764485   -16.39491043   -16.47764485   -16.32450168
      563     0.07762346   -16.47246335   -16.39483989   -16.47246335   -16.31792698
      564     0.07616038   -16.47097351   -16.39481313   -16.47097351   -16.31544900
      565     0.07875554   -16.47359303   -16.39483749   -16.47359303   -16.31759278
      566     0.08502524   -16.47994984   -16.39492460   -16.47994984   -16.32407495
      567     0.09361659   -16.48870562   -16.39508903   -16.48870562   -16.33361207
      568     0.10208943   -16.49741170   -16.39532227   -16.49741170   -16.34376214
      569     0.10722351   -16.50277099   -16.39554748   -16.50277099   -16.35117262
      570     0.10627540   -16.50188604   -16.39561064   -16.50188604   -16.35281800
      571     0.09907640   -16.49446920   -16.39539280   -16.49446920   -16.34821240
      572     0.08933690   -16.48433786   -16.39500096   -16.48433786   -16.34092923
      573     0.08288630   -16.47764035   -16.39475405   -16.47764035   -16.33687339
      574     0.08333455   -16.47820345   -16.39486890   -16.47820345   -16.33968065
      575     0.08924237   -16.48443167   -16.39518930   -16.48443167   -16.34765379
      576     0.09602823   -16.49142880   -16.39540057   -16.49142880   -16.35588658
      577     0.10008710   -16.49549081   -16.39540371   -16.49549081   -16.36072670
      578     0.10052553   -16.49583439   -16.39530886   -16.49583439   -16.36146785
      579     0.09806862   -16.49329987   -16.39523125   -16.49329987   -16.35902482
      580     0.09356004   -16.48874313   -16.39518309   -16.48874313   -16.35431385
      581     0.08760091   -16.48273045   -16.39512954   -16.48273045   -16.34794812
      582     0.08091290   -16.47596536   -16.39505246   -16.47596536   -16.34066859
      583     0.07457089   -16.46953395   -16.39496306   -16.46953395   -16.33359069
      584     0.06985545   -16.46473793   -16.39488248   -16.46473793   -16.32802182
      585     0.06803578   -16.46280581   -16.39477003   -16.46280581   -16.32501701
      586     0.06885970   -16.46404530   -16.39518560   -16.46404530   -16.32644475
      587     0.07216519   -16.46746570   -16.39530051   -16.46746570   -16.33309548
      588     0.07764752   -16.47311546   -16.39546794   -16.47311546   -16.34152357
      589     0.08292980   -16.47858994   -16.39566014   -16.47858994   -16.34939489
      590     0.08548799   -16.48127682   -16.39578883   -16.48127682   -16.35402544
      591     0.08395267   -16.47970558   -16.39575291   -16.47970558   -16.35377478
      592     0.07935854   -16.47491999   -16.39556145   -16.47491999   -16.34946326
      593     0.07482978   -16.47020026   -16.39537048   -16.47020026   -16.34414611
      594     0.07336663   -16.46870065   -16.39533402   -16.46870065   -16.34080510
      595     0.07574648   -16.47119727   -16.39545079   -16.47119727   -16.34013786
      596     0.08039042   -16.47601094   -16.39562052   -16.47601094   -16.34051374
      597     0.08480528   -16.48052511   -16.39571983   -16.48052511   -16.33953220
      598     0.08719712   -16.48296825   -16.39577113   -16.48296825   -16.33621068
      599     0.08706949   -16.48265830   -16.39558881   -16.48265830   -16.33235515
      600     0.08559771   -16.48109588   -16.39549817   -16.48109588   -16.32890015
