#    Step     Kinetic(H)     Potential(H)   Total(H)       E(0)(H)        E(1)(H)        
        0     0.01428323   -16.40434916   -16.39006593   -16.54627079   -16.40434916
        1     0.01793710   -16.40805408   -16.39011698   -16.54917188   -16.40805408
        2     0.02259780   -16.41278259   -16.39018479   -16.55269534   -16.41278259
        3     0.02722151   -16.41747367   -16.39025216   -16.55590846   -16.41747367
        4     0.03078626   -16.42108540   -16.39029914   -16.55785378   -16.42108540
        5     0.03260169   -16.42290902   -16.39030733   -16.55782588   -16.42290902
        6     0.03256085   -16.42283307   -16.39027222   -16.55560554   -16.42283307
        7     0.03120796   -16.42141613   -16.39020817   -16.55153948   -16.42141613
        8     0.02951047   -16.41965940   -16.39014893   -16.54641387   -16.41965940
        9     0.02838532   -16.41851059   -16.39012527   -16.54113434   -16.41851059
       10     0.02825151   -16.41839544   -16.39014393   -16.53630162   -16.41839544
       11     0.02888101   -16.41907195   -16.39019094   -16.53191892   -16.41907195
       12     0.02958816   -16.41982880   -16.39024064   -16.52748115   -16.41982880
       13     0.02961644   -16.41988487   -16.39026843   -16.52237152   -16.41988487
       14     0.02851051   -16.41877371   -16.39026320   -16.51626362   -16.41877371
       15     0.02629200   -16.41652296   -16.39023096   -16.50930517   -16.41652296
       16     0.02340120   -16.41358710   -16.39018590   -16.50204706   -16.41358710
       17     0.02049000   -16.41063337   -16.39014337   -16.49522490   -16.41063337
       18     0.01819344   -16.40830756   -16.39011412   -16.48952292   -16.40830756
       19     0.01696099   -16.40706363   -16.39010264   -16.48540436   -16.40706363
       20     0.01697545   -16.40708391   -16.39010846   -16.48303553   -16.40708391
       21     0.01815584   -16.40828333   -16.39012749   -16.48229617   -16.40828333
       22     0.02022224   -16.41037489   -16.39015265   -16.48285278   -16.41037489
       23     0.02280278   -16.41297899   -16.39017621   -16.48427734   -16.41297899
       24     0.02555312   -16.41574546   -16.39019234   -16.48617920   -16.41574546
       25     0.02824032   -16.41844089   -16.39020057   -16.48830071   -16.41844089
       26     0.03074813   -16.42095363   -16.39020550   -16.49052726   -16.42095363
       27     0.03300835   -16.42322078   -16.39021243   -16.49281427   -16.42322078
       28     0.03493731   -16.42515661   -16.39021930   -16.49511061   -16.42515661
       29     0.03645816   -16.42667755   -16.39021939   -16.49737423   -16.42667755
       30     0.03757447   -16.42778680   -16.39021233   -16.49964550   -16.42778680
       31     0.03837409   -16.42858071   -16.39020662   -16.50204278   -16.42858071
       32     0.03892363   -16.42913381   -16.39021018   -16.50463885   -16.42913381
       33     0.03916642   -16.42938775   -16.39022133   -16.50734451   -16.42938775
       34     0.03894364   -16.42917443   -16.39023079   -16.50992952   -16.42917443
       35     0.03811779   -16.42834802   -16.39023023   -16.51215605   -16.42834802
       36     0.03668100   -16.42690097   -16.39021997   -16.51389914   -16.42690097
       37     0.03476624   -16.42497167   -16.39020543   -16.51516212   -16.42497167
       38     0.03257398   -16.42276705   -16.39019307   -16.51600908   -16.42276705
       39     0.03028720   -16.42047231   -16.39018511   -16.51648593   -16.42047231
       40     0.02804498   -16.41822251   -16.39017753   -16.51660316   -16.41822251
       41     0.02599826   -16.41616135   -16.39016309   -16.51640417   -16.41616135
       42     0.02441059   -16.41454768   -16.39013709   -16.51607885   -16.41454768
       43     0.02370517   -16.41381119   -16.39010602   -16.51602264   -16.41381119
       44     0.02434731   -16.41443798   -16.39009067   -16.51672122   -16.41443798
       45     0.02654127   -16.41665568   -16.39011441   -16.51843136   -16.41665568
       46     0.02990848   -16.42009061   -16.39018213   -16.52083114   -16.42009061
       47     0.03344100   -16.42370908   -16.39026808   -16.52295435   -16.42370908
       48     0.03588781   -16.42621569   -16.39032788   -16.52358317   -16.42621569
       49     0.03637939   -16.42670959   -16.39033020   -16.52190081   -16.42670959
       50     0.03487848   -16.42515466   -16.39027618   -16.51795911   -16.42515466
       51     0.03217106   -16.42236746   -16.39019640   -16.51266433   -16.42236746
       52     0.02943048   -16.41956001   -16.39012953   -16.50731786   -16.41956001
       53     0.02765563   -16.41775556   -16.39009993   -16.50302953   -16.41775556
       54     0.02730726   -16.41741535   -16.39010809   -16.50034091   -16.41741535
       55     0.02827250   -16.41841193   -16.39013943   -16.49919439   -16.41841193
       56     0.03005713   -16.42023538   -16.39017825   -16.49913347   -16.42023538
       57     0.03202145   -16.42223624   -16.39021479   -16.49954039   -16.42223624
       58     0.03355512   -16.42379797   -16.39024285   -16.49980542   -16.42379797
       59     0.03420079   -16.42445589   -16.39025510   -16.49944535   -16.42445589
       60     0.03378018   -16.42402216   -16.39024198   -16.49823157   -16.42402216
       61     0.03251955   -16.42271964   -16.39020009   -16.49633064   -16.42271964
       62     0.03107552   -16.42121683   -16.39014131   -16.49434729   -16.42121683
       63     0.03032649   -16.42042205   -16.39009556   -16.49312720   -16.42042205
       64     0.03093274   -16.42102599   -16.39009325   -16.49330541   -16.42102599
       65     0.03291178   -16.42305245   -16.39014067   -16.49485985   -16.42305245
       66     0.03555610   -16.42576939   -16.39021329   -16.49702211   -16.42576939
       67     0.03777584   -16.42805146   -16.39027562   -16.49863704   -16.42805146
       68     0.03861216   -16.42891634   -16.39030418   -16.49869599   -16.42891634
       69     0.03760614   -16.42789955   -16.39029341   -16.49670978   -16.42789955
       70     0.03490988   -16.42515807   -16.39024819   -16.49281289   -16.42515807
       71     0.03121156   -16.42139172   -16.39018016   -16.48768770   -16.42139172
       72     0.02754829   -16.41765623   -16.39010794   -16.48238191   -16.41765623
       73     0.02500650   -16.41506373   -16.39005723   -16.47801210   -16.41506373
       74     0.02434375   -16.41439311   -16.39004936   -16.47537459   -16.41439311
       75     0.02568321   -16.41577082   -16.39008761   -16.47462269   -16.41577082
       76     0.02846868   -16.41862231   -16.39015363   -16.47521260   -16.41862231
       77     0.03172574   -16.42194441   -16.39021867   -16.47617066   -16.42194441
       78     0.03448808   -16.42474486   -16.39025678   -16.47652964   -16.42474486
       79     0.03618914   -16.42644358   -16.39025444   -16.47572824   -16.42644358
       80     0.03686630   -16.42708184   -16.39021554   -16.47382045   -16.42708184
       81     0.03709076   -16.42725361   -16.39016285   -16.47140656   -16.42725361
       82     0.03762722   -16.42775521   -16.39012799   -16.46928329   -16.42775521
       83     0.03899329   -16.42912162   -16.39012833   -16.46798157   -16.42912162
       84     0.04119878   -16.43135631   -16.39015753   -16.46749862   -16.43135631
       85     0.04382283   -16.43401743   -16.39019460   -16.46738800   -16.43401743
       86     0.04630192   -16.43652471   -16.39022279   -16.46707128   -16.43652471
       87     0.04818234   -16.43841968   -16.39023734   -16.46610313   -16.43841968
       88     0.04921346   -16.43945505   -16.39024159   -16.46426583   -16.43945505
       89     0.04931614   -16.43955655   -16.39024041   -16.46153659   -16.43955655
       90     0.04850918   -16.43874755   -16.39023837   -16.45801825   -16.43874755
       91     0.04685111   -16.43708689   -16.39023578   -16.45388437   -16.43708689
       92     0.04443697   -16.43466540   -16.39022843   -16.44937899   -16.43466540
       93     0.04146433   -16.43167230   -16.39020797   -16.44486394   -16.43167230
       94     0.03833331   -16.42850364   -16.39017033   -16.44085896   -16.42850364
       95     0.03567071   -16.42579630   -16.39012559   -16.43797251   -16.42579630
       96     0.03416657   -16.42426241   -16.39009584   -16.43670545   -16.42426241
       97     0.03428140   -16.42437597   -16.39009457   -16.43723301   -16.42437597
       98     0.03606679   -16.42618252   -16.39011573   -16.43933136   -16.42618252
       99     0.03923377   -16.42937918   -16.39014541   -16.44250959   -16.42937918
      100     0.04332224   -16.43350104   -16.39017880   -16.44619759   -16.43350104
      101     0.04777798   -16.43799568   -16.39021770   -16.44980446   -16.43799568
      102     0.05196555   -16.44222064   -16.39025509   -16.45269687   -16.44222064
      103     0.05528712   -16.44556167   -16.39027455   -16.45429872   -16.44556167
      104     0.05741312   -16.44767841   -16.39026529   -16.45431925   -16.44767841
      105     0.05843230   -16.44866580   -16.39023350   -16.45290007   -16.44866580
      106     0.05877683   -16.44897728   -16.39020045   -16.45053800   -16.44897728
      107     0.05759647   -16.44780293   -16.39020646   -16.44927994   -16.44780293
      108     0.05539804   -16.44557594   -16.39017790   -16.44974151   -16.44557594
      109     0.05397326   -16.44414478   -16.39017152   -16.45075366   -16.44414478
      110     0.05343815   -16.44361720   -16.39017905   -16.45243977   -16.44361720
      111     0.05367410   -16.44387274   -16.39019864   -16.45471674   -16.44387274
      112     0.05436745   -16.44459502   -16.39022757   -16.45730745   -16.44459502
      113     0.05507073   -16.44532884   -16.39025811   -16.45979004   -16.44532884
      114     0.05533234   -16.44560953   -16.39027719   -16.46172230   -16.44560953
      115     0.05489662   -16.44516682   -16.39027020   -16.46284282   -16.44516682
      116     0.05390665   -16.44413817   -16.39023152   -16.46328420   -16.44413817
      117     0.05296691   -16.44314055   -16.39017364   -16.46364703   -16.44314055
      118     0.05293370   -16.44306102   -16.39012732   -16.46479487   -16.44306102
      119     0.05446076   -16.44458556   -16.39012480   -16.46738935   -16.44458556
      120     0.05755270   -16.44772784   -16.39017514   -16.47142583   -16.44772784
      121     0.06144900   -16.45170473   -16.39025573   -16.47611457   -16.45170473
      122     0.06494988   -16.45527737   -16.39032749   -16.48022429   -16.45527737
      123     0.06697847   -16.45733814   -16.39035967   -16.48266777   -16.45733814
      124     0.06703936   -16.45738253   -16.39034317   -16.48296902   -16.45738253
      125     0.06535426   -16.45564686   -16.39029260   -16.48139530   -16.45564686
      126     0.06266884   -16.45290169   -16.39023285   -16.47874516   -16.45290169
      127     0.05988714   -16.45007370   -16.39018656   -16.47596645   -16.45007370
      128     0.05773291   -16.44789715   -16.39016424   -16.47380461   -16.44789715
      129     0.05657582   -16.44674036   -16.39016454   -16.47262661   -16.44674036
      130     0.05643673   -16.44661631   -16.39017958   -16.47242907   -16.44661631
      131     0.05709489   -16.44729623   -16.39020134   -16.47295023   -16.44729623
      132     0.05821613   -16.44843894   -16.39022281   -16.47379946   -16.44843894
      133     0.05947664   -16.44971286   -16.39023622   -16.47458182   -16.44971286
      134     0.06068646   -16.45092167   -16.39023521   -16.47503037   -16.45092167
      135     0.06187552   -16.45209656   -16.39022104   -16.47510797   -16.45209656
      136     0.06325787   -16.45346514   -16.39020727   -16.47498782   -16.45346514
      137     0.06503756   -16.45524844   -16.39021088   -16.47486141   -16.45524844
      138     0.06717578   -16.45741237   -16.39023659   -16.47469804   -16.45741237
      139     0.06932793   -16.45959813   -16.39027020   -16.47418058   -16.45959813
      140     0.07102053   -16.46131533   -16.39029480   -16.47290575   -16.46131533
      141     0.07187818   -16.46218823   -16.39031005   -16.47066027   -16.46218823
      142     0.07722178   -16.46756990   -16.39034812   -16.46756990   -16.46195921
      143     0.07473521   -16.46499911   -16.39026390   -16.46499911   -16.45990963
      144     0.07353287   -16.46390020   -16.39036733   -16.46390020   -16.45574344
      145     0.07299153   -16.46336771   -16.39037618   -16.46336771   -16.45061150
      146     0.07289118   -16.46324807   -16.39035689   -16.46324807   -16.44520258
      147     0.07348224   -16.46382193   -16.39033969   -16.46382193   -16.44001679
      148     0.07499981   -16.46534089   -16.39034108   -16.46534089   -16.43540947
      149     0.07741852   -16.46778167   -16.39036315   -16.46778167   -16.43144384
      150     0.08042419   -16.47081793   -16.39039374   -16.47081793   -16.42787879
      151     0.08358505   -16.47400043   -16.39041538   -16.47400043   -16.42434844
      152     0.08660573   -16.47702098   -16.39041525   -16.47702098   -16.42062422
      153     0.08950321   -16.47989785   -16.39039464   -16.47989785   -16.41680173
      154     0.09258209   -16.48295278   -16.39037069   -16.48295278   -16.41328135
      155     0.09619831   -16.48656221   -16.39036390   -16.48656221   -16.41052058
      156     0.10045674   -16.49084176   -16.39038502   -16.49084176   -16.40871618
      157     0.10505952   -16.49548555   -16.39042603   -16.49548555   -16.40763835
      158     0.10940693   -16.49987656   -16.39046963   -16.49987656   -16.40673620
      159     0.11285600   -16.50335604   -16.39050004   -16.50335604   -16.40540379
      160     0.11495635   -16.50546620   -16.39050985   -16.50546620   -16.40321995
      161     0.11556385   -16.50606323   -16.39049938   -16.50606323   -16.40005727
      162     0.11484222   -16.50531478   -16.39047256   -16.50531478   -16.39607351
      163     0.11319846   -16.50363415   -16.39043569   -16.50363415   -16.39164199
      164     0.11118064   -16.50157799   -16.39039735   -16.50157799   -16.38725089
      165     0.10934517   -16.49971194   -16.39036677   -16.49971194   -16.38337710
      166     0.10810894   -16.49846188   -16.39035294   -16.49846188   -16.38034930
      167     0.10763131   -16.49799085   -16.39035954   -16.49799085   -16.37823796
      168     0.10778594   -16.49816669   -16.39038075   -16.49816669   -16.37683413
      169     0.10825441   -16.49865760   -16.39040319   -16.49865760   -16.37575253
      170     0.10871692   -16.49912939   -16.39041247   -16.49912939   -16.37463370
      171     0.10905315   -16.49945471   -16.39040156   -16.49945471   -16.37335697
      172     0.10943635   -16.49981224   -16.39037589   -16.49981224   -16.37214588
      173     0.11024407   -16.50059610   -16.39035203   -16.50059610   -16.37146909
      174     0.11182271   -16.50216872   -16.39034601   -16.50216872   -16.37174892
      175     0.11425660   -16.50461970   -16.39036310   -16.50461970   -16.37307255
      176     0.11729552   -16.50768946   -16.39039394   -16.50768946   -16.37511538
      177     0.12047928   -16.51090326   -16.39042398   -16.51090326   -16.37732066
      178     0.12335807   -16.51379969   -16.39044162   -16.51379969   -16.37917007
      179     0.12565731   -16.51610286   -16.39044555   -16.51610286   -16.38037470
      180     0.12731400   -16.51775509   -16.39044109   -16.51775509   -16.38090943
      181     0.12841415   -16.51884745   -16.39043330   -16.51884745   -16.38093288
      182     0.12910692   -16.51953216   -16.39042524   -16.51953216   -16.38068252
      183     0.12955253   -16.51997020   -16.39041767   -16.51997020   -16.38040244
      184     0.12990324   -16.52031391   -16.39041067   -16.52031391   -16.38030860
      185     0.13029033   -16.52069609   -16.39040576   -16.52069609   -16.38056850
      186     0.13079448   -16.52120086   -16.39040638   -16.52120086   -16.38127197
      187     0.13139849   -16.52181360   -16.39041511   -16.52181360   -16.38238773
      188     0.13195772   -16.52238716   -16.39042944   -16.52238716   -16.38373807
      189     0.13224728   -16.52268749   -16.39044021   -16.52268749   -16.38504990
      190     0.13208550   -16.52252634   -16.39044084   -16.52252634   -16.38608943
      191     0.13142126   -16.52185694   -16.39043568   -16.52185694   -16.38675853
      192     0.13027827   -16.52071394   -16.39043567   -16.52071394   -16.38703701
      193     0.12861561   -16.51906101   -16.39044540   -16.51906101   -16.38683462
      194     0.12627658   -16.51673366   -16.39045708   -16.51673366   -16.38593857
      195     0.12309483   -16.51355348   -16.39045865   -16.51355348   -16.38413004
      196     0.11906209   -16.50950540   -16.39044331   -16.50950540   -16.38136139
      197     0.11442922   -16.50484135   -16.39041213   -16.50484135   -16.37785729
      198     0.10969212   -16.50006467   -16.39037255   -16.50006467   -16.37409698
      199     0.10547992   -16.49581458   -16.39033466   -16.49581458   -16.37069709
      200     0.10239675   -16.49270524   -16.39030849   -16.49270524   -16.36825066
      201     0.10086244   -16.49116437   -16.39030193   -16.49116437   -16.36716688
      202     0.10099258   -16.49131019   -16.39031761   -16.49131019   -16.36755001
      203     0.10255437   -16.49290699   -16.39035262   -16.49290699   -16.36915689
      204     0.10502049   -16.49541838   -16.39039789   -16.49541838   -16.37145165
      205     0.10772619   -16.49816435   -16.39043816   -16.49816435   -16.37376356
      206     0.11009979   -16.50055662   -16.39045683   -16.50055662   -16.37552134
      207     0.11189933   -16.50234351   -16.39044418   -16.50234351   -16.37649618
      208     0.11333233   -16.50374029   -16.39040796   -16.50374029   -16.37692830
      209     0.11492325   -16.50529797   -16.39037472   -16.50529797   -16.37739058
      210     0.11712640   -16.50749913   -16.39037273   -16.50749913   -16.37838115
      211     0.11993185   -16.51034033   -16.39040848   -16.51034033   -16.37990737
      212     0.12278140   -16.51324331   -16.39046191   -16.51324331   -16.38140503
      213     0.12484994   -16.51535550   -16.39050556   -16.51535550   -16.38205039
      214     0.12544619   -16.51596931   -16.39052312   -16.51596931   -16.38118867
      215     0.12427167   -16.51478424   -16.39051257   -16.51478424   -16.37859994
      216     0.12147155   -16.51195165   -16.39048010   -16.51195165   -16.37453990
      217     0.11754823   -16.50798291   -16.39043468   -16.50798291   -16.36964003
      218     0.11321214   -16.50359923   -16.39038709   -16.50359923   -16.36474622
      219     0.10921408   -16.49956150   -16.39034742   -16.49956150   -16.36073982
      220     0.10618366   -16.49650778   -16.39032412   -16.49650778   -16.35837073
      221     0.10448835   -16.49481070   -16.39032235   -16.49481070   -16.35811217
      222     0.10414888   -16.49449163   -16.39034275   -16.49449163   -16.36005827
      223     0.10484998   -16.49522764   -16.39037766   -16.49522764   -16.36387505
      224     0.10604500   -16.49646157   -16.39041657   -16.49646157   -16.36883421
      225     0.10710704   -16.49755852   -16.39045148   -16.49755852   -16.37398380
      226     0.10747751   -16.49795212   -16.39047461   -16.49795212   -16.37841452
      227     0.10679552   -16.49727531   -16.39047979   -16.49727531   -16.38149900
      228     0.10499779   -16.49546076   -16.39046297   -16.49546076   -16.38301884
      229     0.10237287   -16.49279796   -16.39042509   -16.49279796   -16.38319461
      230     0.09952117   -16.48990027   -16.39037910   -16.48990027   -16.38261481
      231     0.09712701   -16.48748006   -16.39035305   -16.48748006   -16.38198356
      232     0.09555836   -16.48592798   -16.39036962   -16.48592798   -16.38168830
      233     0.09457160   -16.48499173   -16.39042013   -16.48499173   -16.38147913
      234     0.09343983   -16.48390785   -16.39046802   -16.48390785   -16.38060441
      235     0.09144714   -16.48192850   -16.39048136   -16.48192850   -16.37834001
      236     0.08834151   -16.47879690   -16.39045539   -16.47879690   -16.37446386
      237     0.08443434   -16.47484140   -16.39040706   -16.47484140   -16.36935075
      238     0.08038258   -16.47074090   -16.39035832   -16.47074090   -16.36374525
      239     0.07687918   -16.46720402   -16.39032484   -16.46720402   -16.35845879
      240     0.07442113   -16.46473370   -16.39031257   -16.46473370   -16.35416366
      241     0.07320839   -16.46352717   -16.39031878   -16.46352717   -16.35131280
      242     0.07317398   -16.46350746   -16.39033348   -16.46350746   -16.35011720
      243     0.07410768   -16.46445562   -16.39034794   -16.46445562   -16.35051082
      244     0.07576552   -16.46612772   -16.39036220   -16.46612772   -16.35215413
      245     0.07789155   -16.46827053   -16.39037898   -16.46827053   -16.35453565
      246     0.08020737   -16.47060448   -16.39039711   -16.47060448   -16.35710466
      247     0.08243329   -16.47284704   -16.39041375   -16.47284704   -16.35936240
      248     0.08432214   -16.47475061   -16.39042847   -16.47475061   -16.36090829
      249     0.08566237   -16.47610473   -16.39044236   -16.47610473   -16.36143492
      250     0.08627048   -16.47672096   -16.39045048   -16.47672096   -16.36070865
      251     0.08605053   -16.47649422   -16.39044369   -16.47649422   -16.35862877
      252     0.08510765   -16.47552765   -16.39042000   -16.47552765   -16.35535040
      253     0.08376089   -16.47415480   -16.39039391   -16.47415480   -16.35130212
      254     0.08236739   -16.47274936   -16.39038197   -16.47274936   -16.34698902
      255     0.08110874   -16.47149479   -16.39038605   -16.47149479   -16.34275214
      256     0.07996057   -16.47035390   -16.39039333   -16.47035390   -16.33872578
      257     0.07884652   -16.46923842   -16.39039190   -16.46923842   -16.33499266
      258     0.07778459   -16.46816690   -16.39038231   -16.46816690   -16.33172519
      259     0.07689763   -16.46726937   -16.39037174   -16.46726937   -16.32917457
      260     0.07632700   -16.46669249   -16.39036549   -16.46669249   -16.32756028
      261     0.07616852   -16.46653054   -16.39036202   -16.46653054   -16.32699124
      262     0.07649374   -16.46684919   -16.39035545   -16.46684919   -16.32748803
      263     0.07741564   -16.46776032   -16.39034468   -16.46776032   -16.32906680
      264     0.07909105   -16.46942961   -16.39033856   -16.46942961   -16.33176604
      265     0.08158483   -16.47193669   -16.39035186   -16.47193669   -16.33553256
      266     0.08466594   -16.47505772   -16.39039178   -16.47505772   -16.34002529
      267     0.08772688   -16.47817375   -16.39044687   -16.47817375   -16.34453861
      268     0.08995193   -16.48044609   -16.39049416   -16.48044609   -16.34818207
      269     0.09064124   -16.48115782   -16.39051658   -16.48115782   -16.35021672
      270     0.08946532   -16.47997689   -16.39051157   -16.47997689   -16.35030842
      271     0.08652479   -16.47700947   -16.39048468   -16.47700947   -16.34856907
      272     0.08228454   -16.47272375   -16.39043921   -16.47272375   -16.34546997
      273     0.07750333   -16.46788203   -16.39037870   -16.46788203   -16.34176751
      274     0.07313656   -16.46345535   -16.39031879   -16.46345535   -16.33841618
      275     0.07008375   -16.46037040   -16.39028665   -16.46037040   -16.33631767
      276     0.06881165   -16.45911126   -16.39029961   -16.45911126   -16.33592701
      277     0.06912853   -16.45947513   -16.39034660   -16.45947513   -16.33701143
      278     0.07033633   -16.46073435   -16.39039802   -16.46073435   -16.33881366
      279     0.07164679   -16.46207611   -16.39042932   -16.46207611   -16.34048958
      280     0.07255318   -16.46298436   -16.39043118   -16.46298436   -16.34148762
      281     0.07299534   -16.46340077   -16.39040543   -16.46340077   -16.34170675
      282     0.07334937   -16.46370950   -16.39036013   -16.46370950   -16.34148022
      283     0.07429250   -16.46460441   -16.39031191   -16.46460441   -16.34144495
      284     0.07652919   -16.46681602   -16.39028683   -16.46681602   -16.34227473
      285     0.08041330   -16.47072012   -16.39030682   -16.47072012   -16.34429854
      286     0.08564350   -16.47601635   -16.39037285   -16.47601635   -16.34719190
      287     0.09126026   -16.48172026   -16.39046000   -16.48172026   -16.34998186
      288     0.09600891   -16.48654015   -16.39053124   -16.48654015   -16.35143556
      289     0.09886688   -16.48942711   -16.39056023   -16.48942711   -16.35061761
      290     0.09943020   -16.48997383   -16.39054363   -16.48997383   -16.34728998
      291     0.09796827   -16.48846708   -16.39049881   -16.48846708   -16.34195629
      292     0.09517777   -16.48562796   -16.39045019   -16.48562796   -16.33558487
      293     0.09183589   -16.48224839   -16.39041250   -16.48224839   -16.32921942
      294     0.08857403   -16.47896004   -16.39038601   -16.47896004   -16.32371818
      295     0.08584665   -16.47621159   -16.39036494   -16.47621159   -16.31970199
      296     0.08397915   -16.47433163   -16.39035248   -16.47433163   -16.31759357
      297     0.08312078   -16.47348263   -16.39036185   -16.47348263   -16.31755664
      298     0.08308219   -16.47348296   -16.39040077   -16.47348296   -16.31931465
      299     0.08326511   -16.47371919   -16.39045408   -16.47371919   -16.32207286
      300     0.08291320   -16.47339734   -16.39048414   -16.47339734   -16.32479170
      301     0.08162740   -16.47208791   -16.39046051   -16.47208791   -16.32676443
      302     0.07975733   -16.47014818   -16.39039085   -16.47014818   -16.32807761
      303     0.07827752   -16.46859798   -16.39032046   -16.46859798   -16.32952301
      304     0.07815747   -16.46845535   -16.39029788   -16.46845535   -16.33195960
      305     0.07970154   -16.47003586   -16.39033432   -16.47003586   -16.33562318
      306     0.08239164   -16.47279028   -16.39039864   -16.47279028   -16.33995629
      307     0.08529947   -16.47574975   -16.39045028   -16.47574975   -16.34403261
      308     0.08765935   -16.47812744   -16.39046809   -16.47812744   -16.34713333
      309     0.08920213   -16.47965434   -16.39045221   -16.47965434   -16.34906030
      310     0.09017398   -16.48058820   -16.39041422   -16.48058820   -16.35013078
      311     0.09116213   -16.48153344   -16.39037131   -16.48153344   -16.35099179
      312     0.09282385   -16.48316814   -16.39034429   -16.48316814   -16.35234912
      313     0.09557574   -16.48592561   -16.39034987   -16.48592561   -16.35465473
      314     0.09936378   -16.48975158   -16.39038780   -16.48975158   -16.35787067
      315     0.10367277   -16.49411150   -16.39043873   -16.49411150   -16.36148160
      316     0.10780339   -16.49827923   -16.39047584   -16.49827923   -16.36478452
      317     0.11123381   -16.50171952   -16.39048571   -16.50171952   -16.36726570
      318     0.11380307   -16.50428077   -16.39047770   -16.50428077   -16.36877848
      319     0.11558794   -16.50606320   -16.39047526   -16.50606320   -16.36939115
      320     0.11658973   -16.50708367   -16.39049394   -16.50708367   -16.36904053
      321     0.11653992   -16.50706339   -16.39052347   -16.50706339   -16.36733353
      322     0.11504958   -16.50558463   -16.39053505   -16.50558463   -16.36373631
      323     0.11198744   -16.50249898   -16.39051154   -16.50249898   -16.35801434
      324     0.10771092   -16.49817497   -16.39046405   -16.49817497   -16.35050244
      325     0.10291633   -16.49333720   -16.39042087   -16.49333720   -16.34195781
      326     0.09826926   -16.48866654   -16.39039728   -16.48866654   -16.33316361
      327     0.09416757   -16.48455609   -16.39038852   -16.48455609   -16.32468013
      328     0.09078064   -16.48116312   -16.39038248   -16.48116312   -16.31688401
      329     0.08820080   -16.47857578   -16.39037498   -16.47857578   -16.31011822
      330     0.08652164   -16.47688915   -16.39036751   -16.47688915   -16.30474778
      331     0.08583611   -16.47619724   -16.39036113   -16.47619724   -16.30112868
      332     0.08622842   -16.47658352   -16.39035510   -16.47658352   -16.29957110
      333     0.08777623   -16.47812749   -16.39035126   -16.47812749   -16.30031663
      334     0.09050939   -16.48086717   -16.39035778   -16.48086717   -16.30347590
      335     0.09429905   -16.48468269   -16.39038364   -16.48468269   -16.30889945
      336     0.09874650   -16.48917439   -16.39042789   -16.48917439   -16.31605942
      337     0.10320569   -16.49368129   -16.39047560   -16.49368129   -16.32408713
      338     0.10699537   -16.49750050   -16.39050513   -16.49750050   -16.33202447
      339     0.10968385   -16.50018900   -16.39050515   -16.50018900   -16.33916988
      340     0.11124575   -16.50172636   -16.39048061   -16.50172636   -16.34530013
      341     0.11198754   -16.50243593   -16.39044839   -16.50243593   -16.35060757
      342     0.11229461   -16.50272529   -16.39043068   -16.50272529   -16.35537811
      343     0.11232385   -16.50276479   -16.39044094   -16.50276479   -16.35965357
      344     0.11184433   -16.50231487   -16.39047054   -16.50231487   -16.36309459
      345     0.11037400   -16.50086999   -16.39049599   -16.50086999   -16.36514683
      346     0.10751931   -16.49801429   -16.39049498   -16.49801429   -16.36539570
      347     0.10328403   -16.49374516   -16.39046113   -16.49374516   -16.36387509
      348     0.09815965   -16.48856563   -16.39040598   -16.48856563   -16.36114074
      349     0.09296037   -16.48331138   -16.39035101   -16.48331138   -16.35808008
      350     0.08850796   -16.47882440   -16.39031644   -16.47882440   -16.35557427
      351     0.08534019   -16.47565016   -16.39030997   -16.47565016   -16.35418913
      352     0.08358888   -16.47391390   -16.39032502   -16.47391390   -16.35404990
      353     0.08306457   -16.47341164   -16.39034707   -16.47341164   -16.35493323
      354     0.08345913   -16.47382317   -16.39036404   -16.47382317   -16.35648234
      355     0.08451179   -16.47488716   -16.39037537   -16.47488716   -16.35838480
      356     0.08603117   -16.47642006   -16.39038889   -16.47642006   -16.36039455
      357     0.08779917   -16.47820989   -16.39041072   -16.47820989   -16.36222939
      358     0.08951270   -16.47994534   -16.39043264   -16.47994534   -16.36350470
      359     0.09090252   -16.48133791   -16.39043539   -16.48133791   -16.36386228
      360     0.09198164   -16.48238879   -16.39040715   -16.48238879   -16.36324658
      361     0.09318155   -16.48354231   -16.39036076   -16.48354231   -16.36207096
      362     0.09514521   -16.48547762   -16.39033241   -16.48547762   -16.36102490
      363     0.09823697   -16.48859027   -16.39035330   -16.48859027   -16.36057300
      364     0.10213486   -16.49255693   -16.39042207   -16.49255693   -16.36053846
      365     0.10585854   -16.49636405   -16.39050551   -16.49636405   -16.36014942
      366     0.10823010   -16.49879474   -16.39056464   -16.49879474   -16.35852712
      367     0.10843109   -16.49900893   -16.39057784   -16.49900893   -16.35521248
      368     0.10632470   -16.49686969   -16.39054499   -16.49686969   -16.35038313
      369     0.10242788   -16.49291321   -16.39048533   -16.49291321   -16.34475105
      370     0.09766171   -16.48807997   -16.39041826   -16.48807997   -16.33930183
      371     0.09306349   -16.48342585   -16.39036236   -16.48342585   -16.33490104
      372     0.08943490   -16.47977962   -16.39034472   -16.47977962   -16.33198702
      373     0.08708016   -16.47743503   -16.39035487   -16.47743503   -16.33061007
      374     0.08587219   -16.47624881   -16.39037662   -16.47624881   -16.33051001
      375     0.08548487   -16.47588158   -16.39039671   -16.47588158   -16.33126267
      376     0.08559197   -16.47600090   -16.39040893   -16.47600090   -16.33246484
      377     0.08596961   -16.47638383   -16.39041422   -16.47638383   -16.33383849
      378     0.08650004   -16.47691537   -16.39041533   -16.47691537   -16.33523415
      379     0.08714351   -16.47755727   -16.39041376   -16.47755727   -16.33661396
      380     0.08790105   -16.47832193   -16.39042088   -16.47832193   -16.33809112
      381     0.08867336   -16.47911675   -16.39044339   -16.47911675   -16.34003914
      382     0.08935186   -16.47977590   -16.39042404   -16.47977590   -16.34276577
      383     0.09003970   -16.48045464   -16.39041494   -16.48045464   -16.34604562
      384     0.09083970   -16.48125800   -16.39041830   -16.48125800   -16.34962423
      385     0.09165690   -16.48209368   -16.39043678   -16.48209368   -16.35324583
      386     0.09218163   -16.48264704   -16.39046541   -16.48264704   -16.35651698
      387     0.09197613   -16.48246429   -16.39048816   -16.48246429   -16.35894757
      388     0.09070947   -16.48119656   -16.39048709   -16.48119656   -16.36018360
      389     0.08839433   -16.47885279   -16.39045846   -16.47885279   -16.36025228
      390     0.08544855   -16.47586133   -16.39041278   -16.47586133   -16.35961545
      391     0.08254368   -16.47291267   -16.39036899   -16.47291267   -16.35900290
      392     0.08032961   -16.47067432   -16.39034471   -16.47067432   -16.35911927
      393     0.07916927   -16.46951881   -16.39034954   -16.46951881   -16.36036613
      394     0.07900474   -16.46938324   -16.39037850   -16.46938324   -16.36269898
      395     0.07941670   -16.46983292   -16.39041622   -16.46983292   -16.36569011
      396     0.07984818   -16.47029213   -16.39044395   -16.47029213   -16.36875962
      397     0.07988117   -16.47032926   -16.39044809   -16.47032926   -16.37145925
      398     0.07942494   -16.46985432   -16.39042938   -16.46985432   -16.37366745
      399     0.07871422   -16.46911708   -16.39040286   -16.46911708   -16.37558552
      400     0.07810221   -16.46849163   -16.39038942   -16.46849163   -16.37752340
      401     0.07777271   -16.46817321   -16.39040050   -16.46817321   -16.37960138
      402     0.07759252   -16.46801841   -16.39042589   -16.46801841   -16.38159761
      403     0.07723981   -16.46768229   -16.39044248   -16.46768229   -16.38309149
      404     0.07651120   -16.46694466   -16.39043346   -16.46694466   -16.38379366
      405     0.07554420   -16.46594735   -16.39040315   -16.46594735   -16.38378521
      406     0.07476147   -16.46513446   -16.39037299   -16.46513446   -16.38345994
      407     0.07458116   -16.46494560   -16.39036444   -16.46494560   -16.38322068
      408     0.07512787   -16.46550902   -16.39038115   -16.46550902   -16.38317544
      409     0.07617645   -16.46658460   -16.39040815   -16.46658460   -16.38308069
      410     0.07735306   -16.46777807   -16.39042501   -16.46777807   -16.38255251
      411     0.07840546   -16.46882892   -16.39042346   -16.46882892   -16.38134863
      412     0.07933701   -16.46974663   -16.39040962   -16.46974663   -16.37949852
      413     0.08033640   -16.47073349   -16.39039709   -16.47073349   -16.37722250
      414     0.08158598   -16.47198416   -16.39039818   -16.47198416   -16.37473214
      415     0.08309676   -16.47351063   -16.39041387   -16.47351063   -16.37206474
      416     0.08469514   -16.47512817   -16.39043303   -16.47512817   -16.36909148
      417     0.08617706   -16.47661775   -16.39044069   -16.47661775   -16.36571743
      418     0.08750488   -16.47793612   -16.39043124   -16.47793612   -16.36212735
      419     0.08887144   -16.47928505   -16.39041361   -16.47928505   -16.35882789
      420     0.09054938   -16.48095656   -16.39040718   -16.48095656   -16.35635479
      421     0.09260814   -16.48303641   -16.39042827   -16.48303641   -16.35485998
      422     0.09472167   -16.48519171   -16.39047004   -16.48519171   -16.35395075
      423     0.09628019   -16.48678533   -16.39050514   -16.48678533   -16.35292661
      424     0.09676994   -16.48727818   -16.39050824   -16.48727818   -16.35123728
      425     0.09613282   -16.48660776   -16.39047494   -16.48660776   -16.34885634
      426     0.09483646   -16.48525957   -16.39042311   -16.48525957   -16.34632539
      427     0.09361633   -16.48399662   -16.39038029   -16.48399662   -16.34445521
      428     0.09308107   -16.48344790   -16.39036683   -16.48344790   -16.34389382
      429     0.09343195   -16.48381482   -16.39038287   -16.48381482   -16.34482539
      430     0.09444927   -16.48486205   -16.39041278   -16.48486205   -16.34696401
      431     0.09570845   -16.48614554   -16.39043709   -16.48614554   -16.34979341
      432     0.09684455   -16.48729146   -16.39044691   -16.48729146   -16.35285950
      433     0.09769183   -16.48813727   -16.39044544   -16.48813727   -16.35592245
      434     0.09824982   -16.48869120   -16.39044138   -16.48869120   -16.35892322
      435     0.09855961   -16.48900118   -16.39044157   -16.48900118   -16.36185138
      436     0.09861525   -16.48906020   -16.39044495   -16.48906020   -16.36464540
      437     0.09837175   -16.48881791   -16.39044616   -16.48881791   -16.36719672
      438     0.09780412   -16.48824868   -16.39044456   -16.48824868   -16.36941200
      439     0.09691477   -16.48736029   -16.39044552   -16.48736029   -16.37122125
      440     0.09567323   -16.48612486   -16.39045163   -16.48612486   -16.37251301
      441     0.09399482   -16.48445136   -16.39045654   -16.48445136   -16.37311490
      442     0.09182424   -16.48227631   -16.39045207   -16.48227631   -16.37289262
      443     0.08923130   -16.47967052   -16.39043922   -16.47967052   -16.37186240
      444     0.08640682   -16.47683012   -16.39042330   -16.47683012   -16.37018571
      445     0.08360211   -16.47400606   -16.39040395   -16.47400606   -16.36810100
      446     0.08113105   -16.47150718   -16.39037613   -16.47150718   -16.36592898
      447     0.07942867   -16.46976873   -16.39034006   -16.46976873   -16.36414204
      448     0.07902459   -16.46933343   -16.39030884   -16.46933343   -16.36334453
      449     0.08034911   -16.47065093   -16.39030182   -16.47065093   -16.36406627
      450     0.08346777   -16.47379730   -16.39032953   -16.47379730   -16.36646986
      451     0.08794144   -16.47832623   -16.39038479   -16.47832623   -16.37018528
      452     0.09293522   -16.48338110   -16.39044588   -16.48338110   -16.37440592
      453     0.09752832   -16.48801816   -16.39048984   -16.48801816   -16.37820094
      454     0.10106973   -16.49156937   -16.39049964   -16.49156937   -16.38087760
      455     0.10342738   -16.49389969   -16.39047231   -16.49389969   -16.38224569
      456     0.10502315   -16.49544638   -16.39042323   -16.49544638   -16.38267061
      457     0.10658910   -16.49697244   -16.39038334   -16.49697244   -16.38284301
      458     0.10870840   -16.49909110   -16.39038270   -16.49909110   -16.38331710
      459     0.11139687   -16.50182378   -16.39042691   -16.50182378   -16.38408037
      460     0.11403002   -16.50452055   -16.39049053   -16.50452055   -16.38447855
      461     0.11568615   -16.50622416   -16.39053801   -16.50622416   -16.38357854
      462     0.11565316   -16.50620064   -16.39054748   -16.50620064   -16.38069305
      463     0.11375949   -16.50428078   -16.39052129   -16.50428078   -16.37571341
      464     0.11036225   -16.50084154   -16.39047929   -16.50084154   -16.36908308
      465     0.10606441   -16.49651022   -16.39044581   -16.49651022   -16.36149509
      466     0.10138271   -16.49181324   -16.39043053   -16.49181324   -16.35353677
      467     0.09660062   -16.48702489   -16.39042427   -16.48702489   -16.34553639
      468     0.09188015   -16.48229007   -16.39040992   -16.48229007   -16.33768559
      469     0.08747650   -16.47785830   -16.39038180   -16.47785830   -16.33027418
      470     0.08380917   -16.47416112   -16.39035195   -16.47416112   -16.32376849
      471     0.08129819   -16.47163738   -16.39033919   -16.47163738   -16.31863789
      472     0.08012454   -16.47047367   -16.39034913   -16.47047367   -16.31509596
      473     0.08016042   -16.47052859   -16.39036817   -16.47052859   -16.31302621
      474     0.08113813   -16.47151730   -16.39037917   -16.47151730   -16.31216960
      475     0.08286597   -16.47324735   -16.39038138   -16.47324735   -16.31236712
      476     0.08525142   -16.47563983   -16.39038841   -16.47563983   -16.31359025
      477     0.08813407   -16.47854456   -16.39041049   -16.47854456   -16.31576437
      478     0.09115588   -16.48159825   -16.39044237   -16.48159825   -16.31862778
      479     0.09383751   -16.48430817   -16.39047066   -16.48430817   -16.32179869
      480     0.09577782   -16.48626328   -16.39048546   -16.48626328   -16.32495015
      481     0.09678381   -16.48726989   -16.39048608   -16.48726989   -16.32790354
      482     0.09687845   -16.48735467   -16.39047622   -16.48735467   -16.33060836
      483     0.09626088   -16.48671843   -16.39045755   -16.48671843   -16.33310200
      484     0.09527500   -16.48570679   -16.39043179   -16.48570679   -16.33550520
      485     0.09435451   -16.48476215   -16.39040764   -16.48476215   -16.33801119
      486     0.09387981   -16.48427925   -16.39039944   -16.48427925   -16.34078391
      487     0.09397302   -16.48439004   -16.39041702   -16.48439004   -16.34377547
      488     0.09437555   -16.48482919   -16.39045364   -16.48482919   -16.34660384
      489     0.09455084   -16.48503890   -16.39048806   -16.48503890   -16.34865392
      490     0.09398952   -16.48448698   -16.39049746   -16.48448698   -16.34938674
      491     0.09253404   -16.48300695   -16.39047291   -16.48300695   -16.34867122
      492     0.09051377   -16.48093877   -16.39042500   -16.48093877   -16.34691807
      493     0.08859008   -16.47897046   -16.39038038   -16.47897046   -16.34491330
      494     0.08737405   -16.47774029   -16.39036624   -16.47774029   -16.34340700
      495     0.08704304   -16.47743433   -16.39039129   -16.47743433   -16.34269128
      496     0.08722342   -16.47766083   -16.39043741   -16.47766083   -16.34245460
      497     0.08723566   -16.47771063   -16.39047497   -16.47771063   -16.34203124
      498     0.08651077   -16.47699546   -16.39048469   -16.47699546   -16.34084328
      499     0.08487264   -16.47534060   -16.39046796   -16.47534060   -16.33870692
      500     0.08254843   -16.47298576   -16.39043733   -16.47298576   -16.33584514
      501     0.07998780   -16.47039499   -16.39040719   -16.47039499   -16.33270375
      502     0.07766003   -16.46804539   -16.39038536   -16.46804539   -16.32973972
      503     0.07593405   -16.46630623   -16.39037218   -16.46630623   -16.32729687
      504     0.07505304   -16.46541802   -16.39036498   -16.46541802   -16.32558403
      505     0.07515925   -16.46552218   -16.39036293   -16.46552218   -16.32470979
      506     0.07629240   -16.46666319   -16.39037079   -16.46666319   -16.32469532
      507     0.07832826   -16.46872302   -16.39039476   -16.46872302   -16.32542012
      508     0.08090827   -16.47134156   -16.39043329   -16.47134156   -16.32654903
      509     0.08348841   -16.47395777   -16.39046936   -16.47395777   -16.32757518
      510     0.08558745   -16.47606628   -16.39047883   -16.47606628   -16.32808093
      511     0.08710593   -16.47755871   -16.39045278   -16.47755871   -16.32809251
      512     0.08841728   -16.47883082   -16.39041354   -16.47883082   -16.32819790
      513     0.09005017   -16.48044943   -16.39039926   -16.48044943   -16.32919098
      514     0.09217518   -16.48260269   -16.39042751   -16.48260269   -16.33143913
      515     0.09436827   -16.48484629   -16.39047802   -16.48484629   -16.33453163
      516     0.09588964   -16.48640242   -16.39051278   -16.48640242   -16.33756039
      517     0.09621759   -16.48672605   -16.39050846   -16.48672605   -16.33975509
      518     0.09539152   -16.48586087   -16.39046935   -16.48586087   -16.34092300
      519     0.09397033   -16.48438692   -16.39041659   -16.48438692   -16.34144613
      520     0.09273995   -16.48311117   -16.39037122   -16.48311117   -16.34198930
      521     0.09240055   -16.48274652   -16.39034597   -16.48274652   -16.34318149
      522     0.09336750   -16.48371114   -16.39034364   -16.48371114   -16.34541984
      523     0.09570007   -16.48606226   -16.39036219   -16.48606226   -16.34880058
      524     0.09912098   -16.48951832   -16.39039734   -16.48951832   -16.35313751
      525     0.10309538   -16.49353604   -16.39044066   -16.49353604   -16.35802363
      526     0.10695376   -16.49743643   -16.39048267   -16.49743643   -16.36291532
      527     0.11003935   -16.50055355   -16.39051420   -16.50055355   -16.36723565
      528     0.11184947   -16.50237807   -16.39052860   -16.50237807   -16.37049122
      529     0.11213560   -16.50266035   -16.39052475   -16.50266035   -16.37237865
      530     0.11093499   -16.50144160   -16.39050661   -16.50144160   -16.37283829
      531     0.10851316   -16.49899636   -16.39048320   -16.49899636   -16.37202571
      532     0.10523124   -16.49569463   -16.39046339   -16.49569463   -16.37020047
      533     0.10142144   -16.49186980   -16.39044836   -16.49186980   -16.36761463
      534     0.09735629   -16.48778991   -16.39043362   -16.48778991   -16.36449629
      535     0.09329646   -16.48371290   -16.39041644   -16.48371290   -16.36110657
      536     0.08951036   -16.47991155   -16.39040119   -16.47991155   -16.35775571
      537     0.08622870   -16.47662026   -16.39039156   -16.47662026   -16.35473195
      538     0.08360809   -16.47399299   -16.39038490   -16.47399299   -16.35224155
      539     0.08176429   -16.47214011   -16.39037582   -16.47214011   -16.35043408
      540     0.08084450   -16.47120674   -16.39036224   -16.47120674   -16.34948017
      541     0.08105816   -16.47140529   -16.39034713   -16.47140529   -16.34960848
      542     0.08262993   -16.47296774   -16.39033781   -16.47296774   -16.35106196
      543     0.08569611   -16.47603720   -16.39034109   -16.47603720   -16.35400381
      544     0.09020117   -16.48056185   -16.39036068   -16.48056185   -16.35842780
      545     0.09585063   -16.48624482   -16.39039419   -16.48624482   -16.36411865
      546     0.10215073   -16.49258390   -16.39043317   -16.49258390   -16.37068923
      547     0.10852749   -16.49899395   -16.39046646   -16.49899395   -16.37768198
      548     0.11447760   -16.50496442   -16.39048682   -16.50496442   -16.38467755
      549     0.11966797   -16.51016481   -16.39049684   -16.51016481   -16.39133083
      550     0.12390215   -16.51440974   -16.39050759   -16.51440974   -16.39729731
      551     0.12698286   -16.51751058   -16.39052772   -16.51751058   -16.40212370
      552     0.12862788   -16.51917827   -16.39055039   -16.51917827   -16.40523627
      553     0.12856390   -16.51912337   -16.39055947   -16.51912337   -16.40610397
      554     0.12672645   -16.51727218   -16.39054573   -16.51727218   -16.40447628
      555     0.12336292   -16.51387892   -16.39051600   -16.51387892   -16.40049488
      556     0.11893261   -16.50941863   -16.39048602   -16.50941863   -16.39458425
      557     0.11390301   -16.50436842   -16.39046541   -16.50436842   -16.38723731
      558     0.10861078   -16.49906441   -16.39045363   -16.49906441   -16.37888147
      559     0.10326493   -16.49370856   -16.39044363   -16.49370856   -16.36989513
      560     0.09804099   -16.48847019   -16.39042920   -16.48847019   -16.36070088
      561     0.09317038   -16.48357894   -16.39040856   -16.48357894   -16.35181585
      562     0.08895983   -16.47934625   -16.39038642   -16.47934625   -16.34380516
      563     0.08572972   -16.47609969   -16.39036997   -16.47609969   -16.33716714
      564     0.08370231   -16.47406870   -16.39036639   -16.47406870   -16.33222317
      565     0.08290554   -16.47328297   -16.39037743   -16.47328297   -16.32904830
      566     0.08315986   -16.47355699   -16.39039713   -16.47355699   -16.32747668
      567     0.08416492   -16.47457897   -16.39041405   -16.47457897   -16.32718962
      568     0.08565260   -16.47607216   -16.39041956   -16.47607216   -16.32786738
      569     0.08750295   -16.47791791   -16.39041496   -16.47791791   -16.32930977
      570     0.08971897   -16.48013250   -16.39041353   -16.48013250   -16.33142681
      571     0.09226813   -16.48269537   -16.39042724   -16.48269537   -16.33409103
      572     0.09493426   -16.48539003   -16.39045577   -16.48539003   -16.33700205
      573     0.09732781   -16.48781426   -16.39048645   -16.48781426   -16.33971143
      574     0.09904340   -16.48954982   -16.39050642   -16.48954982   -16.34179461
      575     0.09981859   -16.49033077   -16.39051218   -16.49033077   -16.34301032
      576     0.09958353   -16.49009174   -16.39050821   -16.49009174   -16.34333342
      577     0.09840941   -16.48890953   -16.39050012   -16.48890953   -16.34288729
      578     0.09642609   -16.48691779   -16.39049170   -16.48691779   -16.34184687
      579     0.09377373   -16.48425607   -16.39048234   -16.48425607   -16.34038820
      580     0.09060638   -16.48107628   -16.39046990   -16.48107628   -16.33869674
      581     0.08711947   -16.47757292   -16.39045345   -16.47757292   -16.33699802
      582     0.08355319   -16.47398959   -16.39043640   -16.47398959   -16.33556375
      583     0.08014103   -16.47056651   -16.39042548   -16.47056651   -16.33465688
      584     0.07701333   -16.46744065   -16.39042732   -16.46744065   -16.33442437
      585     0.07410451   -16.46454817   -16.39044366   -16.46454817   -16.33478305
      586     0.07114032   -16.46160624   -16.39046592   -16.46160624   -16.33536563
      587     0.06777649   -16.45825051   -16.39047402   -16.45825051   -16.33561774
      588     0.06388630   -16.45433344   -16.39044714   -16.45433344   -16.33510336
      589     0.05984540   -16.45022830   -16.39038290   -16.45022830   -16.33389202
      590     0.05653969   -16.44685255   -16.39031286   -16.44685255   -16.33267486
      591     0.05492237   -16.44520798   -16.39028561   -16.44520798   -16.33234156
      592     0.05536956   -16.44569126   -16.39032170   -16.44569126   -16.33329186
      593     0.05740486   -16.44779790   -16.39039304   -16.44779790   -16.33513833
      594     0.06005523   -16.45050710   -16.39045187   -16.45050710   -16.33707796
      595     0.06248353   -16.45295499   -16.39047146   -16.45295499   -16.33849956
      596     0.06437275   -16.45482996   -16.39045721   -16.45482996   -16.33927955
      597     0.06588393   -16.45631527   -16.39043134   -16.45631527   -16.33968433
      598     0.06737212   -16.45778454   -16.39041242   -16.45778454   -16.34009944
      599     0.06911552   -16.45952336   -16.39040784   -16.45952336   -16.34079694
      600     0.07118652   -16.46160309   -16.39041657   -16.46160309   -16.34183538
