#    Step        Prob(0)        Prob(1)        
        0    -0.00000000     0.00000000
        1     0.00000184     0.00000000
        2     0.00000009     0.00000000
        3     0.00000393     0.00000000
        4     0.00000280     0.00000000
        5     0.00000476     0.00000000
        6     0.00001170     0.00000000
        7     0.00000583     0.00000000
        8     0.00002623     0.00000000
        9     0.00001172     0.00000000
       10     0.00002879     0.00000000
       11     0.00002698     0.00000000
       12     0.00000780     0.00000000
       13     0.00003000     0.00000000
       14     0.00001393     0.00000000
       15     0.00000125     0.00000000
       16     0.00002169     0.00000000
       17     0.00001430     0.00000000
       18     0.00000000     0.00000000
       19     0.00000000     0.00000000
       20     0.00000000     0.00000000
       21     0.00000000     0.00000000
       22     0.00000000     0.00000000
       23     0.00000000     0.00000000
       24     0.00000000     0.00000000
       25     0.00000000     0.00000000
       26     0.00001125     0.00000000
       27     0.00002976     0.00000000
       28     0.00003544     0.00000000
       29     0.00002564     0.00000000
       30     0.00001851     0.00000000
       31     0.00002166     0.00000000
       32     0.00001364     0.00000000
       33     0.00000000     0.00000000
       34     0.00000000     0.00000000
       35     0.00000203     0.00000000
       36     0.00000000     0.00000000
       37     0.00000000     0.00000000
       38     0.00000000     0.00000000
       39     0.00000000     0.00000000
       40     0.00000000     0.00000000
       41     0.00000000     0.00000000
       42     0.00000000     0.00000000
       43     0.00000000     0.00000000
       44     0.00000000     0.00000000
       45     0.00000000     0.00000000
       46     0.00000000     0.00000000
       47     0.00000086     0.00000000
       48     0.00000424     0.00000000
       49     0.00000097     0.00000000
       50     0.00000724     0.00000000
       51     0.00000600     0.00000000
       52     0.00000108     0.00000000
       53     0.00001147     0.00000000
       54     0.00000297     0.00000000
       55     0.00000079     0.00000000
       56     0.00001122     0.00000000
       57     0.00000078     0.00000000
       58     0.00000000     0.00000000
       59     0.00000841     0.00000000
       60     0.00000195     0.00000000
       61     0.00000000     0.00000000
       62     0.00000000     0.00000000
       63     0.00000238     0.00000000
       64     0.00000000     0.00000000
       65     0.00000000     0.00000000
       66     0.00000000     0.00000000
       67     0.00000000     0.00000000
       68     0.00000000     0.00000000
       69     0.00000000     0.00000000
       70     0.00000000     0.00000000
       71     0.00000000     0.00000000
       72     0.00000000     0.00000000
       73     0.00000000     0.00000000
       74     0.00000005     0.00000000
       75     0.00000000     0.00000000
       76     0.00000000     0.00000000
       77     0.00000057     0.00000000
       78     0.00000074     0.00000000
       79     0.00000000     0.00000000
       80     0.00000000     0.00000000
       81     0.00000040     0.00000000
       82     0.00000123     0.00000000
       83     0.00000024     0.00000000
       84     0.00000000     0.00000000
       85     0.00000000     0.00000000
       86     0.00000061     0.00000000
       87     0.00000000     0.00000000
       88     0.00000000     0.00000000
       89     0.00000000     0.00000000
       90     0.00000000     0.00000000
       91     0.00000004     0.00000000
       92     0.00000066     0.00000000
       93     0.00000141     0.00000000
       94     0.00000074     0.00000000
       95     0.00000000     0.00000000
       96     0.00000000     0.00000000
       97     0.00000120     0.00000000
       98     0.00000104     0.00000000
       99     0.00000000     0.00000000
      100     0.00000000     0.00000000
      101     0.00000000     0.00000000
      102     0.00000000     0.00000000
      103     0.00000000     0.00000000
      104     0.00000000     0.00000000
      105     0.00000000     0.00000000
      106     0.00000000     0.00000000
      107     0.00000000     0.00000000
      108     0.00000009     0.00000000
      109     0.00000019     0.00000000
      110     0.00000021     0.00000000
      111     0.00000011     0.00000000
      112     0.00000016     0.00000000
      113     0.00000050     0.00000000
      114     0.00000068     0.00000000
      115     0.00000016     0.00000000
      116     0.00000000     0.00000000
      117     0.00000129     0.00000000
      118     0.00000728     0.00000000
      119     0.00001831     0.00000000
      120     0.00003436     0.00000000
      121     0.00005659     0.00000000
      122     0.00008911     0.00000000
      123     0.00013868     0.00000000
      124     0.00021257     0.00000000
      125     0.00031513     0.00000000
      126     0.00044519     0.00000000
      127     0.00059660     0.00000000
      128     0.00076280     0.00000000
      129     0.00094814     0.00000000
      130     0.00117817     0.00000000
      131     0.00151937     0.00000000
      132     0.00211603     0.00000000
      133     0.00327772     0.00000000
      134     0.00568311     0.00000000
      135     0.01079254     0.00000000
      136     0.02137634     0.00000000
      137     0.04084618     0.00000000
      138     0.06763856     0.00000000
      139     0.08704766     0.00000000
      140     0.08173796     0.00000000
      141     0.05301811     0.00000000
      142     0.01454555     0.00000000
      143     0.00000000     0.00000000
      144     0.00000000     0.00000000
      145     0.00000000     0.00000000
      146     0.00000000     0.00000000
      147     0.02193598     0.00000000
      148     0.04493651     0.00000000
      149     0.05035639     0.00000000
      150     0.04803917     0.00000000
      151     0.04337034     0.00000000
      152     0.03799310     0.00000000
      153     0.03203896     0.00000000
      154     0.02531292     0.00000000
      155     0.00000000     0.00000000
      156     0.00000000     0.00000000
      157     0.00000000     0.00000000
      158     0.00000000     0.00236113
      159     0.00000000     0.00000000
      160     0.00000000     0.00000000
      161     0.00000000     0.00000000
      162     0.00000000     0.01640291
      163     0.00000000     0.04860859
      164     0.00000000     0.01426082
      165     0.00000000     0.00000000
      166     0.00000000     0.00000000
      167     0.00000000     0.06165125
      168     0.00000000     0.00000000
      169     0.00000000     0.00000000
      170     0.00000000     0.08113182
      171     0.00000000     0.00000000
      172     0.00000000     0.00000000
      173     0.00000000     0.07214358
      174     0.00000000     0.00000000
      175     0.00000000     0.03289038
      176     0.00000000     0.00000000
      177     0.00000000     0.00000000
      178     0.00000000     0.00445304
      179     0.00000000     0.00000000
      180     0.00000000     0.00000000
      181     0.00000000     0.00260410
      182     0.00000000     0.00000000
      183     0.00000000     0.00375457
      184     0.00000000     0.00000000
      185     0.00000000     0.00148375
      186     0.00000000     0.00038169
      187     0.00000000     0.00000000
      188     0.00000000     0.02901105
      189     0.00000000     0.00000000
      190     0.00000000     0.00000000
      191     0.00000000     0.00042954
      192     0.00000000     0.00000000
      193     0.00000000     0.00086089
      194     0.00000000     0.00000000
      195     0.00000000     0.00186333
      196     0.00000000     0.00000000
      197     0.00000000     0.00000000
      198     0.00000000     0.00712429
      199     0.00000000     0.00000000
      200     0.00000000     0.01797549
      201     0.00000000     0.00000000
      202     0.00000000     0.00958748
      203     0.00000000     0.00820541
      204     0.00000000     0.00000000
      205     0.00000000     0.04013533
      206     0.00000000     0.00000000
      207     0.00000000     0.00000000
      208     0.00000000     0.02746872
      209     0.00000000     0.00000000
      210     0.00000000     0.00329128
      211     0.00000000     0.01678600
      212     0.00000000     0.00000000
      213     0.00000000     0.00000000
      214     0.00000000     0.01186594
      215     0.00000000     0.00000000
      216     0.00000000     0.00000000
      217     0.00000000     0.00724210
      218     0.00000000     0.00106876
      219     0.00000000     0.00000000
      220     0.00000000     0.00258493
      221     0.00000000     0.00683259
      222     0.00000000     0.00000000
      223     0.00000000     0.00000000
      224     0.00000000     0.00918697
      225     0.00000000     0.00063440
      226     0.00000000     0.00000000
      227     0.00000000     0.00208516
      228     0.00000000     0.00109369
      229     0.00000000     0.00209852
      230     0.00000000     0.00096040
      231     0.00000000     0.00000000
      232     0.00000000     0.00894938
      233     0.00000000     0.00716303
      234     0.00000000     0.00000000
      235     0.00000000     0.01384462
      236     0.00000000     0.00844122
      237     0.00000000     0.00000000
      238     0.00000000     0.02270841
      239     0.00000000     0.00000000
      240     0.00000000     0.00000000
      241     0.00000000     0.02919851
      242     0.00000000     0.00000000
      243     0.00000000     0.00121426
      244     0.00000000     0.01559489
      245     0.00000000     0.00000000
      246     0.00000000     0.01897311
      247     0.00000000     0.00000000
      248     0.00000000     0.00000000
      249     0.00000000     0.00908765
      250     0.00000000     0.00000000
      251     0.00000000     0.01083637
      252     0.00000000     0.00000000
      253     0.00000000     0.00289781
      254     0.00000000     0.00104610
      255     0.00000000     0.00000000
      256     0.00000000     0.00509101
      257     0.00000000     0.00000000
      258     0.00000000     0.00300696
      259     0.00000000     0.00000000
      260     0.00000000     0.00000000
      261     0.00000000     0.00058295
      262     0.00000000     0.00106344
      263     0.00000000     0.00000000
      264     0.00000000     0.00764164
      265     0.00000000     0.00000000
      266     0.00000000     0.01311179
      267     0.00000000     0.00000000
      268     0.00000000     0.01202043
      269     0.00000000     0.00000000
      270     0.00000000     0.00458411
      271     0.00000000     0.00000000
      272     0.00000000     0.00000000
      273     0.00000000     0.00171025
      274     0.00000000     0.00124806
      275     0.00000000     0.00000000
      276     0.00000000     0.00989939
      277     0.00000000     0.00000000
      278     0.00000000     0.00707840
      279     0.00000000     0.00034443
      280     0.00000000     0.00000000
      281     0.00000000     0.01603411
      282     0.00000000     0.00000000
      283     0.00000000     0.01701941
      284     0.00000000     0.00000000
      285     0.00000000     0.00523568
      286     0.00000000     0.00051980
      287     0.00000000     0.00000000
      288     0.00000000     0.00492966
      289     0.00000000     0.00000000
      290     0.00000000     0.00174240
      291     0.00000000     0.00000000
      292     0.00000000     0.00009312
      293     0.00000000     0.00000000
      294     0.00000000     0.00351352
      295     0.00000000     0.00000000
      296     0.00000000     0.00485398
      297     0.00000000     0.00000000
      298     0.00000000     0.00000000
      299     0.00000000     0.01150684
      300     0.00000000     0.00000000
      301     0.00000000     0.02489910
      302     0.00000000     0.00000000
      303     0.00000000     0.01243707
      304     0.00000000     0.00946239
      305     0.00000000     0.00000000
      306     0.00000000     0.04838723
      307     0.00000000     0.00000000
      308     0.00000000     0.02120563
      309     0.00000000     0.00404195
      310     0.00000000     0.00000000
      311     0.00000000     0.01581605
      312     0.00000000     0.00000000
      313     0.00000000     0.00000000
      314     0.00000000     0.00004257
      315     0.00000000     0.00226038
      316     0.00000000     0.00366856
      317     0.00000000     0.00000000
      318     0.00000000     0.00701356
      319     0.00000000     0.00619788
      320     0.00000000     0.00000000
      321     0.00000000     0.00831708
      322     0.00000000     0.00517840
      323     0.00000000     0.00000000
      324     0.00000000     0.00671305
      325     0.00000000     0.00291897
      326     0.00000000     0.00000000
      327     0.00000000     0.00274456
      328     0.00000000     0.00095581
      329     0.00000000     0.00000000
      330     0.00000000     0.00000000
      331     0.00000000     0.00000000
      332     0.00000000     0.00275799
      333     0.00000000     0.00000000
      334     0.00000000     0.00000000
      335     0.00000000     0.00005332
      336     0.00000000     0.00022971
      337     0.00000000     0.00518364
      338     0.00000000     0.00000000
      339     0.00000000     0.00217996
      340     0.00000000     0.01564366
      341     0.00000000     0.00000000
      342     0.00000000     0.01826020
      343     0.00000000     0.00711124
      344     0.00000000     0.00000000
      345     0.00000000     0.04118882
      346     0.00000000     0.00000000
      347     0.00000000     0.01132751
      348     0.00000000     0.00626331
      349     0.00000000     0.00000000
      350     0.00000000     0.01669842
      351     0.00000000     0.00000000
      352     0.00000000     0.00660156
      353     0.00000000     0.00000000
      354     0.00000000     0.00002444
      355     0.00000000     0.00000000
      356     0.00000000     0.00410374
      357     0.00000000     0.00000000
      358     0.00000000     0.01166708
      359     0.00000000     0.00000000
      360     0.00000000     0.01527942
      361     0.00000000     0.00000000
      362     0.00000000     0.01255387
      363     0.00000000     0.00000000
      364     0.00000000     0.00282688
      365     0.00000000     0.00426517
      366     0.00000000     0.00000000
      367     0.00000000     0.01806439
      368     0.00000000     0.00000000
      369     0.00000000     0.02194718
      370     0.00000000     0.00000000
      371     0.00000000     0.01230911
      372     0.00000000     0.00000000
      373     0.00000000     0.00000000
      374     0.00000000     0.00700948
      375     0.00000000     0.00000000
      376     0.00000000     0.00749784
      377     0.00000000     0.00000000
      378     0.00000000     0.00042020
      379     0.00000000     0.00048702
      380     0.00000000     0.00237983
      381     0.00000000     0.00000000
      382     0.00000000     0.00743151
      383     0.00000000     0.00068527
      384     0.00000000     0.00000000
      385     0.00000000     0.04255455
      386     0.00000000     0.00000000
      387     0.00000000     0.05062113
      388     0.00000000     0.00295761
      389     0.00000000     0.00000000
      390     0.00000000     0.00837242
      391     0.00000000     0.00000000
      392     0.00000000     0.00135799
      393     0.00000000     0.00067601
      394     0.00000000     0.00000000
      395     0.00000000     0.00243245
      396     0.00000000     0.00000000
      397     0.00000000     0.00109479
      398     0.00000000     0.00000000
      399     0.00000000     0.00914167
      400     0.00000000     0.00000000
      401     0.00000000     0.00997676
      402     0.00000000     0.00000000
      403     0.00000000     0.00082073
      404     0.00000000     0.00093875
      405     0.00000000     0.00030810
      406     0.00000000     0.00000000
      407     0.00000000     0.00562636
      408     0.00000000     0.00000000
      409     0.00000000     0.00340243
      410     0.00000000     0.00091442
      411     0.00000000     0.00000000
      412     0.00000000     0.00882390
      413     0.00000000     0.00000000
      414     0.00000000     0.00792153
      415     0.00000000     0.00000000
      416     0.00000000     0.00057663
      417     0.00000000     0.00240304
      418     0.00000000     0.00000000
      419     0.00000000     0.00309919
      420     0.00000000     0.00000000
      421     0.00000000     0.00000000
      422     0.00000000     0.00401250
      423     0.00000000     0.00000000
      424     0.00000000     0.00898120
      425     0.00000000     0.00000000
      426     0.00000000     0.01367225
      427     0.00000000     0.00000000
      428     0.00000000     0.01441192
      429     0.00000000     0.00000000
      430     0.00000000     0.00684803
      431     0.00000000     0.00000000
      432     0.00000000     0.00000000
      433     0.00000000     0.00409339
      434     0.00000000     0.00000000
      435     0.00000000     0.00235008
      436     0.00000000     0.00000000
      437     0.00000000     0.00001701
      438     0.00000000     0.00000000
      439     0.00000000     0.00147923
      440     0.00000000     0.00000000
      441     0.00000000     0.00299500
      442     0.00000000     0.00000000
      443     0.00000000     0.00000000
      444     0.00000000     0.00663013
      445     0.00000000     0.00000000
      446     0.00000000     0.00945605
      447     0.00000000     0.00000000
      448     0.00000000     0.00000000
      449     0.00000000     0.00805351
      450     0.00000000     0.00000000
      451     0.00000000     0.00000000
      452     0.00000000     0.04942008
      453     0.00000000     0.00000000
      454     0.00000000     0.00432007
      455     0.00000000     0.00000000
      456     0.00000000     0.00010962
      457     0.00000000     0.00000000
      458     0.00000000     0.00290653
      459     0.00000000     0.00000000
      460     0.00000000     0.00503055
      461     0.00000000     0.00000000
      462     0.00000000     0.00421550
      463     0.00000000     0.00000000
      464     0.00000000     0.00213899
      465     0.00000000     0.00000000
      466     0.00000000     0.00130014
      467     0.00000000     0.00000000
      468     0.00000000     0.00056907
      469     0.00000000     0.00109352
      470     0.00000000     0.00000000
      471     0.00000000     0.00894990
      472     0.00000000     0.00000000
      473     0.00000000     0.01972458
      474     0.00000000     0.00000000
      475     0.00000000     0.02208315
      476     0.00000000     0.00000000
      477     0.00000000     0.01001559
      478     0.00000000     0.00000000
      479     0.00000000     0.00000000
      480     0.00000000     0.00012591
      481     0.00000000     0.00371435
      482     0.00000000     0.00000000
      483     0.00000000     0.00882961
      484     0.00000000     0.00000000
      485     0.00000000     0.00091365
      486     0.00000000     0.00554126
      487     0.00000000     0.00000000
      488     0.00000000     0.01355446
      489     0.00000000     0.00000000
      490     0.00000000     0.00917008
      491     0.00000000     0.00000000
      492     0.00000000     0.00000000
      493     0.00000000     0.00289855
      494     0.00000000     0.00000000
      495     0.00000000     0.00205249
      496     0.00000000     0.00000000
      497     0.00000000     0.00000000
      498     0.00000000     0.00276621
      499     0.00000000     0.00000000
      500     0.00000000     0.00518113
      501     0.00000000     0.00000000
      502     0.00000000     0.01140729
      503     0.00000000     0.00000000
      504     0.00000000     0.01029280
      505     0.00000000     0.01740521
      506     0.00000000     0.00000000
      507     0.00000000     0.01330434
      508     0.00000000     0.00000000
      509     0.00000000     0.00071124
      510     0.00000000     0.00217053
      511     0.00000000     0.00000000
      512     0.00000000     0.00445603
      513     0.00000000     0.00000000
      514     0.00000000     0.00128349
      515     0.00000000     0.00220896
      516     0.00000000     0.00000000
      517     0.00000000     0.00850262
      518     0.00000000     0.00000000
      519     0.00000000     0.00642295
      520     0.00000000     0.00000000
      521     0.00000000     0.00040754
      522     0.00000000     0.00025797
      523     0.00000000     0.00043659
      524     0.00000000     0.00000000
      525     0.00000000     0.00089029
      526     0.00000000     0.00025755
      527     0.00000000     0.00000000
      528     0.00000000     0.00346444
      529     0.00000000     0.00000000
      530     0.00000000     0.00007350
      531     0.00000000     0.00587573
      532     0.00000000     0.00000000
      533     0.00000000     0.01597103
      534     0.00000000     0.00000000
      535     0.00000000     0.00042601
      536     0.00000000     0.00000000
      537     0.00000000     0.01024412
      538     0.00000000     0.00000000
      539     0.00000000     0.01433608
      540     0.00000000     0.00000000
      541     0.00000000     0.00616961
      542     0.00000000     0.00000000
      543     0.00000000     0.00000000
      544     0.00000000     0.00337575
      545     0.00000000     0.00000000
      546     0.00000000     0.00108620
      547     0.00000000     0.00071025
      548     0.00000000     0.00000000
      549     0.00000000     0.00113768
      550     0.00000000     0.00054204
      551     0.00000000     0.00000000
      552     0.00000000     0.00493903
      553     0.00000000     0.00000000
      554     0.00000000     0.00492576
      555     0.00000000     0.00000000
      556     0.00000000     0.00000000
      557     0.00000000     0.00873170
      558     0.00000000     0.00000000
      559     0.00000000     0.00741968
      560     0.00000000     0.00000000
      561     0.00000000     0.00000000
      562     0.00000000     0.00399009
      563     0.00000000     0.00000000
      564     0.00000000     0.00000000
      565     0.00000000     0.00079773
      566     0.00000000     0.00198063
      567     0.00000000     0.00000000
      568     0.00000000     0.00794627
      569     0.00000000     0.00000000
      570     0.00000000     0.00879418
      571     0.00000000     0.00000000
      572     0.00000000     0.00606721
      573     0.00000000     0.00000000
      574     0.00000000     0.00300381
      575     0.00000000     0.00000000
      576     0.00000000     0.00090743
      577     0.00000000     0.00030606
      578     0.00000000     0.00000000
      579     0.00000000     0.00647247
      580     0.00000000     0.00000000
      581     0.00000000     0.01377537
      582     0.00000000     0.00000000
      583     0.00000000     0.00000000
      584     0.00000000     0.01860285
      585     0.00000000     0.00000000
      586     0.00000000     0.02188422
      587     0.00000000     0.00000000
      588     0.00000000     0.00396565
      589     0.00000000     0.00285753
      590     0.00000000     0.00000000
      591     0.00000000     0.00187704
      592     0.00000000     0.00242282
      593     0.00000000     0.00000000
      594     0.00000000     0.00496976
      595     0.00000000     0.00000000
      596     0.00000000     0.00000000
      597     0.00000000     0.00274936
      598     0.00000000     0.00000000
      599     0.00000000     0.00421497
      600     0.00000000     0.00000000
