#    Step        Prob(0)        Prob(1)        
        0     0.00000000     0.00000000
        1     0.00000000     0.00000000
        2     0.00000000     0.00000000
        3     0.00000000     0.00000000
        4     0.00000000     0.00000000
        5     0.00000000     0.00000000
        6     0.00000000     0.00000000
        7     0.00000000     0.00000000
        8     0.00000000     0.00000000
        9     0.00004383     0.00000000
       10     0.00003302     0.00000000
       11     0.00001721     0.00000000
       12     0.00000000     0.00000000
       13     0.00000000     0.00000000
       14     0.00004448     0.00000000
       15     0.00001573     0.00000000
       16     0.00000000     0.00000000
       17     0.00006765     0.00000000
       18     0.00000000     0.00000000
       19     0.00007910     0.00000000
       20     0.00000000     0.00000000
       21     0.00008577     0.00000000
       22     0.00000934     0.00000000
       23     0.00002051     0.00000000
       24     0.00011615     0.00000000
       25     0.00001394     0.00000000
       26     0.00003187     0.00000000
       27     0.00014966     0.00000000
       28     0.00011821     0.00000000
       29     0.00005008     0.00000000
       30     0.00012934     0.00000000
       31     0.00027517     0.00000000
       32     0.00032771     0.00000000
       33     0.00029528     0.00000000
       34     0.00030980     0.00000000
       35     0.00044157     0.00000000
       36     0.00062510     0.00000000
       37     0.00074448     0.00000000
       38     0.00075033     0.00000000
       39     0.00069807     0.00000000
       40     0.00069241     0.00000000
       41     0.00078852     0.00000000
       42     0.00091902     0.00000000
       43     0.00088852     0.00000000
       44     0.00046670     0.00000000
       45     0.00000000     0.00000000
       46     0.00000000     0.00000000
       47     0.00000000     0.00000000
       48     0.00000000     0.00000000
       49     0.00000000     0.00000000
       50     0.00000000     0.00000000
       51     0.00000000     0.00000000
       52     0.00000000     0.00000000
       53     0.00000000     0.00000000
       54     0.00013649     0.00000000
       55     0.00000000     0.00000000
       56     0.00000000     0.00000000
       57     0.00017117     0.00000000
       58     0.00000000     0.00000000
       59     0.00000000     0.00000000
       60     0.00030101     0.00000000
       61     0.00000000     0.00000000
       62     0.00050621     0.00000000
       63     0.00000000     0.00000000
       64     0.00032360     0.00000000
       65     0.00000000     0.00000000
       66     0.00019048     0.00000000
       67     0.00000000     0.00000000
       68     0.00004256     0.00000000
       69     0.00000000     0.00000000
       70     0.00000000     0.00000000
       71     0.00000000     0.00000000
       72     0.00004889     0.00000000
       73     0.00000000     0.00000000
       74     0.00006023     0.00000000
       75     0.00000000     0.00000000
       76     0.00001644     0.00000000
       77     0.00000930     0.00000000
       78     0.00002416     0.00000000
       79     0.00000000     0.00000000
       80     0.00013591     0.00000000
       81     0.00000000     0.00000000
       82     0.00002822     0.00000000
       83     0.00006233     0.00000000
       84     0.00000000     0.00000000
       85     0.00019187     0.00000000
       86     0.00163920     0.00000000
       87     0.01496898     0.00000000
       88     0.20577905     0.00000000
       89     0.79493280     0.00000000
       90     0.00000000     0.00000000
       91     0.00000000     0.00000000
       92     0.00000000     0.00754716
       93     0.00000000     0.00050068
       94     0.00000000     0.00000000
       95     0.00000000     0.00565812
       96     0.00000000     0.00423154
       97     0.01825018     0.00000000
       98     0.00736349     0.00000000
       99     0.00000000     0.00000000
      100     0.00616521     0.00000000
      101     0.01495688     0.00000000
      102     0.00000000     0.00000000
      103     0.00283245     0.00000000
      104     0.00997693     0.00000000
      105     0.00000000     0.00000000
      106     0.00415148     0.00000000
      107     0.00225962     0.00000000
      108     0.00000000     0.00000000
      109     0.00413111     0.00000000
      110     0.00000000     0.00000000
      111     0.00000000     0.00000000
      112     0.00193916     0.00000000
      113     0.00000000     0.00000000
      114     0.00224638     0.00000000
      115     0.00000000     0.00000000
      116     0.00073930     0.00000000
      117     0.00000000     0.00000000
      118     0.00000000     0.00000000
      119     0.00080585     0.00000000
      120     0.00000000     0.00000000
      121     0.00000209     0.00000000
      122     0.00000000     0.00000000
      123     0.00000000     0.00000000
      124     0.00000983     0.00000000
      125     0.00000000     0.00000000
      126     0.00001663     0.00000000
      127     0.00003378     0.00000000
      128     0.00000000     0.00000000
      129     0.00008790     0.00000000
      130     0.00014908     0.00000000
      131     0.00013372     0.00000000
      132     0.00044188     0.00000000
      133     0.00169808     0.00000000
      134     0.00763046     0.00000000
      135     0.07687161     0.00000000
      136     1.00000000     0.00000000
      137     0.00000000     0.00000000
      138     0.00000000     0.04607093
      139     0.00000000     0.04811018
      140     0.00000000     0.00000000
      141     0.00000000     0.00000000
      142     0.00000000     0.04895077
      143     0.00000000     0.00000000
      144     0.00000000     0.05858564
      145     0.16446566     0.00000000
      146     0.03513003     0.00000000
      147     0.00000000     0.00000000
      148     0.02836439     0.00000000
      149     0.00000000     0.00000000
      150     0.12661320     0.00000000
      151     1.00000000     0.00000000
      152     0.00000000     0.00000000
      153     0.00000000     0.00024281
      154     0.00000000     0.00000000
      155     0.00000000     0.00008043
      156     0.00000000     0.00000000
      157     0.00000000     0.00011724
      158     0.00000000     0.00000000
      159     0.00000000     0.00000000
      160     0.00000000     0.00023358
      161     0.00000000     0.00082222
      162     0.00000000     0.00155237
      163     0.00000000     0.00237740
      164     0.00000000     0.00336417
      165     0.00000000     0.00460913
      166     0.00000000     0.00606226
      167     0.00000000     0.00726736
      168     0.00000000     0.00736733
      169     0.00000000     0.00571648
      170     0.00000000     0.00259801
      171     0.00000000     0.00000000
      172     0.00000000     0.00000000
      173     0.00000000     0.00000000
      174     0.00000000     0.00000000
      175     0.00000000     0.00000000
      176     0.00000000     0.00000000
      177     0.00000000     0.00186768
      178     0.00000000     0.00264219
      179     0.00000000     0.00192590
      180     0.00000000     0.00004717
      181     0.00000000     0.00000000
      182     0.00000000     0.00000000
      183     0.00000000     0.00000000
      184     0.00000000     0.00081994
      185     0.00000000     0.00022255
      186     0.00000000     0.00015028
      187     0.00000000     0.00002185
      188     0.00000000     0.00000000
      189     0.00000000     0.00573431
      190     0.00000000     0.00000000
      191     0.00000000     0.01392134
      192     0.00000000     0.00000000
      193     0.00000000     0.00161186
      194     0.00000000     0.00086080
      195     0.00000000     0.00000000
      196     0.00000000     0.00000000
      197     0.00000000     0.00066113
      198     0.00000000     0.00075404
      199     0.00000000     0.00021975
      200     0.00000000     0.00000000
      201     0.00000000     0.00010217
      202     0.00000000     0.00005201
      203     0.00000000     0.00000000
      204     0.00000000     0.00000000
      205     0.00000000     0.00573667
      206     0.00000000     0.01012235
      207     0.00000000     0.00000000
      208     0.00000000     0.00598110
      209     0.00000000     0.00000000
      210     0.00000000     0.00346095
      211     0.00000000     0.00000000
      212     0.00000000     0.00014695
      213     0.00000000     0.00060136
      214     0.00000000     0.00000000
      215     0.00000000     0.00004495
      216     0.00000000     0.00000000
      217     0.00000000     0.00013946
      218     0.00000000     0.00048650
      219     0.00000000     0.00000000
      220     0.00000000     0.00000000
      221     0.00000000     0.00001485
      222     0.00000000     0.00000000
      223     0.00000000     0.00015081
      224     0.00000000     0.00021108
      225     0.00000000     0.00000000
      226     0.00000000     0.00000000
      227     0.00000000     0.00036270
      228     0.00000000     0.00000000
      229     0.00000000     0.00000000
      230     0.00000000     0.00000000
      231     0.00000000     0.00031493
      232     0.00000000     0.00086504
      233     0.00000000     0.00000000
      234     0.00000000     0.00071100
      235     0.00000000     0.00000000
      236     0.00000000     0.00005804
      237     0.00000000     0.00001846
      238     0.00000000     0.00000000
      239     0.00000000     0.00013774
      240     0.00000000     0.00000000
      241     0.00000000     0.00067838
      242     0.00000000     0.00000000
      243     0.00000000     0.00000000
      244     0.00000000     0.00046395
      245     0.00000000     0.00026642
      246     0.00000000     0.00000000
      247     0.00000000     0.00000000
      248     0.00000000     0.00000000
      249     0.00000000     0.00011337
      250     0.00000000     0.00039300
      251     0.00000000     0.00053142
      252     0.00000000     0.00029967
      253     0.00000000     0.00000000
      254     0.00000000     0.00000000
      255     0.00000000     0.00000000
      256     0.00000000     0.00047462
      257     0.00000000     0.00027839
      258     0.00000000     0.00000000
      259     0.00000000     0.00026483
      260     0.00000000     0.00028865
      261     0.00000000     0.00007552
      262     0.00000000     0.00000000
      263     0.00000000     0.00032536
      264     0.00000000     0.00138035
      265     0.00000000     0.00000000
      266     0.00000000     0.00000000
      267     0.00000000     0.00000000
      268     0.00000000     0.00032881
      269     0.00000000     0.00000000
      270     0.00000000     0.00000000
      271     0.00000000     0.00011076
      272     0.00000000     0.00010335
      273     0.00000000     0.00000000
      274     0.00000000     0.00138356
      275     0.00000000     0.00000000
      276     0.00000000     0.00226745
      277     0.00000000     0.00000000
      278     0.00000000     0.00507088
      279     0.00000000     0.00000000
      280     0.00000000     0.00194146
      281     0.00000000     0.00000000
      282     0.00000000     0.00154441
      283     0.00000000     0.00000000
      284     0.00000000     0.00111934
      285     0.00000000     0.00000000
      286     0.00000000     0.00057493
      287     0.00000000     0.00000000
      288     0.00000000     0.00000000
      289     0.00000000     0.00312341
      290     0.00000000     0.00000000
      291     0.00000000     0.00505318
      292     0.00000000     0.00000000
      293     0.00000000     0.00197900
      294     0.00000000     0.00157147
      295     0.00000000     0.00000000
      296     0.00000000     0.00061733
      297     0.00000000     0.00000000
      298     0.00000000     0.00450291
      299     0.00000000     0.00000000
      300     0.00000000     0.00000000
      301     0.00000000     0.00303338
      302     0.00000000     0.00000000
      303     0.00000000     0.00000000
      304     0.00000000     0.00112128
      305     0.00000000     0.00190898
      306     0.00000000     0.00000000
      307     0.00000000     0.00000000
      308     0.00000000     0.00156051
      309     0.00000000     0.00053586
      310     0.00000000     0.00000000
      311     0.00000000     0.00129578
      312     0.00000000     0.00371247
      313     0.00000000     0.00000000
      314     0.00000000     0.01215701
      315     0.00000000     0.00000000
      316     0.00000000     0.00000000
      317     0.00000000     0.00086499
      318     0.00000000     0.00000000
      319     0.00000000     0.00033657
      320     0.00000000     0.00000000
      321     0.00000000     0.00007615
      322     0.00000000     0.00000000
      323     0.00000000     0.00298564
      324     0.00000000     0.08384984
      325     0.00000000     0.00000000
      326     0.00000000     0.02629909
      327     0.00000000     0.00000000
      328     0.00000000     0.00000000
      329     0.00000000     0.00618390
      330     0.00000000     0.00000000
      331     0.00000000     0.00748829
      332     0.00000000     0.00000000
      333     0.00000000     0.00290377
      334     0.00000000     0.00000000
      335     0.00000000     0.00000000
      336     0.00000000     0.00425408
      337     0.00000000     0.00000000
      338     0.00000000     0.00536496
      339     0.00000000     0.00000000
      340     0.00000000     0.00074243
      341     0.00000000     0.00156482
      342     0.00000000     0.00000000
      343     0.00000000     0.00979416
      344     0.00000000     0.00000000
      345     0.00000000     0.14713053
      346     0.00000000     0.00000000
      347     0.00000000     0.00000000
      348     0.00000000     0.00015925
      349     0.00000000     0.00036519
      350     0.00000000     0.00000000
      351     0.00000000     0.01146310
      352     0.00000000     0.00000000
      353     0.00000000     0.00000000
      354     0.00000000     0.00141461
      355     0.00000000     0.00000000
      356     0.00000000     0.00000000
      357     0.00000000     0.00078088
      358     0.00000000     0.00016335
      359     0.00000000     0.00000000
      360     0.00000000     0.00000000
      361     0.00000000     0.00017752
      362     0.00000000     0.00000000
      363     0.00000000     0.00009378
      364     0.00000000     0.00018145
      365     0.00000000     0.00008037
      366     0.00000000     0.00000000
      367     0.00000000     0.00004931
      368     0.00000000     0.00029727
      369     0.00000000     0.00036898
      370     0.00000000     0.00000000
      371     0.00000000     0.00000000
      372     0.00000000     0.00037913
      373     0.00000000     0.00139612
      374     0.00000000     0.00000000
      375     0.00000000     0.00177614
      376     0.00000000     0.00000000
      377     0.00000000     0.00106430
      378     0.00000000     0.00010112
      379     0.00000000     0.00000000
      380     0.00000000     0.00000000
      381     0.00000000     0.00189197
      382     0.00000000     0.00000000
      383     0.00000000     0.00204722
      384     0.00000000     0.00000000
      385     0.00000000     0.00134804
      386     0.00000000     0.00000000
      387     0.00000000     0.00054834
      388     0.00000000     0.00000000
      389     0.00000000     0.00012579
      390     0.00000000     0.00000000
      391     0.00000000     0.00000000
      392     0.00000000     0.00000000
      393     0.00000000     0.00097587
      394     0.00000000     0.00000000
      395     0.00000000     0.00000000
      396     0.00000000     0.00097925
      397     0.00000000     0.00000000
      398     0.00000000     0.00128869
      399     0.00000000     0.00000000
      400     0.00000000     0.00000000
      401     0.00000000     0.00510980
      402     0.00000000     0.00000000
      403     0.00000000     0.00000000
      404     0.00000000     0.00012195
      405     0.00000000     0.00050010
      406     0.00000000     0.00000000
      407     0.00000000     0.00384397
      408     0.00000000     0.00000000
      409     0.00000000     0.00000000
      410     0.00000000     0.00000000
      411     0.00000000     0.00243434
      412     0.00000000     0.00000000
      413     0.00000000     0.00000117
      414     0.00000000     0.00000000
      415     0.00000000     0.00000000
      416     0.00000000     0.00000000
      417     0.00000000     0.00018725
      418     0.00000000     0.00062422
      419     0.00000000     0.00034768
      420     0.00000000     0.00000000
      421     0.00000000     0.00067971
      422     0.00000000     0.00087092
      423     0.00000000     0.00000000
      424     0.00000000     0.00000000
      425     0.00000000     0.00413888
      426     0.00000000     0.00000000
      427     0.00000000     0.00032266
      428     0.00000000     0.00022212
      429     0.00000000     0.00000000
      430     0.00000000     0.00000000
      431     0.00000000     0.00104668
      432     0.00000000     0.00000000
      433     0.00000000     0.00144158
      434     0.00000000     0.00000000
      435     0.00000000     0.00000000
      436     0.00000000     0.00131259
      437     0.00000000     0.00000000
      438     0.00000000     0.00000000
      439     0.00000000     0.00133166
      440     0.00000000     0.00000000
      441     0.00000000     0.00000000
      442     0.00000000     0.00116444
      443     0.00000000     0.00000000
      444     0.00000000     0.00000000
      445     0.00000000     0.00000000
      446     0.00000000     0.00004193
      447     0.00000000     0.00131523
      448     0.00000000     0.00000000
      449     0.00000000     0.00004059
      450     0.00000000     0.00293811
      451     0.00000000     0.00000000
      452     0.00000000     0.00457372
      453     0.00000000     0.00000000
      454     0.00000000     0.00204250
      455     0.00000000     0.00244986
      456     0.00000000     0.00000000
      457     0.00000000     0.00000000
      458     0.00000000     0.00082668
      459     0.00000000     0.00000000
      460     0.00000000     0.00010593
      461     0.00000000     0.00037256
      462     0.00000000     0.00000000
      463     0.00000000     0.00000000
      464     0.00000000     0.00000000
      465     0.00000000     0.00000000
      466     0.00000000     0.00000000
      467     0.00000000     0.00000000
      468     0.00000000     0.00000000
      469     0.00000000     0.00016422
      470     0.00000000     0.00036545
      471     0.00000000     0.00000000
      472     0.00000000     0.00000000
      473     0.00000000     0.00172994
      474     0.00000000     0.00522377
      475     0.00000000     0.00000000
      476     0.00000000     0.00247611
      477     0.00000000     0.00000000
      478     0.00000000     0.00157485
      479     0.00000000     0.00000000
      480     0.00000000     0.00098340
      481     0.00000000     0.00000000
      482     0.00000000     0.00000000
      483     0.00000000     0.00000218
      484     0.00000000     0.00011622
      485     0.00000000     0.00001419
      486     0.00000000     0.00000000
      487     0.00000000     0.00000000
      488     0.00000000     0.00000000
      489     0.00000000     0.00000000
      490     0.00000000     0.00004526
      491     0.00000000     0.00025879
      492     0.00000000     0.00000000
      493     0.00000000     0.00014384
      494     0.00000000     0.00008732
      495     0.00000000     0.00000000
      496     0.00000000     0.00013351
      497     0.00000000     0.00000000
      498     0.00000000     0.00004195
      499     0.00000000     0.00000000
      500     0.00000000     0.00011271
      501     0.00000000     0.00000000
      502     0.00000000     0.00065245
      503     0.00000000     0.00000000
      504     0.00000000     0.00470475
      505     0.00000000     0.00000000
      506     0.00000000     0.00000000
      507     0.00000000     0.00000000
      508     0.00000000     0.00137975
      509     0.00000000     0.00031424
      510     0.00000000     0.00000000
      511     0.00000000     0.00115914
      512     0.00000000     0.00088090
      513     0.00000000     0.00000000
      514     0.00000000     0.00000145
      515     0.00000000     0.00000000
      516     0.00000000     0.00052672
      517     0.00000000     0.00209510
      518     0.00000000     0.00000000
      519     0.00000000     0.00000000
      520     0.00000000     0.00000000
      521     0.00000000     0.00098905
      522     0.00000000     0.00134112
      523     0.00000000     0.00009818
      524     0.00000000     0.00000000
      525     0.00000000     0.00000000
      526     0.00000000     0.00240458
      527     0.00000000     0.00000000
      528     0.00000000     0.00000000
      529     0.00000000     0.00179911
      530     0.00000000     0.00000000
      531     0.00000000     0.00000000
      532     0.00000000     0.00032965
      533     0.00000000     0.00000000
      534     0.00000000     0.00063009
      535     0.00000000     0.00000000
      536     0.00000000     0.00064925
      537     0.00000000     0.00000000
      538     0.00000000     0.00075328
      539     0.00000000     0.00000000
      540     0.00000000     0.00000000
      541     0.00000000     0.00094132
      542     0.00000000     0.00000000
      543     0.00000000     0.00172310
      544     0.00000000     0.00000000
      545     0.00000000     0.00152880
      546     0.00000000     0.00000000
      547     0.00000000     0.00005210
      548     0.00000000     0.00061523
      549     0.00000000     0.00000000
      550     0.00000000     0.00042971
      551     0.00000000     0.00005644
      552     0.00000000     0.00000000
      553     0.00000000     0.00000000
      554     0.00000000     0.00000000
      555     0.00000000     0.00009863
      556     0.00000000     0.00036926
      557     0.00000000     0.00010211
      558     0.00000000     0.00005022
      559     0.00000000     0.00056716
      560     0.00000000     0.00096478
      561     0.00000000     0.00025724
      562     0.00000000     0.00000000
      563     0.00000000     0.00005413
      564     0.00000000     0.00127387
      565     0.00000000     0.00000000
      566     0.00000000     0.00003286
      567     0.00000000     0.00000000
      568     0.00000000     0.00079606
      569     0.00000000     0.00004530
      570     0.00000000     0.00000000
      571     0.00000000     0.00138718
      572     0.00000000     0.00000000
      573     0.00000000     0.00087328
      574     0.00000000     0.00000000
      575     0.00000000     0.00055073
      576     0.00000000     0.00033361
      577     0.00000000     0.00000000
      578     0.00000000     0.00047447
      579     0.00000000     0.00000000
      580     0.00000000     0.00000000
      581     0.00000000     0.00001550
      582     0.00000000     0.00017094
      583     0.00000000     0.00000000
      584     0.00000000     0.00060630
      585     0.00000000     0.00000000
      586     0.00000000     0.00013928
      587     0.00000000     0.00000000
      588     0.00000000     0.00039201
      589     0.00000000     0.00000000
      590     0.00000000     0.00050339
      591     0.00000000     0.00000000
      592     0.00000000     0.00000000
      593     0.00000000     0.00055342
      594     0.00000000     0.00000000
      595     0.00000000     0.00041292
      596     0.00000000     0.00000000
      597     0.00000000     0.00000000
      598     0.00000000     0.00000154
      599     0.00000000     0.00058419
      600     0.00000000     0.00000000
