#    Step     Kinetic(H)     Potential(H)   Total(H)       E(0)(H)        E(1)(H)        
        0     0.00790847    -6.15551565    -6.14760718    -6.40923935    -6.15551565
        1     0.00712795    -6.15473692    -6.14760897    -6.40876340    -6.15473692
        2     0.00648243    -6.15410248    -6.14762005    -6.40831725    -6.15410248
        3     0.00605934    -6.15369504    -6.14763570    -6.40798242    -6.15369504
        4     0.00593058    -6.15358571    -6.14765513    -6.40783106    -6.15358571
        5     0.00614072    -6.15382152    -6.14768080    -6.40791312    -6.15382152
        6     0.00669588    -6.15441471    -6.14771883    -6.40824516    -6.15441471
        7     0.00755557    -6.15533590    -6.14778033    -6.40880325    -6.15533590
        8     0.00863041    -6.15651366    -6.14788325    -6.40952228    -6.15651366
        9     0.00978880    -6.15784197    -6.14805317    -6.41030319    -6.15784197
       10     0.01087357    -6.15919450    -6.14832093    -6.41102716    -6.15919450
       11     0.01172729    -6.16044347    -6.14871618    -6.41157438    -6.16044347
       12     0.01222141    -6.16147980    -6.14925839    -6.41184407    -6.16147980
       13     0.01228293    -6.16222975    -6.14994682    -6.41177098    -6.16222975
       14     0.01191000    -6.16266583    -6.15075583    -6.41133611    -6.16266583
       15     0.01117048    -6.16280868    -6.15163820    -6.41056820    -6.16280868
       16     0.01018494    -6.16272042    -6.15253548    -6.40953685    -6.16272042
       17     0.00909851    -6.16249104    -6.15339253    -6.40833850    -6.16249104
       18     0.00805111    -6.16222135    -6.15417024    -6.40707911    -6.16222135
       19     0.00715495    -6.16200619    -6.15485124    -6.40585726    -6.16200619
       20     0.00648354    -6.16192107    -6.15543753    -6.40475089    -6.16192107
       21     0.00607095    -6.16201408    -6.15594313    -6.40380953    -6.16201408
       22     0.00591688    -6.16230297    -6.15638609    -6.40305181    -6.16230297
       23     0.00599367    -6.16277661    -6.15678294    -6.40246744    -6.16277661
       24     0.00625319    -6.16339967    -6.15714648    -6.40202229    -6.16339967
       25     0.00663368    -6.16411949    -6.15748581    -6.40166550    -6.16411949
       26     0.00706642    -6.16487402    -6.15780760    -6.40133760    -6.16487402
       27     0.00748308    -6.16560004    -6.15811696    -6.40097863    -6.16560004
       28     0.00782273    -6.16624025    -6.15841752    -6.40053510    -6.16624025
       29     0.00803747    -6.16674869    -6.15871122    -6.39996519    -6.16674869
       30     0.00809629    -6.16709422    -6.15899793    -6.39924200    -6.16709422
       31     0.00798646    -6.16726193    -6.15927547    -6.39835465    -6.16726193
       32     0.00771279    -6.16725248    -6.15953969    -6.39730748    -6.16725248
       33     0.00729520    -6.16708065    -6.15978545    -6.39611831    -6.16708065
       34     0.00676528    -6.16677291    -6.16000763    -6.39481585    -6.16677291
       35     0.00616275    -6.16636487    -6.16020212    -6.39343707    -6.16636487
       36     0.00553223    -6.16589906    -6.16036683    -6.39202478    -6.16589906
       37     0.00492030    -6.16542222    -6.16050192    -6.39062495    -6.16542222
       38     0.00437298    -6.16498282    -6.16060984    -6.38928401    -6.16498282
       39     0.00393363    -6.16462823    -6.16069460    -6.38804616    -6.16462823
       40     0.00364082    -6.16440191    -6.16076109    -6.38695033    -6.16440191
       41     0.00352620    -6.16434026    -6.16081406    -6.38602703    -6.16434026
       42     0.00361218    -6.16446965    -6.16085747    -6.38529533    -6.16446965
       43     0.00390971    -6.16480405    -6.16089434    -6.38476021    -6.16480405
       44     0.00441631    -6.16534353    -6.16092722    -6.38441070    -6.16534353
       45     0.00511499    -6.16607413    -6.16095914    -6.38421935    -6.16607413
       46     0.00597415    -6.16696947    -6.16099532    -6.38414293    -6.16696947
       47     0.00694940    -6.16799418    -6.16104478    -6.38412436    -6.16799418
       48     0.00798833    -6.16910946    -6.16112113    -6.38409595    -6.16910946
       49     0.00903814    -6.17028098    -6.16124284    -6.38398289    -6.17028098
       50     0.01005740    -6.17149013    -6.16143273    -6.38370510    -6.17149013
       51     0.01103481    -6.17275143    -6.16171662    -6.38317320    -6.17275143
       52     0.01203385    -6.17415342    -6.16211957    -6.38226227    -6.17415342
       53     0.01345570    -6.17605055    -6.16259485    -6.38064548    -6.17605055
       54     0.01482658    -6.18085166    -6.16602508    -6.37640245    -6.18085166
       55     0.01550808    -6.18267031    -6.16716223    -6.37526042    -6.18267031
       56     0.01591026    -6.18449287    -6.16858261    -6.37397174    -6.18449287
       57     0.01611816    -6.18636620    -6.17024804    -6.37254494    -6.18636620
       58     0.01620872    -6.18831831    -6.17210959    -6.37102723    -6.18831831
       59     0.01626916    -6.19037402    -6.17410486    -6.36947079    -6.19037402
       60     0.01638324    -6.19255347    -6.17617023    -6.36792142    -6.19255347
       61     0.01661415    -6.19486952    -6.17825537    -6.36641202    -6.19486952
       62     0.01699355    -6.19732578    -6.18033223    -6.36495995    -6.19732578
       63     0.01751784    -6.19991538    -6.18239754    -6.36356730    -6.19991538
       64     0.01815140    -6.20262068    -6.18446928    -6.36222335    -6.20262068
       65     0.01883488    -6.20541403    -6.18657915    -6.36090783    -6.20541403
       66     0.01949637    -6.20825986    -6.18876349    -6.35959493    -6.20825986
       67     0.02006348    -6.21111785    -6.19105437    -6.35825732    -6.21111785
       68     0.02047490    -6.21394698    -6.19347208    -6.35686981    -6.21394698
       69     0.02068946    -6.21670953    -6.19602007    -6.35541265    -6.21670953
       70     0.02069131    -6.21937474    -6.19868343    -6.35387353    -6.21937474
       71     0.02048990    -6.22192122    -6.20143132    -6.35224846    -6.22192122
       72     0.02011514    -6.22433779    -6.20422265    -6.35054151    -6.22433779
       73     0.01960933    -6.22662319    -6.20701386    -6.34876327    -6.22662319
       74     0.01901837    -6.22878438    -6.20976601    -6.34692900    -6.22878438
       75     0.01838549    -6.23083449    -6.21244900    -6.34505659    -6.23083449
       76     0.01774707    -6.23279052    -6.21504345    -6.34316471    -6.23279052
       77     0.01713033    -6.23467101    -6.21754068    -6.34127130    -6.23467101
       78     0.01655395    -6.23649423    -6.21994028    -6.33939242    -6.23649423
       79     0.01602918    -6.23827669    -6.22224751    -6.33754147    -6.23827669
       80     0.01556152    -6.24003226    -6.22447074    -6.33572871    -6.24003226
       81     0.01515162    -6.24177170    -6.22662008    -6.33396114    -6.24177170
       82     0.01479655    -6.24350253    -6.22870598    -6.33224254    -6.24350253
       83     0.01449133    -6.24522920    -6.23073787    -6.33057385    -6.24522920
       84     0.01422956    -6.24695367    -6.23272411    -6.32895366    -6.24695367
       85     0.01400425    -6.24867593    -6.23467168    -6.32737879    -6.24867593
       86     0.01380853    -6.25039473    -6.23658620    -6.32584508    -6.25039473
       87     0.01363621    -6.25210827    -6.23847206    -6.32434798    -6.25210827
       88     0.01348218    -6.25381477    -6.24033259    -6.32288326    -6.25381477
       89     0.01334264    -6.25551301    -6.24217037    -6.32144749    -6.25551301
       90     0.01321516    -6.25720256    -6.24398740    -6.32003841    -6.25720256
       91     0.01309851    -6.25888395    -6.24578544    -6.31865512    -6.25888395
       92     0.01299239    -6.26055850    -6.24756611    -6.31729807    -6.26055850
       93     0.01289701    -6.26222813    -6.24933112    -6.31596896    -6.26222813
       94     0.01281290    -6.26389489    -6.25108199    -6.31467056    -6.26389489
       95     0.01273991    -6.26556053    -6.25282062    -6.31340630    -6.26556053
       96     0.01267688    -6.26722589    -6.25454901    -6.31218021    -6.26722589
       97     0.01262173    -6.26889034    -6.25626861    -6.31099667    -6.26889034
       98     0.01257092    -6.27055133    -6.25798041    -6.30986033    -6.27055133
       99     0.01251930    -6.27220388    -6.25968458    -6.30877630    -6.27220388
      100     0.01245998    -6.27384017    -6.26138019    -6.30775048    -6.27384017
      101     0.01238434    -6.27544912    -6.26306478    -6.30679010    -6.27544912
      102     0.01228190    -6.27701600    -6.26473410    -6.30590445    -6.27701600
      103     0.01214044    -6.27852210    -6.26638166    -6.30510573    -6.27852210
      104     0.01194612    -6.27994457    -6.26799845    -6.30440966    -6.27994457
      105     0.01168414    -6.28125685    -6.26957271    -6.30383570    -6.28125685
      106     0.01134018    -6.28243019    -6.27109001    -6.30340597    -6.28243019
      107     0.01090331    -6.28343716    -6.27253385    -6.30314217    -6.28343716
      108     0.01036979    -6.28425729    -6.27388750    -6.30306026    -6.28425729
      109     0.00974843    -6.28488369    -6.27513526    -6.30316404    -6.28488369
      110     0.00906121    -6.28532748    -6.27626627    -6.30344081    -6.28532748
      111     0.00834054    -6.28561715    -6.27727661    -6.30386208    -6.28561715
      112     0.00762408    -6.28579258    -6.27816850    -6.30438932    -6.28579258
      113     0.00694742    -6.28589734    -6.27894992    -6.30498158    -6.28589734
      114     0.00633959    -6.28597249    -6.27963290    -6.30560137    -6.28597249
      115     0.00582148    -6.28605320    -6.28023172    -6.30621765    -6.28605320
      116     0.00540636    -6.28616789    -6.28076153    -6.30680626    -6.28616789
      117     0.00510134    -6.28633855    -6.28123721    -6.30734908    -6.28633855
      118     0.00490887    -6.28658163    -6.28167276    -6.30783269    -6.28658163
      119     0.00482796    -6.28690886    -6.28208090    -6.30824701    -6.28690886
      120     0.00485491    -6.28732794    -6.28247303    -6.30858434    -6.28732794
      121     0.00498366    -6.28784298    -6.28285932    -6.30883850    -6.28784298
      122     0.00520589    -6.28845478    -6.28324889    -6.30900454    -6.28845478
      123     0.00551081    -6.28916093    -6.28365012    -6.30907866    -6.28916093
      124     0.00588488    -6.28995568    -6.28407080    -6.30905849    -6.28995568
      125     0.02295095    -6.30894399    -6.28599304    -6.30894399    -6.29082953
      126     0.01992730    -6.30802488    -6.28809758    -6.30802488    -6.29288063
      127     0.01741832    -6.30765234    -6.29023402    -6.30765234    -6.29426444
      128     0.01555649    -6.30788625    -6.29232976    -6.30788625    -6.29490819
      129     0.01429849    -6.30865940    -6.29436091    -6.30865940    -6.29487111
      130     0.01349572    -6.30981609    -6.29632037    -6.30981609    -6.29430573
      131     0.01299723    -6.31120944    -6.29821221    -6.31120944    -6.29336093
      132     0.01269644    -6.31274349    -6.30004705    -6.31274349    -6.29213926
      133     0.01252802    -6.31436552    -6.30183750    -6.31436552    -6.29070342
      134     0.01245258    -6.31604924    -6.30359666    -6.31604924    -6.28909154
      135     0.01244530    -6.31778260    -6.30533730    -6.31778260    -6.28732835
      136     0.01248937    -6.31956056    -6.30707119    -6.31956056    -6.28543136
      137     0.01257241    -6.32138139    -6.30880898    -6.32138139    -6.28341391
      138     0.01268456    -6.32324439    -6.31055983    -6.32324439    -6.28128688
      139     0.01281741    -6.32514870    -6.31233129    -6.32514870    -6.27905963
      140     0.01296345    -6.32709286    -6.31412941    -6.32709286    -6.27674022
      141     0.01311586    -6.32907438    -6.31595852    -6.32907438    -6.27433600
      142     0.01326843    -6.33108972    -6.31782129    -6.33108972    -6.27185383
      143     0.01341565    -6.33313468    -6.31971903    -6.33313468    -6.26930000
      144     0.01355279    -6.33520434    -6.32165155    -6.33520434    -6.26668071
      145     0.01367596    -6.33729339    -6.32361743    -6.33729339    -6.26400199
      146     0.01378219    -6.33939646    -6.32561427    -6.33939646    -6.26126987
      147     0.01386944    -6.34150818    -6.32763874    -6.34150818    -6.25849050
      148     0.01393642    -6.34362347    -6.32968705    -6.34362347    -6.25567017
      149     0.01398274    -6.34573764    -6.33175490    -6.34573764    -6.25281533
      150     0.01400873    -6.34784646    -6.33383773    -6.34784646    -6.24993249
      151     0.01401519    -6.34994616    -6.33593097    -6.34994616    -6.24702820
      152     0.01400327    -6.35203346    -6.33803019    -6.35203346    -6.24410895
      153     0.01397436    -6.35410549    -6.34013113    -6.35410549    -6.24118106
      154     0.01392993    -6.35615972    -6.34222979    -6.35615972    -6.23825060
      155     0.01387136    -6.35819395    -6.34432259    -6.35819395    -6.23532320
      156     0.01379977    -6.36020609    -6.34640632    -6.36020609    -6.23240415
      157     0.01371624    -6.36219425    -6.34847801    -6.36219425    -6.22949815
      158     0.01362194    -6.36415667    -6.35053473    -6.36415667    -6.22660929
      159     0.01351780    -6.36609167    -6.35257387    -6.36609167    -6.22374112
      160     0.01340469    -6.36799775    -6.35459306    -6.36799775    -6.22089660
      161     0.01328363    -6.36987363    -6.35659000    -6.36987363    -6.21807808
      162     0.01315578    -6.37171835    -6.35856257    -6.37171835    -6.21528735
      163     0.01302216    -6.37353148    -6.36050932    -6.37353148    -6.21252564
      164     0.01288411    -6.37531314    -6.36242903    -6.37531314    -6.20979373
      165     0.01274366    -6.37706438    -6.36432072    -6.37706438    -6.20709176
      166     0.01260362    -6.37878760    -6.36618398    -6.37878760    -6.20441907
      167     0.01246791    -6.38048696    -6.36801905    -6.38048696    -6.20177405
      168     0.01234210    -6.38216929    -6.36982719    -6.38216929    -6.19915345
      169     0.01223427    -6.38384532    -6.37161105    -6.38384532    -6.19655164
      170     0.01215619    -6.38553150    -6.37337531    -6.38553150    -6.19395931
      171     0.01212447    -6.38725218    -6.37512771    -6.38725218    -6.19136207
      172     0.01215982    -6.38904027    -6.37688045    -6.38904027    -6.18874080
      173     0.01227857    -6.39092962    -6.37865105    -6.39092962    -6.18607992
      174     0.01247032    -6.39292762    -6.38045730    -6.39292762    -6.18339325
      175     0.01267876    -6.39498507    -6.38230631    -6.39498507    -6.18074811
      176     0.01282331    -6.39700896    -6.38418565    -6.39700896    -6.17824408
      177     0.01284822    -6.39892424    -6.38607602    -6.39892424    -6.17594885
      178     0.01274225    -6.40069897    -6.38795672    -6.40069897    -6.17387847
      179     0.01252319    -6.40233055    -6.38980736    -6.40233055    -6.17201768
      180     0.01221870    -6.40382856    -6.39160986    -6.40382856    -6.17034078
      181     0.01185583    -6.40520575    -6.39334992    -6.40520575    -6.16882188
      182     0.01145712    -6.40647451    -6.39501739    -6.40647451    -6.16743837
      183     0.01103989    -6.40764574    -6.39660585    -6.40764574    -6.16617158
      184     0.01061674    -6.40872868    -6.39811194    -6.40872868    -6.16500643
      185     0.01019624    -6.40973113    -6.39953489    -6.40973113    -6.16393070
      186     0.00978387    -6.41065952    -6.40087565    -6.41065952    -6.16293458
      187     0.00938297    -6.41151923    -6.40213626    -6.41151923    -6.16201008
      188     0.00899530    -6.41231476    -6.40331946    -6.41231476    -6.16115066
      189     0.00862152    -6.41304991    -6.40442839    -6.41304991    -6.16035093
      190     0.00826144    -6.41372794    -6.40546650    -6.41372794    -6.15960643
      191     0.00791461    -6.41435169    -6.40643708    -6.41435169    -6.15891353
      192     0.00758052    -6.41492373    -6.40734321    -6.41492373    -6.15826917
      193     0.00725842    -6.41544644    -6.40818802    -6.41544644    -6.15767084
      194     0.00694756    -6.41592212    -6.40897456    -6.41592212    -6.15711652
      195     0.00664730    -6.41635300    -6.40970570    -6.41635300    -6.15660457
      196     0.00635711    -6.41674132    -6.41038421    -6.41674132    -6.15613370
      197     0.00607657    -6.41708935    -6.41101278    -6.41708935    -6.15570290
      198     0.00580547    -6.41739942    -6.41159395    -6.41739942    -6.15531137
      199     0.00554379    -6.41767387    -6.41213008    -6.41767387    -6.15495849
      200     0.00529147    -6.41791510    -6.41262363    -6.41791510    -6.15464372
      201     0.00504855    -6.41812548    -6.41307693    -6.41812548    -6.15436660
      202     0.00481506    -6.41830737    -6.41349231    -6.41830737    -6.15412661
      203     0.00459109    -6.41846307    -6.41387198    -6.41846307    -6.15392320
      204     0.00437669    -6.41859479    -6.41421810    -6.41859479    -6.15375568
      205     0.00417187    -6.41870461    -6.41453274    -6.41870461    -6.15362320
      206     0.00397658    -6.41879446    -6.41481788    -6.41879446    -6.15352473
      207     0.00379071    -6.41886608    -6.41507537    -6.41886608    -6.15345905
      208     0.00361406    -6.41892117    -6.41530711    -6.41892117    -6.15342462
      209     0.00344639    -6.41896106    -6.41551467    -6.41896106    -6.15341986
      210     0.00328736    -6.41898702    -6.41569966    -6.41898702    -6.15344290
      211     0.00313661    -6.41900016    -6.41586355    -6.41900016    -6.15349172
      212     0.00299373    -6.41900144    -6.41600771    -6.41900144    -6.15356420
      213     0.00285831    -6.41899171    -6.41613340    -6.41899171    -6.15365809
      214     0.00272994    -6.41897175    -6.41624181    -6.41897175    -6.15377113
      215     0.00260823    -6.41894226    -6.41633403    -6.41894226    -6.15390105
      216     0.00249286    -6.41890393    -6.41641107    -6.41890393    -6.15404561
      217     0.00238355    -6.41885741    -6.41647386    -6.41885741    -6.15420265
      218     0.00228009    -6.41880339    -6.41652330    -6.41880339    -6.15437010
      219     0.00218236    -6.41874254    -6.41656018    -6.41874254    -6.15454605
      220     0.00209031    -6.41867559    -6.41658528    -6.41867559    -6.15472868
      221     0.00200396    -6.41860325    -6.41659929    -6.41860325    -6.15491636
      222     0.00192342    -6.41852630    -6.41660288    -6.41852630    -6.15510761
      223     0.00184886    -6.41844549    -6.41659663    -6.41844549    -6.15530109
      224     0.00178051    -6.41836159    -6.41658108    -6.41836159    -6.15549560
      225     0.00171865    -6.41827536    -6.41655671    -6.41827536    -6.15569009
      226     0.00166356    -6.41818752    -6.41652396    -6.41818752    -6.15588358
      227     0.00161559    -6.41809873    -6.41648314    -6.41809873    -6.15607524
      228     0.00157513    -6.41800962    -6.41643449    -6.41800962    -6.15626427
      229     0.00154256    -6.41792074    -6.41637818    -6.41792074    -6.15644995
      230     0.00151826    -6.41783253    -6.41631427    -6.41783253    -6.15663158
      231     0.00150262    -6.41774536    -6.41624274    -6.41774536    -6.15680850
      232     0.00149600    -6.41765948    -6.41616348    -6.41765948    -6.15698007
      233     0.00149877    -6.41757506    -6.41607629    -6.41757506    -6.15714564
      234     0.00151128    -6.41749216    -6.41598088    -6.41749216    -6.15730459
      235     0.00153387    -6.41741074    -6.41587687    -6.41741074    -6.15745628
      236     0.00156685    -6.41733069    -6.41576384    -6.41733069    -6.15760013
      237     0.00161056    -6.41725184    -6.41564128    -6.41725184    -6.15773558
      238     0.00166530    -6.41717397    -6.41550867    -6.41717397    -6.15786213
      239     0.00173143    -6.41709685    -6.41536542    -6.41709685    -6.15797939
      240     0.00180930    -6.41702023    -6.41521093    -6.41702023    -6.15808707
      241     0.00189934    -6.41694389    -6.41504455    -6.41694389    -6.15818507
      242     0.00200203    -6.41686765    -6.41486562    -6.41686765    -6.15827347
      243     0.00211792    -6.41679140    -6.41467348    -6.41679140    -6.15835256
      244     0.00224766    -6.41671506    -6.41446740    -6.41671506    -6.15842288
      245     0.00239197    -6.41663860    -6.41424663    -6.41663860    -6.15848522
      246     0.00255160    -6.41656205    -6.41401045    -6.41656205    -6.15854059
      247     0.00272733    -6.41648539    -6.41375806    -6.41648539    -6.15859019
      248     0.00291986    -6.41640859    -6.41348873    -6.41640859    -6.15863543
      249     0.00312974    -6.41633149    -6.41320175    -6.41633149    -6.15867775
      250     0.00335725    -6.41625378    -6.41289653    -6.41625378    -6.15871866
      251     0.00360230    -6.41617491    -6.41257261    -6.41617491    -6.15875960
      252     0.00386432    -6.41609406    -6.41222974    -6.41609406    -6.15880189
      253     0.00414213    -6.41601012    -6.41186799    -6.41601012    -6.15884662
      254     0.00443388    -6.41592162    -6.41148774    -6.41592162    -6.15889466
      255     0.00473698    -6.41582680    -6.41108982    -6.41582680    -6.15894659
      256     0.00504808    -6.41572366    -6.41067558    -6.41572366    -6.15900272
      257     0.00536319    -6.41560999    -6.41024680    -6.41560999    -6.15906309
      258     0.00567777    -6.41548354    -6.40980577    -6.41548354    -6.15912760
      259     0.00598684    -6.41534208    -6.40935524    -6.41534208    -6.15919600
      260     0.00628514    -6.41518358    -6.40889844    -6.41518358    -6.15926806
      261     0.00656746    -6.41500634    -6.40843888    -6.41500634    -6.15934364
      262     0.00682878    -6.41480911    -6.40798033    -6.41480911    -6.15942274
      263     0.00706458    -6.41459116    -6.40752658    -6.41459116    -6.15950567
      264     0.00727099    -6.41435240    -6.40708141    -6.41435240    -6.15959291
      265     0.00744502    -6.41409333    -6.40664831    -6.41409333    -6.15968529
      266     0.00758458    -6.41381504    -6.40623046    -6.41381504    -6.15978386
      267     0.00768858    -6.41351914    -6.40583056    -6.41351914    -6.15988979
      268     0.00775686    -6.41320759    -6.40545073    -6.41320759    -6.16000437
      269     0.00779005    -6.41288263    -6.40509258    -6.41288263    -6.16012874
      270     0.00778947    -6.41254661    -6.40475714    -6.41254661    -6.16026385
      271     0.00775686    -6.41220182    -6.40444496    -6.41220182    -6.16041031
      272     0.00769432    -6.41185037    -6.40415605    -6.41185037    -6.16056830
      273     0.00760417    -6.41149409    -6.40388992    -6.41149409    -6.16073745
      274     0.00748883    -6.41113447    -6.40364564    -6.41113447    -6.16091676
      275     0.00735085    -6.41077266    -6.40342181    -6.41077266    -6.16110472
      276     0.00719266    -6.41040949    -6.40321683    -6.41040949    -6.16129930
      277     0.00701666    -6.41004554    -6.40302888    -6.41004554    -6.16149806
      278     0.00682528    -6.40968128    -6.40285600    -6.40968128    -6.16169824
      279     0.00662105    -6.40931719    -6.40269614    -6.40931719    -6.16189693
      280     0.00640673    -6.40895394    -6.40254721    -6.40895394    -6.16209117
      281     0.00618538    -6.40859253    -6.40240715    -6.40859253    -6.16227815
      282     0.00596048    -6.40823446    -6.40227398    -6.40823446    -6.16245524
      283     0.00573603    -6.40788179    -6.40214576    -6.40788179    -6.16262015
      284     0.00551655    -6.40753732    -6.40202077    -6.40753732    -6.16277091
      285     0.00530716    -6.40720448    -6.40189732    -6.40720448    -6.16290593
      286     0.00511356    -6.40688745    -6.40177389    -6.40688745    -6.16302390
      287     0.00494192    -6.40659099    -6.40164907    -6.40659099    -6.16312375
      288     0.00479885    -6.40632034    -6.40152149    -6.40632034    -6.16320452
      289     0.00469133    -6.40608101    -6.40138968    -6.40608101    -6.16326526
      290     0.00462634    -6.40587853    -6.40125219    -6.40587853    -6.16330491
      291     0.00461069    -6.40571825    -6.40110756    -6.40571825    -6.16332217
      292     0.00465087    -6.40560500    -6.40095413    -6.40560500    -6.16331542
      293     0.00475267    -6.40554284    -6.40079017    -6.40554284    -6.16328275
      294     0.00492083    -6.40553475    -6.40061392    -6.40553475    -6.16322195
      295     0.00515864    -6.40558250    -6.40042386    -6.40558250    -6.16313055
      296     0.00546757    -6.40568639    -6.40021882    -6.40568639    -6.16300612
      297     0.00584686    -6.40584530    -6.39999844    -6.40584530    -6.16284635
      298     0.00629314    -6.40605663    -6.39976349    -6.40605663    -6.16264933
      299     0.00680019    -6.40631649    -6.39951630    -6.40631649    -6.16241384
      300     0.00735871    -6.40661984    -6.39926113    -6.40661984    -6.16213955
