#    Step        Prob(0)        Prob(1)        
        0     0.00000000     0.00000000
        1     0.00000000     0.00000000
        2     0.00000000     0.00000000
        3     0.00000001     0.00000000
        4     0.00000000     0.00000000
        5     0.00000000     0.00000000
        6     0.00000000     0.00000000
        7     0.00000000     0.00000000
        8     0.00000000     0.00000000
        9     0.00000000     0.00000000
       10     0.00000000     0.00000000
       11     0.00000000     0.00000000
       12     0.00000000     0.00000000
       13     0.00000000     0.00000000
       14     0.00000001     0.00000000
       15     0.00000000     0.00000000
       16     0.00000001     0.00000000
       17     0.00000000     0.00000000
       18     0.00000000     0.00000000
       19     0.00000003     0.00000000
       20     0.00000000     0.00000000
       21     0.00000004     0.00000000
       22     0.00000000     0.00000000
       23     0.00000000     0.00000000
       24     0.00000006     0.00000000
       25     0.00000000     0.00000000
       26     0.00000007     0.00000000
       27     0.00000002     0.00000000
       28     0.00000000     0.00000000
       29     0.00000011     0.00000000
       30     0.00000000     0.00000000
       31     0.00000006     0.00000000
       32     0.00000008     0.00000000
       33     0.00000000     0.00000000
       34     0.00000014     0.00000000
       35     0.00000000     0.00000000
       36     0.00000000     0.00000000
       37     0.00000019     0.00000000
       38     0.00000000     0.00000000
       39     0.00000011     0.00000000
       40     0.00000021     0.00000000
       41     0.00000000     0.00000000
       42     0.00000035     0.00000000
       43     0.00000030     0.00000000
       44     0.00000021     0.00000000
       45     0.00000091     0.00000000
       46     0.00000082     0.00000000
       47     0.00000139     0.00000000
       48     0.00000324     0.00000000
       49     0.00000467     0.00000000
       50     0.00001082     0.00000000
       51     0.00002902     0.00000000
       52     0.00010218     0.00000000
       53     0.00118126     0.00000000
       54     0.00000000     0.00000000
       55     0.00000000     0.00000000
       56     0.00036214     0.00000000
       57     0.00011317     0.00000000
       58     0.00000000     0.00000000
       59     0.00009587     0.00000000
       60     0.00023472     0.00000000
       61     0.00000000     0.00000000
       62     0.00000000     0.00000000
       63     0.00020716     0.00000000
       64     0.00007192     0.00000000
       65     0.00000000     0.00000000
       66     0.00000000     0.00000000
       67     0.00018021     0.00000000
       68     0.00006430     0.00000000
       69     0.00000000     0.00000000
       70     0.00000000     0.00000000
       71     0.00010047     0.00000000
       72     0.00012531     0.00000000
       73     0.00000000     0.00000000
       74     0.00000000     0.00000000
       75     0.00000000     0.00000000
       76     0.00005889     0.00000000
       77     0.00008362     0.00000000
       78     0.00001962     0.00000000
       79     0.00000000     0.00000000
       80     0.00000000     0.00000000
       81     0.00000000     0.00000000
       82     0.00001051     0.00000000
       83     0.00000683     0.00000000
       84     0.00000000     0.00000000
       85     0.00000080     0.00000000
       86     0.00003173     0.00000000
       87     0.00006410     0.00000000
       88     0.00006720     0.00000000
       89     0.00002636     0.00000000
       90     0.00000000     0.00000000
       91     0.00000000     0.00000000
       92     0.00000000     0.00000000
       93     0.00000000     0.00000000
       94     0.00000000     0.00000000
       95     0.00018169     0.00000000
       96     0.00041236     0.00000000
       97     0.00067089     0.00000000
       98     0.00094543     0.00000000
       99     0.00124299     0.00000000
      100     0.00159892     0.00000000
      101     0.00208749     0.00000000
      102     0.00283395     0.00000000
      103     0.00402452     0.00000000
      104     0.00590143     0.00000000
      105     0.00871367     0.00000000
      106     0.01258144     0.00000000
      107     0.01726171     0.00000000
      108     0.02193308     0.00000000
      109     0.02529574     0.00000000
      110     0.02610288     0.00000000
      111     0.02386102     0.00000000
      112     0.01904862     0.00000000
      113     0.01276546     0.00000000
      114     0.00620227     0.00000000
      115     0.00029367     0.00000000
      116     0.00000000     0.00000000
      117     0.00000000     0.00000000
      118     0.00000000     0.00000000
      119     0.00000000     0.00000000
      120     0.00000000     0.00000000
      121     0.00000000     0.00000000
      122     0.00000000     0.00000000
      123     0.00371466     0.00000000
      124     0.01075176     0.00000000
      125     0.02015165     0.00000000
      126     0.00000000     0.00000000
      127     0.00000000     0.00000000
      128     0.00000000     0.00000000
      129     0.00000000     0.00000000
      130     0.00000000     0.00000000
      131     0.00000000     0.01725018
      132     0.00000000     0.02894929
      133     0.00000000     0.03320332
      134     0.00000000     0.03118765
      135     0.00000000     0.02583579
      136     0.00000000     0.01879408
      137     0.00000000     0.01164948
      138     0.00000000     0.00564971
      139     0.00000000     0.00148697
      140     0.00000000     0.00000000
      141     0.00000000     0.00000000
      142     0.00000000     0.00000000
      143     0.00000000     0.00000000
      144     0.00000000     0.00016584
      145     0.00000000     0.00000000
      146     0.00000000     0.00000000
      147     0.00000000     0.00000000
      148     0.00000000     0.00000000
      149     0.00000000     0.00067880
      150     0.00000000     0.00136684
      151     0.00000000     0.00076446
      152     0.00000000     0.00000000
      153     0.00000000     0.00000000
      154     0.00000000     0.00000000
      155     0.00000000     0.00008627
      156     0.00000000     0.00005549
      157     0.00000000     0.00000000
      158     0.00000000     0.00000000
      159     0.00000000     0.00004697
      160     0.00000000     0.00010827
      161     0.00000000     0.00000000
      162     0.00000000     0.00000000
      163     0.00000000     0.00005755
      164     0.00000000     0.00012431
      165     0.00000000     0.00000000
      166     0.00000000     0.00000000
      167     0.00000000     0.00017086
      168     0.00000000     0.00003165
      169     0.00000000     0.00000000
      170     0.00000000     0.00016618
      171     0.00000000     0.00016659
      172     0.00000000     0.00000000
      173     0.00000000     0.00018413
      174     0.00000000     0.00015513
      175     0.00000000     0.00000000
      176     0.00000000     0.00015045
      177     0.00000000     0.00000000
      178     0.00000000     0.00000000
      179     0.00000000     0.00013762
      180     0.00000000     0.00000000
      181     0.00000000     0.00000000
      182     0.00000000     0.00005092
      183     0.00000000     0.00000000
      184     0.00000000     0.00005531
      185     0.00000000     0.00000000
      186     0.00000000     0.00000000
      187     0.00000000     0.00002302
      188     0.00000000     0.00000000
      189     0.00000000     0.00003184
      190     0.00000000     0.00000000
      191     0.00000000     0.00001028
      192     0.00000000     0.00000200
      193     0.00000000     0.00000000
      194     0.00000000     0.00001730
      195     0.00000000     0.00000000
      196     0.00000000     0.00001587
      197     0.00000000     0.00000000
      198     0.00000000     0.00000443
      199     0.00000000     0.00000174
      200     0.00000000     0.00000000
      201     0.00000000     0.00001021
      202     0.00000000     0.00000000
      203     0.00000000     0.00001088
      204     0.00000000     0.00000000
      205     0.00000000     0.00000524
      206     0.00000000     0.00000000
      207     0.00000000     0.00000000
      208     0.00000000     0.00000547
      209     0.00000000     0.00000000
      210     0.00000000     0.00000829
      211     0.00000000     0.00000000
      212     0.00000000     0.00000609
      213     0.00000000     0.00000000
      214     0.00000000     0.00000071
      215     0.00000000     0.00000214
      216     0.00000000     0.00000000
      217     0.00000000     0.00000603
      218     0.00000000     0.00000000
      219     0.00000000     0.00000593
      220     0.00000000     0.00000000
      221     0.00000000     0.00000223
      222     0.00000000     0.00000019
      223     0.00000000     0.00000000
      224     0.00000000     0.00000410
      225     0.00000000     0.00000000
      226     0.00000000     0.00000483
      227     0.00000000     0.00000000
      228     0.00000000     0.00000227
      229     0.00000000     0.00000000
      230     0.00000000     0.00000000
      231     0.00000000     0.00000253
      232     0.00000000     0.00000000
      233     0.00000000     0.00000296
      234     0.00000000     0.00000000
      235     0.00000000     0.00000122
      236     0.00000000     0.00000000
      237     0.00000000     0.00000000
      238     0.00000000     0.00000079
      239     0.00000000     0.00000000
      240     0.00000000     0.00000017
      241     0.00000000     0.00000026
      242     0.00000000     0.00000000
      243     0.00000000     0.00000000
      244     0.00000000     0.00000090
      245     0.00000000     0.00000000
      246     0.00000000     0.00000311
      247     0.00000000     0.00000000
      248     0.00000000     0.00000303
      249     0.00000000     0.00000000
      250     0.00000000     0.00000000
      251     0.00000000     0.00000384
      252     0.00000000     0.00000000
      253     0.00000000     0.00000735
      254     0.00000000     0.00000000
      255     0.00000000     0.00000435
      256     0.00000000     0.00000000
      257     0.00000000     0.00000000
      258     0.00000000     0.00000810
      259     0.00000000     0.00000000
      260     0.00000000     0.00001049
      261     0.00000000     0.00000000
      262     0.00000000     0.00000273
      263     0.00000000     0.00000356
      264     0.00000000     0.00000000
      265     0.00000000     0.00001356
      266     0.00000000     0.00000000
      267     0.00000000     0.00001125
      268     0.00000000     0.00000000
      269     0.00000000     0.00000000
      270     0.00000000     0.00001239
      271     0.00000000     0.00000000
      272     0.00000000     0.00001879
      273     0.00000000     0.00000000
      274     0.00000000     0.00000416
      275     0.00000000     0.00000794
      276     0.00000000     0.00000000
      277     0.00000000     0.00002400
      278     0.00000000     0.00000000
      279     0.00000000     0.00001208
      280     0.00000000     0.00000271
      281     0.00000000     0.00000000
      282     0.00000000     0.00002673
      283     0.00000000     0.00000000
      284     0.00000000     0.00001689
      285     0.00000000     0.00000000
      286     0.00000000     0.00000000
      287     0.00000000     0.00002573
      288     0.00000000     0.00000000
      289     0.00000000     0.00001528
      290     0.00000000     0.00000000
      291     0.00000000     0.00000000
      292     0.00000000     0.00001669
      293     0.00000000     0.00000000
      294     0.00000000     0.00000617
      295     0.00000000     0.00000002
      296     0.00000000     0.00000000
      297     0.00000000     0.00000000
      298     0.00000000     0.00000603
      299     0.00000000     0.00000000
      300     0.00000000     0.00000003
