#    Non-Adiabatic Coupling Matrix Elements: off-diagonal
         0     0.00006781
         1    -0.00006635
         2    -0.00019833
         3    -0.00034231
         4    -0.00051336
         5    -0.00072496
         6    -0.00098145
         7    -0.00126383
         8    -0.00152002
         9    -0.00168623
        10    -0.00173474
        11    -0.00168945
        12    -0.00158916
        13    -0.00145729
        14    -0.00130113
        15    -0.00112075
        16    -0.00091617
        17    -0.00069076
        18    -0.00045380
        19    -0.00021909
        20    -0.00000279
        21     0.00018023
        22     0.00032048
        23     0.00041584
        24     0.00047181
        25     0.00049921
        26     0.00051094
        27     0.00051883
        28     0.00053209
        29     0.00055510
        30     0.00058876
        31     0.00063054
        32     0.00067552
        33     0.00071699
        34     0.00074675
        35     0.00075876
        36     0.00074562
        37     0.00070278
        38     0.00062901
        39     0.00052663
        40     0.00040115
        41     0.00025914
        42     0.00010794
        43    -0.00004593
        44    -0.00019668
        45    -0.00033820
        46    -0.00046417
        47    -0.00056810
        48    -0.00064455
        49    -0.00068985
        50    -0.00070303
        51    -0.00068581
        52    -0.00064239
        53    -0.00057733
        54    -0.00049620
        55    -0.00040601
        56    -0.00031566
        57    -0.00023539
        58    -0.00017485
        59    -0.00014012
        60    -0.00013157
        61    -0.00014281
        62    -0.00016374
        63    -0.00018286
        64    -0.00019101
        65    -0.00018294
        66    -0.00015840
        67    -0.00012133
        68    -0.00007822
        69    -0.00003653
        70    -0.00000363
        71     0.00001364
        72     0.00000942
        73    -0.00002030
        74    -0.00007685
        75    -0.00015850
        76    -0.00026099
        77    -0.00037843
        78    -0.00050392
        79    -0.00062984
        80    -0.00074764
        81    -0.00084780
        82    -0.00092000
        83    -0.00095420
        84    -0.00093865
        85    -0.00086454
        86    -0.00071991
        87    -0.00048853
        88    -0.00014354
        89     0.00036150
        90     0.00110255
        91     0.00218948
        92     0.00370883
        93     0.00548378
        94     0.00668839
        95     0.00640473
        96     0.00506400
        97     0.00371289
        98     0.00277269
        99     0.00222395
       100     0.00194353
       101     0.00182449
       102     0.00177308
       103     0.00170178
       104     0.00150992
       105     0.00104785
       106    -0.00000174
       107    -0.00262936
       108    -0.01073747
       109    -0.02130730
       110    -0.00612315
       111    -0.00163216
       112    -0.00021459
       113     0.00035071
       114     0.00061801
       115     0.00076385
       116     0.00086021
       117     0.00093975
       118     0.00102084
       119     0.00111580
       120     0.00123500
       121     0.00138933
       122     0.00159346
       123     0.00186507
       124     0.00221876
       125     0.00262640
       126     0.00291440
       127     0.00268375
       128     0.00194843
       129     0.00125692
       130     0.00077867
       131     0.00046901
       132     0.00027761
       133     0.00017809
       134     0.00015794
       135    -0.00120302
       136     0.00014480
       137    -0.00000723
       138    -0.00016134
       139    -0.00025750
       140    -0.00031043
       141    -0.00033152
       142    -0.00032562
       143    -0.00029364
       144    -0.00023758
       145    -0.00016287
       146    -0.00007907
       147     0.00000368
       148     0.00007761
       149     0.00013928
       150     0.00019013
       151     0.00023524
       152     0.00027886
       153     0.00031762
       154     0.00033771
       155     0.00032408
       156     0.00026745
       157     0.00016581
       158     0.00001656
       159    -0.00018874
       160    -0.00046113
       161    -0.00079441
       162    -0.00112856
       163    -0.00134956
       164    -0.00138689
       165    -0.00128557
       166    -0.00113131
       167    -0.00098006
       168    -0.00085439
       169    -0.00075899
       170    -0.00069147
       171    -0.00064884
       172    -0.00062700
       173    -0.00062182
       174    -0.00062798
       175    -0.00063893
       176    -0.00064755
       177    -0.00064714
       178    -0.00063273
       179    -0.00060052
       180    -0.00054760
       181    -0.00047157
       182    -0.00037306
       183    -0.00025539
       184    -0.00012645
       185     0.00000330
       186     0.00012367
       187     0.00022696
       188     0.00030876
       189     0.00036776
       190     0.00040500
       191     0.00042541
       192     0.00043480
       193     0.00044130
       194     0.00045311
       195     0.00047693
       196     0.00051650
       197     0.00057173
       198     0.00064052
       199     0.00071901
       200     0.00080288
       201     0.00088811
       202     0.00097129
       203     0.00104907
       204     0.00112076
       205     0.00118518
       206     0.00124316
       207     0.00129383
       208     0.00133172
       209     0.00132825
       210     0.00121292
       211     0.00094276
       212     0.00060971
       213     0.00033223
       214     0.00014451
       215     0.00003182
       216    -0.00002787
       217    -0.00005157
       218    -0.00005089
       219    -0.00003374
       220    -0.00000876
