#    Step        Prob(0)        Prob(1)        
        0     0.00000000     0.00000000
        1     0.00000000     0.00000000
        2     0.00000000     0.00000000
        3     0.00000000     0.00000000
        4     0.00000010     0.00000000
        5     0.00000011     0.00000000
        6     0.00000000     0.00000000
        7     0.00000000     0.00000000
        8     0.00000000     0.00000000
        9     0.00000002     0.00000000
       10     0.00000736     0.00000000
       11     0.00001212     0.00000000
       12     0.00001226     0.00000000
       13     0.00000000     0.00000000
       14     0.00000000     0.00000000
       15     0.00001779     0.00000000
       16     0.00000509     0.00000000
       17     0.00000000     0.00000000
       18     0.00001511     0.00000000
       19     0.00000000     0.00000000
       20     0.00000905     0.00000000
       21     0.00000000     0.00000000
       22     0.00000000     0.00000000
       23     0.00000249     0.00000000
       24     0.00000000     0.00000000
       25     0.00000000     0.00000000
       26     0.00000000     0.00000000
       27     0.00000000     0.00000000
       28     0.00000000     0.00000000
       29     0.00000000     0.00000000
       30     0.00000232     0.00000000
       31     0.00000478     0.00000000
       32     0.00000774     0.00000000
       33     0.00001519     0.00000000
       34     0.00003297     0.00000000
       35     0.00006449     0.00000000
       36     0.00010846     0.00000000
       37     0.00015837     0.00000000
       38     0.00019992     0.00000000
       39     0.00021031     0.00000000
       40     0.00016931     0.00000000
       41     0.00007809     0.00000000
       42     0.00000000     0.00000000
       43     0.00000000     0.00000000
       44     0.00000000     0.00000000
       45     0.00000000     0.00000000
       46     0.00000000     0.00000000
       47     0.00000000     0.00000000
       48     0.00000000     0.00000000
       49     0.00000000     0.00000000
       50     0.00000000     0.00000000
       51     0.00000000     0.00000000
       52     0.00000000     0.00000000
       53     0.00000000     0.00000000
       54     0.00000466     0.00000000
       55     0.00000997     0.00000000
       56     0.00000056     0.00000000
       57     0.00000000     0.00000000
       58     0.00001661     0.00000000
       59     0.00005980     0.00000000
       60     0.00007878     0.00000000
       61     0.00003255     0.00000000
       62     0.00000000     0.00000000
       63     0.00000000     0.00000000
       64     0.00003000     0.00000000
       65     0.00010559     0.00000000
       66     0.00002060     0.00000000
       67     0.00000000     0.00000000
       68     0.00000000     0.00000000
       69     0.00010571     0.00000000
       70     0.00000000     0.00000000
       71     0.00000000     0.00000000
       72     0.00006339     0.00000000
       73     0.00003210     0.00000000
       74     0.00000000     0.00000000
       75     0.00007828     0.00000000
       76     0.00000000     0.00000000
       77     0.00000000     0.00000000
       78     0.00009109     0.00000000
       79     0.00000000     0.00000000
       80     0.00000000     0.00000000
       81     0.00002550     0.00000000
       82     0.00000000     0.00000000
       83     0.00001253     0.00000000
       84     0.00004807     0.00000000
       85     0.00015470     0.00000000
       86     0.00285022     0.00000000
       87     0.05378318     0.00000000
       88     0.43286819     0.00000000
       89     0.16689581     0.00000000
       90     0.00000000     0.00000000
       91     0.00472044     0.00000000
       92     0.00000000     0.00000000
       93     0.00000000     0.00000000
       94     0.00747174     0.00000000
       95     0.00000000     0.00000000
       96     0.00000000     0.00000000
       97     0.00000000     0.00000000
       98     0.00734242     0.00000000
       99     0.00000000     0.00000000
      100     0.01413444     0.00000000
      101     0.00000000     0.00000000
      102     0.00000000     0.00000000
      103     0.01277463     0.00000000
      104     0.00000000     0.00000000
      105     0.00000000     0.00000000
      106     0.00360084     0.00000000
      107     0.00433273     0.00000000
      108     0.00000000     0.00000000
      109     0.00084520     0.00000000
      110     0.00336982     0.00000000
      111     0.00166493     0.00000000
      112     0.00000000     0.00000000
      113     0.00000000     0.00000000
      114     0.00000000     0.00000000
      115     0.00352161     0.00000000
      116     0.03307917     0.00000000
      117     0.21385780     0.00000000
      118     0.00000000     0.00000000
      119     0.37865067     0.00000000
      120     0.20173935     0.00000000
      121     0.18703783     0.00000000
      122     1.00000000     0.00000000
      123     0.00000000     0.00000000
      124     0.00000000     0.00938660
      125     0.00000000     0.00900693
      126     0.00000000     0.00481341
      127     0.00000000     0.00091599
      128     0.00000000     0.00000000
      129     0.00000000     0.00000000
      130     0.00000000     0.00011613
      131     0.00000000     0.00004252
      132     0.00000000     0.00000000
      133     0.00000000     0.00000000
      134     0.00000000     0.00000000
      135     0.00000000     0.00000000
      136     0.00000000     0.00000000
      137     0.00000000     0.00261199
      138     0.00000000     0.00039948
      139     0.00000000     0.00000000
      140     0.00000000     0.00259707
      141     0.00000000     0.00097990
      142     0.00000000     0.00000000
      143     0.00000000     0.00444908
      144     0.00000000     0.00000000
      145     0.00000000     0.00519085
      146     0.00000000     0.00000000
      147     0.00000000     0.00000000
      148     0.00000000     0.00000300
      149     0.00000000     0.00000000
      150     0.00000000     0.00002177
      151     0.00000000     0.00012483
      152     0.00000000     0.00015653
      153     0.00000000     0.00012025
      154     0.00000000     0.00007033
      155     0.00000000     0.00000249
      156     0.00000000     0.00000000
      157     0.00000000     0.00000000
      158     0.00000000     0.00000000
      159     0.00000000     0.00000000
      160     0.00000000     0.00137589
      161     0.00000000     0.00000000
      162     0.00000000     0.00004603
      163     0.00000000     0.00036457
      164     0.00000000     0.00000000
      165     0.00000000     0.00029840
      166     0.00000000     0.00009943
      167     0.00000000     0.00000000
      168     0.00000000     0.00112124
      169     0.00000000     0.00000000
      170     0.00000000     0.00005955
      171     0.00000000     0.00102928
      172     0.00000000     0.00000000
      173     0.00000000     0.00000000
      174     0.00000000     0.00113784
      175     0.00000000     0.00000000
      176     0.00000000     0.00000000
      177     0.00000000     0.00029441
      178     0.00000000     0.00088030
      179     0.00000000     0.00000000
      180     0.00000000     0.00000000
      181     0.00000000     0.00019605
      182     0.00000000     0.00072309
      183     0.00000000     0.00000000
      184     0.00000000     0.00000000
      185     0.00000000     0.00004388
      186     0.00000000     0.00059986
      187     0.00000000     0.00000000
      188     0.00000000     0.00000000
      189     0.00000000     0.00005139
      190     0.00000000     0.00029029
      191     0.00000000     0.00000000
      192     0.00000000     0.00000000
      193     0.00000000     0.00000722
      194     0.00000000     0.00000000
      195     0.00000000     0.00008757
      196     0.00000000     0.00031166
      197     0.00000000     0.00000000
      198     0.00000000     0.00000000
      199     0.00000000     0.00000000
      200     0.00000000     0.00073453
      201     0.00000000     0.00073970
      202     0.00000000     0.00000000
      203     0.00000000     0.00000000
      204     0.00000000     0.00000000
      205     0.00000000     0.00089834
      206     0.00000000     0.00156479
      207     0.00000000     0.00071606
      208     0.00000000     0.00000000
      209     0.00000000     0.00000000
      210     0.00000000     0.00001556
      211     0.00000000     0.00133562
      212     0.00000000     0.00055572
      213     0.00000000     0.00000000
      214     0.00000000     0.00000000
      215     0.00000000     0.00065329
      216     0.00000000     0.00043226
      217     0.00000000     0.00000000
      218     0.00000000     0.00022252
      219     0.00000000     0.00014176
      220     0.00000000     0.00000000
      221     0.00000000     0.00041254
      222     0.00000000     0.00000000
      223     0.00000000     0.00056303
      224     0.00000000     0.00066321
      225     0.00000000     0.00000000
      226     0.00000000     0.00000000
      227     0.00000000     0.00035424
      228     0.00000000     0.00050936
      229     0.00000000     0.00027667
      230     0.00000000     0.00000000
      231     0.00000000     0.00000000
      232     0.00000000     0.00000000
      233     0.00000000     0.00022116
      234     0.00000000     0.00074431
      235     0.00000000     0.00000000
      236     0.00000000     0.00063332
      237     0.00000000     0.00000000
      238     0.00000000     0.00025719
      239     0.00000000     0.00000000
      240     0.00000000     0.00073782
      241     0.00000000     0.00000000
      242     0.00000000     0.00003391
      243     0.00000000     0.00069353
      244     0.00000000     0.00000000
      245     0.00000000     0.00000000
      246     0.00000000     0.00040734
      247     0.00000000     0.00147013
      248     0.00000000     0.00145533
      249     0.00000000     0.00058679
      250     0.00000000     0.00000000
      251     0.00000000     0.00000000
      252     0.00000000     0.00007575
      253     0.00000000     0.00045995
      254     0.00000000     0.00086219
      255     0.00000000     0.00156131
      256     0.00000000     0.00332934
      257     0.00000000     0.00809433
      258     0.00000000     0.01959722
      259     0.00000000     0.04027640
      260     0.00000000     0.06093632
      261     0.00000000     0.06306423
      262     0.00000000     0.04294894
      263     0.00000000     0.01214358
      264     0.00000000     0.00000000
      265     0.00000000     0.00000000
      266     0.00000000     0.00000000
      267     0.00000000     0.00000000
      268     0.00000000     0.02458767
      269     0.00000000     0.01877348
      270     0.00000000     0.00000000
      271     0.00000000     0.00092459
      272     0.00000000     0.01240923
      273     0.00000000     0.00000000
      274     0.00000000     0.01149498
      275     0.00000000     0.03288181
      276     0.00000000     0.00000000
      277     0.00000000     0.00008231
      278     0.00000000     0.00024673
      279     0.00000000     0.00007343
      280     0.00000000     0.00000000
      281     0.00000000     0.00947878
      282     0.00000000     0.00000000
      283     0.00000000     0.00050386
      284     0.00000000     0.00000000
      285     0.00000000     0.00504841
      286     0.00000000     0.00000000
      287     0.00000000     0.00000000
      288     0.00000000     0.00000000
      289     0.00000000     0.00000000
      290     0.00000000     0.01140481
      291     0.00000000     0.00000000
      292     0.00000000     0.00914697
      293     0.00000000     0.00000000
      294     0.00000000     0.00323586
      295     0.00000000     0.00111471
      296     0.00000000     0.00000000
      297     0.00000000     0.00000000
      298     0.00000000     0.00083658
      299     0.00000000     0.00213290
      300     0.00000000     0.00299499
      301     0.00000000     0.00337800
      302     0.00000000     0.00483967
      303     0.00000000     0.01432238
      304     0.00000000     0.04642712
      305     0.00000000     0.00000000
      306     0.00000000     0.00000000
      307     0.00000000     0.00000000
      308     0.00000000     0.00000000
      309     0.00000000     0.00000000
      310     0.00000000     0.00000000
      311     0.02300147     0.00000000
      312     0.07422779     0.00000000
      313     0.14140386     0.00000000
      314     0.00000000     0.00000000
      315     0.00000000     0.00000000
      316     0.00000000     0.00000000
      317     0.00000000     0.00000000
      318     0.00000000     0.00000000
      319     0.00000000     0.00044475
      320     0.00000000     0.00498383
      321     0.00000000     0.00423550
      322     0.00000000     0.00000000
      323     0.00000000     0.00000000
      324     0.00000000     0.00693348
      325     0.00000000     0.00000000
      326     0.00000000     0.00000000
      327     0.00000000     0.00717475
      328     0.00000000     0.00000000
      329     0.00000000     0.00319740
      330     0.00000000     0.00129640
      331     0.00000000     0.00000000
      332     0.00000000     0.00000000
      333     0.00000000     0.00000000
      334     0.00000000     0.00000782
      335     0.00000000     0.00000385
      336     0.00000000     0.00000000
      337     0.00000000     0.00002702
      338     0.00000000     0.00004437
      339     0.00000000     0.00000747
      340     0.00000000     0.00000000
      341     0.00000000     0.00000000
      342     0.00000000     0.00015729
      343     0.00000000     0.00059097
      344     0.00000000     0.00007965
      345     0.00000000     0.00001860
      346     0.00000000     0.00000000
      347     0.00000000     0.00000000
      348     0.00000000     0.00000000
      349     0.00000000     0.00015968
      350     0.00000000     0.00000000
      351     0.00000000     0.00000000
      352     0.00000000     0.00017432
      353     0.00000000     0.00000000
      354     0.00000000     0.00000000
      355     0.00000000     0.00000000
      356     0.00000000     0.00002886
      357     0.00000000     0.00000000
      358     0.00000000     0.00000000
      359     0.00000000     0.00000000
      360     0.00000000     0.00003479
      361     0.00000000     0.00000000
      362     0.00000000     0.00000000
      363     0.00000000     0.00000000
      364     0.00000000     0.00001129
      365     0.00000000     0.00000000
      366     0.00000000     0.00000000
      367     0.00000000     0.00000082
      368     0.00000000     0.00000000
      369     0.00000000     0.00001772
      370     0.00000000     0.00001801
      371     0.00000000     0.00000000
      372     0.00000000     0.00000793
      373     0.00000000     0.00003354
      374     0.00000000     0.00000000
      375     0.00000000     0.00000000
      376     0.00000000     0.00004559
      377     0.00000000     0.00000000
      378     0.00000000     0.00000000
      379     0.00000000     0.00006500
      380     0.00000000     0.00000000
      381     0.00000000     0.00001703
      382     0.00000000     0.00008620
      383     0.00000000     0.00000000
      384     0.00000000     0.00008262
      385     0.00000000     0.00005234
      386     0.00000000     0.00000000
      387     0.00000000     0.00016772
      388     0.00000000     0.00000000
      389     0.00000000     0.00002048
      390     0.00000000     0.00000000
      391     0.00000000     0.00000000
      392     0.00000000     0.00006055
      393     0.00000000     0.00000000
      394     0.00000000     0.00010091
      395     0.00000000     0.00000000
      396     0.00000000     0.00018683
      397     0.00000000     0.00000000
      398     0.00000000     0.00011176
      399     0.00000000     0.00000000
      400     0.00000000     0.00000000
      401     0.00000000     0.00007464
      402     0.00000000     0.00000000
      403     0.00000000     0.00000000
      404     0.00000000     0.00003531
      405     0.00000000     0.00000274
      406     0.00000000     0.00000000
      407     0.00000000     0.00002196
      408     0.00000000     0.00000466
      409     0.00000000     0.00000000
      410     0.00000000     0.00201828
      411     0.00000000     0.00000000
      412     0.00000000     0.00000000
      413     0.00000000     0.00041139
      414     0.00000000     0.00000000
      415     0.00000000     0.00039148
      416     0.00000000     0.00000000
      417     0.00000000     0.00000000
      418     0.00000000     0.00073010
      419     0.00000000     0.00000000
      420     0.00000000     0.00000000
      421     0.00000000     0.00113956
      422     0.00000000     0.00015501
      423     0.00000000     0.00000000
      424     0.00000000     0.00034500
      425     0.00000000     0.00232047
      426     0.00000000     0.00297843
      427     0.00000000     0.00190009
      428     0.00000000     0.00017695
      429     0.00000000     0.00000000
      430     0.00000000     0.00000000
      431     0.00000000     0.00000000
      432     0.00000000     0.00000000
      433     0.00000000     0.00000000
      434     0.00000000     0.00000000
      435     0.00000000     0.00000000
      436     0.00000000     0.00018466
      437     0.00000000     0.00007586
      438     0.00000000     0.00000000
      439     0.00000000     0.00000000
      440     0.00000000     0.00026000
      441     0.00000000     0.00075080
      442     0.00000000     0.00061294
      443     0.00000000     0.00000000
      444     0.00000000     0.00000000
      445     0.00000000     0.00020571
      446     0.00000000     0.00031286
      447     0.00000000     0.00000000
      448     0.00000000     0.00000000
      449     0.00000000     0.00000000
      450     0.00000000     0.00028293
      451     0.00000000     0.00000000
      452     0.00000000     0.00000000
      453     0.00000000     0.00018288
      454     0.00000000     0.00000000
      455     0.00000000     0.00040364
      456     0.00000000     0.00000000
      457     0.00000000     0.00003712
      458     0.00000000     0.00006448
      459     0.00000000     0.00000000
      460     0.00000000     0.00000000
      461     0.00000000     0.00003378
      462     0.00000000     0.00010587
      463     0.00000000     0.00017281
      464     0.00000000     0.00022771
      465     0.00000000     0.00015525
      466     0.00000000     0.00000000
      467     0.00000000     0.00000000
      468     0.00000000     0.00000000
      469     0.00000000     0.00042388
      470     0.00000000     0.00000000
      471     0.00000000     0.00033208
      472     0.00000000     0.00060254
      473     0.00000000     0.00024746
      474     0.00000000     0.00000000
      475     0.00000000     0.00036413
      476     0.00000000     0.00000000
      477     0.00000000     0.00000000
      478     0.00000000     0.00012305
      479     0.00000000     0.00044394
      480     0.00000000     0.00000000
      481     0.00000000     0.00000000
      482     0.00000000     0.00014740
      483     0.00000000     0.00064256
      484     0.00000000     0.00020882
      485     0.00000000     0.00000000
      486     0.00000000     0.00000000
      487     0.00000000     0.00014359
      488     0.00000000     0.00032766
      489     0.00000000     0.00000000
      490     0.00000000     0.00000000
      491     0.00000000     0.00000000
      492     0.00000000     0.00027252
      493     0.00000000     0.00000000
      494     0.00000000     0.00000000
      495     0.00000000     0.00000000
      496     0.00000000     0.00012229
      497     0.00000000     0.00000000
      498     0.00000000     0.00000000
      499     0.00000000     0.00000000
      500     0.00000000     0.00000000
      501     0.00000000     0.00018451
      502     0.00000000     0.00000000
      503     0.00000000     0.00000000
      504     0.00000000     0.00028196
      505     0.00000000     0.00008088
      506     0.00000000     0.00000000
      507     0.00000000     0.00027439
      508     0.00000000     0.00017175
      509     0.00000000     0.00000000
      510     0.00000000     0.00036095
      511     0.00000000     0.00006084
      512     0.00000000     0.00000000
      513     0.00000000     0.00060598
      514     0.00000000     0.00000000
      515     0.00000000     0.00037403
      516     0.00000000     0.00000000
      517     0.00000000     0.00017434
      518     0.00000000     0.00036472
      519     0.00000000     0.00140881
      520     0.00000000     0.00000000
      521     0.00000000     0.00000000
      522     0.00000000     0.00000000
      523     0.00000000     0.00002272
      524     0.00000000     0.00000000
      525     0.00000000     0.00004177
      526     0.00000000     0.00004769
      527     0.00000000     0.00000000
      528     0.00000000     0.00013202
      529     0.00000000     0.00002413
      530     0.00000000     0.00000000
      531     0.00000000     0.00001079
      532     0.00000000     0.00002547
      533     0.00000000     0.00000000
      534     0.00000000     0.00000000
      535     0.00000000     0.00009459
      536     0.00000000     0.00000000
      537     0.00000000     0.00003050
      538     0.00000000     0.00004649
      539     0.00000000     0.00138515
      540     0.00000000     0.00000000
      541     0.00000000     0.00087314
      542     0.00000000     0.00000000
      543     0.00000000     0.00075110
      544     0.00000000     0.00000000
      545     0.00000000     0.00069518
      546     0.00000000     0.00000000
      547     0.00000000     0.00044409
      548     0.00000000     0.00000000
      549     0.00000000     0.00006425
      550     0.00000000     0.00006208
      551     0.00000000     0.00000000
      552     0.00000000     0.00013220
      553     0.00000000     0.00000000
      554     0.00000000     0.00003841
      555     0.00000000     0.00002844
      556     0.00000000     0.00000000
      557     0.00000000     0.00002131
      558     0.00000000     0.00000000
      559     0.00000000     0.00010304
      560     0.00000000     0.00000000
      561     0.00000000     0.00000000
      562     0.00000000     0.00030388
      563     0.00000000     0.00070764
      564     0.00000000     0.00004269
      565     0.00000000     0.00000000
      566     0.00000000     0.00000000
      567     0.00000000     0.00067789
      568     0.00000000     0.00082386
      569     0.00000000     0.00000000
      570     0.00000000     0.00000000
      571     0.00000000     0.00000000
      572     0.00000000     0.00019771
      573     0.00000000     0.00034320
      574     0.00000000     0.00000000
      575     0.00000000     0.00000000
      576     0.00000000     0.00098922
      577     0.00000000     0.00000000
      578     0.00000000     0.00013558
      579     0.00000000     0.00025019
      580     0.00000000     0.00090724
      581     0.00000000     0.00000000
      582     0.00000000     0.00091635
      583     0.00000000     0.00000000
      584     0.00000000     0.00000000
      585     0.00000000     0.00027109
      586     0.00000000     0.00011714
      587     0.00000000     0.00000000
      588     0.00000000     0.00008926
      589     0.00000000     0.00001208
      590     0.00000000     0.00000000
      591     0.00000000     0.00005544
      592     0.00000000     0.00000000
      593     0.00000000     0.00000000
      594     0.00000000     0.00041633
      595     0.00000000     0.00000000
      596     0.00000000     0.00138167
      597     0.00000000     0.00000000
      598     0.00000000     0.00000000
      599     0.00000000     0.00022675
      600     0.00000000     0.00000000
