#    Non-Adiabatic Coupling Matrix Elements: off-diagonal
         0    -0.00003619
         1    -0.00003633
         2    -0.00003579
         3    -0.00003478
         4    -0.00003327
         5    -0.00003136
         6    -0.00002914
         7    -0.00053409
         8    -0.00044806
         9    -0.00055602
        10    -0.00064976
        11    -0.00072929
        12    -0.00079549
        13    -0.00084889
        14    -0.00088968
        15    -0.00091839
        16    -0.00093606
        17    -0.00094436
        18    -0.00094536
        19    -0.00094128
        20    -0.00093414
        21    -0.00092536
        22    -0.00091572
        23    -0.00090535
        24    -0.00089396
        25    -0.00088114
        26    -0.00086647
        27    -0.00084974
        28    -0.00083079
        29    -0.00080972
        30    -0.00078674
        31    -0.00076212
        32    -0.00073618
        33    -0.00070923
        34    -0.00068158
        35    -0.00065351
        36    -0.00062518
        37    -0.00059685
        38    -0.00056868
        39    -0.00054083
        40    -0.00051344
        41    -0.00048665
        42    -0.00046058
        43    -0.00043532
        44    -0.00041098
        45    -0.00038762
        46    -0.00036528
        47    -0.00034399
        48    -0.00032375
        49    -0.00030455
        50    -0.00028634
        51    -0.00026907
        52    -0.00025267
        53    -0.00023707
        54    -0.00022217
        55    -0.00020789
        56    -0.00019414
        57    -0.00018080
        58    -0.00016779
        59    -0.00015502
        60    -0.00014240
        61    -0.00012983
        62    -0.00011726
        63    -0.00010462
        64    -0.00009184
        65    -0.00007889
        66    -0.00006573
        67    -0.00005234
        68    -0.00003871
        69    -0.00002485
        70    -0.00001077
        71     0.00000348
        72     0.00001787
        73     0.00003233
        74     0.00004678
        75     0.00006113
        76     0.00007528
        77     0.00008911
        78     0.00010250
        79     0.00011533
        80     0.00012745
        81     0.00013875
        82     0.00014909
        83     0.00015832
        84     0.00016634
        85     0.00017300
        86     0.00017818
        87     0.00018256
        88     0.00018451
        89     0.00018464
        90     0.00018287
        91     0.00017914
        92     0.00017339
        93     0.00016563
        94     0.00015589
        95     0.00014425
        96     0.00013085
        97     0.00011586
        98     0.00009810
        99     0.00008059
       100     0.00006223
       101     0.00004328
       102     0.00002400
       103     0.00000464
       104    -0.00001463
       105    -0.00003363
       106    -0.00005222
       107    -0.00007033
       108    -0.00008788
       109    -0.00010479
       110    -0.00012103
       111    -0.00013654
       112    -0.00015124
       113    -0.00016506
       114    -0.00017790
       115    -0.00018966
       116    -0.00020016
       117    -0.00020917
       118    -0.00021644
       119    -0.00022159
       120    -0.00022414
       121    -0.00022348
       122    -0.00021876
       123    -0.00020880
       124    -0.00019195
       125    -0.00016577
       126    -0.00012660
       127    -0.00006870
       128     0.00001732
       129     0.00014762
       130     0.00035187
       131     0.00068936
       132     0.00129254
       133     0.00250689
       134     0.00546405
       135     0.01538817
       136     0.05844842
       137     0.03403374
       138     0.00923500
       139     0.00360095
       140     0.00163707
       141     0.00073877
       142     0.00025162
       143    -0.00004549
       144    -0.00024330
       145    -0.00038439
       146    -0.00049084
       147    -0.00057505
       148    -0.00064439
       149    -0.00070344
       150    -0.00075525
       151    -0.00080190
       152    -0.00084488
       153    -0.00088557
       154    -0.00092445
       155    -0.00096248
       156    -0.00100037
       157    -0.00103879
       158    -0.00107840
       159    -0.00111981
       160    -0.00116344
       161    -0.00121106
       162    -0.00126367
       163    -0.00132289
       164    -0.00139077
       165    -0.00147016
       166    -0.00156463
       167    -0.00167929
       168    -0.00182107
       169    -0.00199919
       170    -0.00222519
       171    -0.00251000
       172    -0.00285157
       173    -0.00319851
       174    -0.00339653
       175    -0.00325364
       176    -0.00279530
       177    -0.00224978
       178    -0.00177349
       179    -0.00140231
       180    -0.00112247
       181    -0.00091181
       182    -0.00075164
       183    -0.00062824
       184    -0.00053182
       185    -0.00045548
       186    -0.00039428
       187    -0.00034466
       188    -0.00030397
       189    -0.00027027
       190    -0.00024188
       191    -0.00021816
       192    -0.00019802
       193    -0.00018080
       194    -0.00016597
       195    -0.00015314
       196    -0.00014199
       197    -0.00013226
       198    -0.00012374
       199    -0.00011626
       200    -0.00010967
       201    -0.00010386
       202    -0.00009892
       203    -0.00009425
       204    -0.00009023
       205    -0.00008654
       206    -0.00008301
       207    -0.00007994
       208    -0.00007710
       209    -0.00007441
       210    -0.00007184
       211    -0.00006933
       212    -0.00006685
       213    -0.00006435
       214    -0.00006181
       215    -0.00005919
       216    -0.00005648
       217    -0.00005365
       218    -0.00005069
       219    -0.00004759
       220    -0.00004434
       221    -0.00004094
       222    -0.00003740
       223    -0.00003372
       224    -0.00002991
       225    -0.00002597
       226    -0.00002193
       227    -0.00001780
       228    -0.00001360
       229    -0.00000934
       230    -0.00000504
       231    -0.00000073
       232     0.00000358
       233     0.00000786
       234     0.00001209
       235     0.00001626
       236     0.00002036
       237     0.00002435
       238     0.00002823
       239     0.00003199
       240     0.00003561
       241     0.00003909
       242     0.00004242
       243     0.00004559
       244     0.00004862
       245     0.00005149
       246     0.00005422
       247     0.00005681
       248     0.00005928
       249     0.00006163
       250     0.00006389
       251     0.00006606
       252     0.00006818
       253     0.00007026
       254     0.00007232
       255     0.00007439
       256     0.00007649
       257     0.00007864
       258     0.00008104
       259     0.00008337
       260     0.00008582
       261     0.00008842
       262     0.00009098
       263     0.00009391
       264     0.00009704
       265     0.00010039
       266     0.00010398
       267     0.00010782
       268     0.00011192
       269     0.00011630
       270     0.00012097
       271     0.00012592
       272     0.00013117
       273     0.00013669
       274     0.00014248
       275     0.00014849
       276     0.00015468
       277     0.00016118
       278     0.00016749
       279     0.00017367
       280     0.00017955
       281     0.00018495
       282     0.00018958
       283     0.00019318
       284     0.00019539
       285     0.00019584
       286     0.00019414
       287     0.00018985
       288     0.00018258
       289     0.00017196
       290     0.00015770
       291     0.00013964
       292     0.00011777
       293     0.00009228
       294     0.00006359
       295     0.00003232
       296    -0.00000071
       297    -0.00003451
       298    -0.00006804
       299    -0.00010025
       300    -0.00013017
