#    Non-Adiabatic Coupling Matrix Elements: off-diagonal
         0    -0.00000694
         1    -0.00000768
         2    -0.00000880
         3    -0.00001030
         4    -0.00001217
         5    -0.00001449
         6    -0.00001717
         7    -0.00002019
         8    -0.00002349
         9    -0.00002702
        10    -0.00003072
        11    -0.00003444
        12    -0.00003817
        13    -0.00004174
        14    -0.00004501
        15    -0.00004781
        16    -0.00005001
        17    -0.00005151
        18    -0.00005226
        19    -0.00005230
        20    -0.00005176
        21    -0.00005081
        22    -0.00004967
        23    -0.00004852
        24    -0.00004752
        25    -0.00004676
        26    -0.00004632
        27    -0.00004624
        28    -0.00004658
        29    -0.00004738
        30    -0.00004870
        31    -0.00005061
        32    -0.00005320
        33    -0.00005658
        34    -0.00006086
        35    -0.00006618
        36    -0.00007271
        37    -0.00008062
        38    -0.00009011
        39    -0.00010139
        40    -0.00011471
        41    -0.00013039
        42    -0.00014866
        43    -0.00016994
        44    -0.00019469
        45    -0.00022349
        46    -0.00025708
        47    -0.00029647
        48    -0.00034305
        49    -0.00039878
        50    -0.00046661
        51    -0.00055112
        52    -0.00065962
        53    -0.00080528
        54    -0.00101225
        55    -0.00133175
        56    -0.00189277
        57    -0.00313103
        58    -0.00743390
        59    -0.00595116
        60    -0.00281206
        61    -0.00189129
        62    -0.00146867
        63    -0.00122585
        64    -0.00106618
        65    -0.00095105
        66    -0.00086214
        67    -0.00078993
        68    -0.00072902
        69    -0.00067588
        70    -0.00062824
        71    -0.00058459
        72    -0.00054394
        73    -0.00050570
        74    -0.00046954
        75    -0.00043532
        76    -0.00040296
        77    -0.00037241
        78    -0.00034362
        79    -0.00031622
        80    -0.00029057
        81    -0.00026637
        82    -0.00024283
        83    -0.00021984
        84    -0.00019698
        85    -0.00017432
        86    -0.00015022
        87    -0.00012481
        88    -0.00009752
        89    -0.00006775
        90    -0.00003480
        91     0.00000206
        92     0.00004372
        93     0.00009113
        94     0.00014541
        95     0.00020788
        96     0.00028008
        97     0.00036389
        98     0.00046160
        99     0.00057602
       100     0.00071145
       101     0.00087075
       102     0.00106014
       103     0.00128645
       104     0.00155802
       105     0.00188489
       106     0.00227838
       107     0.00275012
       108     0.00330912
       109     0.00395625
       110     0.00467447
       111     0.00541570
       112     0.00609088
       113     0.00657703
       114     0.00675975
       115     0.00658501
       116     0.00609697
       117     0.00540879
       118     0.00464470
       119     0.00389722
       120     0.00321651
       121     0.00261957
       122     0.00210369
       123     0.00165647
       124     0.00126178
       125     0.00090233
       126     0.00056028
       127     0.00021670
       128    -0.00014991
       129    -0.00056585
       130    -0.00106562
       131    -0.00169659
       132    -0.00252472
       133    -0.00363820
       134    -0.00513617
       135    -0.01861933
       136    -0.01923928
       137    -0.01476981
       138    -0.00982441
       139    -0.00636518
       140    -0.00418021
       141    -0.00279223
       142    -0.00187890
       143    -0.00125313
       144    -0.00080769
       145    -0.00047959
       146    -0.00023058
       147    -0.00003662
       148     0.00011788
       149     0.00024343
       150     0.00034717
       151     0.00043420
       152     0.00050818
       153     0.00057187
       154     0.00062736
       155     0.00067638
       156     0.00072014
       157     0.00075981
       158     0.00079638
       159     0.00083069
       160     0.00086348
       161     0.00089536
       162     0.00092693
       163     0.00095860
       164     0.00099208
       165     0.00102790
       166     0.00106714
       167     0.00111112
       168     0.00116150
       169     0.00122050
       170     0.00129084
       171     0.00137644
       172     0.00148271
       173     0.00161720
       174     0.00179064
       175     0.00201774
       176     0.00231607
       177     0.00269554
       178     0.00311599
       179     0.00339950
       180     0.00328110
       181     0.00278599
       182     0.00220827
       183     0.00172188
       184     0.00135266
       185     0.00107860
       186     0.00087413
       187     0.00071946
       188     0.00060064
       189     0.00050798
       190     0.00043469
       191     0.00037599
       192     0.00032843
       193     0.00028949
       194     0.00025726
       195     0.00023012
       196     0.00020751
       197     0.00018834
       198     0.00017197
       199     0.00015790
       200     0.00014574
       201     0.00013516
       202     0.00012593
       203     0.00011784
       204     0.00011073
       205     0.00010445
       206     0.00009889
       207     0.00009397
       208     0.00008960
       209     0.00008571
       210     0.00008243
       211     0.00007932
       212     0.00007652
       213     0.00007403
       214     0.00007176
       215     0.00006971
       216     0.00006768
       217     0.00006595
       218     0.00006434
       219     0.00006284
       220     0.00006140
       221     0.00006002
       222     0.00005868
       223     0.00005736
       224     0.00005605
       225     0.00005472
       226     0.00005338
       227     0.00005200
       228     0.00005057
       229     0.00004909
       230     0.00004753
       231     0.00004590
       232     0.00004418
       233     0.00004235
       234     0.00004041
       235     0.00003834
       236     0.00003612
       237     0.00003373
       238     0.00003116
       239     0.00002839
       240     0.00002539
       241     0.00002215
       242     0.00001865
       243     0.00001487
       244     0.00001081
       245     0.00000646
       246     0.00000181
       247    -0.00000312
       248    -0.00000831
       249    -0.00001374
       250    -0.00001937
       251    -0.00002515
       252    -0.00003104
       253    -0.00003698
       254    -0.00004290
       255    -0.00004874
       256    -0.00005446
       257    -0.00005999
       258    -0.00006530
       259    -0.00007036
       260    -0.00007516
       261    -0.00007969
       262    -0.00008398
       263    -0.00008806
       264    -0.00009199
       265    -0.00009582
       266    -0.00009962
       267    -0.00010346
       268    -0.00010741
       269    -0.00011177
       270    -0.00011614
       271    -0.00012078
       272    -0.00012544
       273    -0.00013072
       274    -0.00013635
       275    -0.00014232
       276    -0.00014862
       277    -0.00015523
       278    -0.00016213
       279    -0.00016926
       280    -0.00017657
       281    -0.00018420
       282    -0.00019165
       283    -0.00019903
       284    -0.00020619
       285    -0.00021297
       286    -0.00021918
       287    -0.00022455
       288    -0.00022881
       289    -0.00023163
       290    -0.00023263
       291    -0.00023141
       292    -0.00022754
       293    -0.00022059
       294    -0.00021015
       295    -0.00019589
       296    -0.00017757
       297    -0.00015507
       298    -0.00012847
       299    -0.00009806
       300    -0.00006436
