#    Step        Prob(0)        Prob(1)        
        0     0.00000000     0.00000000
        1     0.00000000     0.00000000
        2     0.00000000     0.00000000
        3     0.00000001     0.00000000
        4     0.00000000     0.00000000
        5     0.00000001     0.00000000
        6     0.00000000     0.00000000
        7     0.00000000     0.00000000
        8     0.00000001     0.00000000
        9     0.00000000     0.00000000
       10     0.00000002     0.00000000
       11     0.00000000     0.00000000
       12     0.00000002     0.00000000
       13     0.00000000     0.00000000
       14     0.00000000     0.00000000
       15     0.00000002     0.00000000
       16     0.00000000     0.00000000
       17     0.00000003     0.00000000
       18     0.00000000     0.00000000
       19     0.00000001     0.00000000
       20     0.00000001     0.00000000
       21     0.00000000     0.00000000
       22     0.00000003     0.00000000
       23     0.00000000     0.00000000
       24     0.00000000     0.00000000
       25     0.00000001     0.00000000
       26     0.00000000     0.00000000
       27     0.00000003     0.00000000
       28     0.00000000     0.00000000
       29     0.00000000     0.00000000
       30     0.00000003     0.00000000
       31     0.00000000     0.00000000
       32     0.00000002     0.00000000
       33     0.00000001     0.00000000
       34     0.00000000     0.00000000
       35     0.00000005     0.00000000
       36     0.00000000     0.00000000
       37     0.00000002     0.00000000
       38     0.00000008     0.00000000
       39     0.00000000     0.00000000
       40     0.00000009     0.00000000
       41     0.00000012     0.00000000
       42     0.00000004     0.00000000
       43     0.00000024     0.00000000
       44     0.00000021     0.00000000
       45     0.00000021     0.00000000
       46     0.00000054     0.00000000
       47     0.00000045     0.00000000
       48     0.00000070     0.00000000
       49     0.00000128     0.00000000
       50     0.00000133     0.00000000
       51     0.00000238     0.00000000
       52     0.00000396     0.00000000
       53     0.00000581     0.00000000
       54     0.00001182     0.00000000
       55     0.00002507     0.00000000
       56     0.00006407     0.00000000
       57     0.00025611     0.00000000
       58     0.00228813     0.00000000
       59     0.00000000     0.00000000
       60     0.00000000     0.00000000
       61     0.00037058     0.00000000
       62     0.00050171     0.00000000
       63     0.00000000     0.00000000
       64     0.00000000     0.00000000
       65     0.00046257     0.00000000
       66     0.00000000     0.00000000
       67     0.00000000     0.00000000
       68     0.00006349     0.00000000
       69     0.00032620     0.00000000
       70     0.00000000     0.00000000
       71     0.00000000     0.00000000
       72     0.00001748     0.00000000
       73     0.00024951     0.00000000
       74     0.00004945     0.00000000
       75     0.00000000     0.00000000
       76     0.00000000     0.00000000
       77     0.00010865     0.00000000
       78     0.00016112     0.00000000
       79     0.00000392     0.00000000
       80     0.00000000     0.00000000
       81     0.00000000     0.00000000
       82     0.00003215     0.00000000
       83     0.00010600     0.00000000
       84     0.00006549     0.00000000
       85     0.00000000     0.00000000
       86     0.00000000     0.00000000
       87     0.00000000     0.00000000
       88     0.00000000     0.00000000
       89     0.00002459     0.00000000
       90     0.00001683     0.00000000
       91     0.00000000     0.00000000
       92     0.00000391     0.00000000
       93     0.00003729     0.00000000
       94     0.00007560     0.00000000
       95     0.00008210     0.00000000
       96     0.00003353     0.00000000
       97     0.00000000     0.00000000
       98     0.00000000     0.00000000
       99     0.00000000     0.00000000
      100     0.00000000     0.00000000
      101     0.00000000     0.00000000
      102     0.00021055     0.00000000
      103     0.00060852     0.00000000
      104     0.00111366     0.00000000
      105     0.00172199     0.00000000
      106     0.00245658     0.00000000
      107     0.00338465     0.00000000
      108     0.00463200     0.00000000
      109     0.00638746     0.00000000
      110     0.00887557     0.00000000
      111     0.01225925     0.00000000
      112     0.01643924     0.00000000
      113     0.02080842     0.00000000
      114     0.02421391     0.00000000
      115     0.02534421     0.00000000
      116     0.02346524     0.00000000
      117     0.01883855     0.00000000
      118     0.01250713     0.00000000
      119     0.00573773     0.00000000
      120     0.00000000     0.00000000
      121     0.00000000     0.00000000
      122     0.00000000     0.00000000
      123     0.00000000     0.00000000
      124     0.00000000     0.00000000
      125     0.00000000     0.00000000
      126     0.00000000     0.00000000
      127     0.00000000     0.00000000
      128     0.00215139     0.00000000
      129     0.00864309     0.00000000
      130     0.01709286     0.00000000
      131     0.02833091     0.00000000
      132     0.04342468     0.00000000
      133     0.06231968     0.00000000
      134     0.07695415     0.00000000
      135     0.00000000     0.00000000
      136     0.00000000     0.07347980
      137     0.00000000     0.11943256
      138     0.00000000     0.11892293
      139     0.00000000     0.10011856
      140     0.00000000     0.07689094
      141     0.00000000     0.05200681
      142     0.00000000     0.03059979
      143     0.00000000     0.01536752
      144     0.00000000     0.00604232
      145     0.00000000     0.00131057
      146     0.00000000     0.00000000
      147     0.00000000     0.00000000
      148     0.00000000     0.00066800
      149     0.00000000     0.00124058
      150     0.00000000     0.00098871
      151     0.00000000     0.00000000
      152     0.00000000     0.00000000
      153     0.00000000     0.00000000
      154     0.00000000     0.00000000
      155     0.00000000     0.00055982
      156     0.00000000     0.00181850
      157     0.00000000     0.00138535
      158     0.00000000     0.00000000
      159     0.00000000     0.00000000
      160     0.00000000     0.00000000
      161     0.00000000     0.00012777
      162     0.00000000     0.00007686
      163     0.00000000     0.00000000
      164     0.00000000     0.00000000
      165     0.00000000     0.00007358
      166     0.00000000     0.00014698
      167     0.00000000     0.00000000
      168     0.00000000     0.00000000
      169     0.00000000     0.00009991
      170     0.00000000     0.00015340
      171     0.00000000     0.00000000
      172     0.00000000     0.00000000
      173     0.00000000     0.00025186
      174     0.00000000     0.00000000
      175     0.00000000     0.00000000
      176     0.00000000     0.00032260
      177     0.00000000     0.00010420
      178     0.00000000     0.00000000
      179     0.00000000     0.00043247
      180     0.00000000     0.00000000
      181     0.00000000     0.00000000
      182     0.00000000     0.00028404
      183     0.00000000     0.00000000
      184     0.00000000     0.00000000
      185     0.00000000     0.00012273
      186     0.00000000     0.00000000
      187     0.00000000     0.00008119
      188     0.00000000     0.00000000
      189     0.00000000     0.00000000
      190     0.00000000     0.00005489
      191     0.00000000     0.00000000
      192     0.00000000     0.00004340
      193     0.00000000     0.00000000
      194     0.00000000     0.00000000
      195     0.00000000     0.00001719
      196     0.00000000     0.00000000
      197     0.00000000     0.00002890
      198     0.00000000     0.00000000
      199     0.00000000     0.00001668
      200     0.00000000     0.00000000
      201     0.00000000     0.00000000
      202     0.00000000     0.00001012
      203     0.00000000     0.00000000
      204     0.00000000     0.00001680
      205     0.00000000     0.00000000
      206     0.00000000     0.00001244
      207     0.00000000     0.00000000
      208     0.00000000     0.00000213
      209     0.00000000     0.00000313
      210     0.00000000     0.00000000
      211     0.00000000     0.00001046
      212     0.00000000     0.00000000
      213     0.00000000     0.00001115
      214     0.00000000     0.00000000
      215     0.00000000     0.00000576
      216     0.00000000     0.00000000
      217     0.00000000     0.00000000
      218     0.00000000     0.00000573
      219     0.00000000     0.00000000
      220     0.00000000     0.00000937
      221     0.00000000     0.00000000
      222     0.00000000     0.00000727
      223     0.00000000     0.00000000
      224     0.00000000     0.00000096
      225     0.00000000     0.00000251
      226     0.00000000     0.00000000
      227     0.00000000     0.00000730
      228     0.00000000     0.00000000
      229     0.00000000     0.00000694
      230     0.00000000     0.00000000
      231     0.00000000     0.00000201
      232     0.00000000     0.00000102
      233     0.00000000     0.00000000
      234     0.00000000     0.00000538
      235     0.00000000     0.00000000
      236     0.00000000     0.00000522
      237     0.00000000     0.00000000
      238     0.00000000     0.00000141
      239     0.00000000     0.00000071
      240     0.00000000     0.00000000
      241     0.00000000     0.00000304
      242     0.00000000     0.00000000
      243     0.00000000     0.00000206
      244     0.00000000     0.00000000
      245     0.00000000     0.00000017
      246     0.00000000     0.00000008
      247     0.00000000     0.00000034
      248     0.00000000     0.00000000
      249     0.00000000     0.00000210
      250     0.00000000     0.00000000
      251     0.00000000     0.00000169
      252     0.00000000     0.00000016
      253     0.00000000     0.00000000
      254     0.00000000     0.00000556
      255     0.00000000     0.00000000
      256     0.00000000     0.00000784
      257     0.00000000     0.00000000
      258     0.00000000     0.00000240
      259     0.00000000     0.00000257
      260     0.00000000     0.00000000
      261     0.00000000     0.00001144
      262     0.00000000     0.00000000
      263     0.00000000     0.00001155
      264     0.00000000     0.00000000
      265     0.00000000     0.00000098
      266     0.00000000     0.00000610
      267     0.00000000     0.00000000
      268     0.00000000     0.00001623
      269     0.00000000     0.00000000
      270     0.00000000     0.00001345
      271     0.00000000     0.00000000
      272     0.00000000     0.00000000
      273     0.00000000     0.00001130
      274     0.00000000     0.00000000
      275     0.00000000     0.00002205
      276     0.00000000     0.00000000
      277     0.00000000     0.00001335
      278     0.00000000     0.00000000
      279     0.00000000     0.00000000
      280     0.00000000     0.00002209
      281     0.00000000     0.00000000
      282     0.00000000     0.00002715
      283     0.00000000     0.00000000
      284     0.00000000     0.00000242
      285     0.00000000     0.00001516
      286     0.00000000     0.00000000
      287     0.00000000     0.00003477
      288     0.00000000     0.00000000
      289     0.00000000     0.00001358
      290     0.00000000     0.00000714
      291     0.00000000     0.00000000
      292     0.00000000     0.00003463
      293     0.00000000     0.00000000
      294     0.00000000     0.00001631
      295     0.00000000     0.00000257
      296     0.00000000     0.00000000
      297     0.00000000     0.00002320
      298     0.00000000     0.00000000
      299     0.00000000     0.00000785
      300     0.00000000     0.00000069
