#     Density Matrix: coherence Re-Im; see the manual for detail orders
        0     0.00000000     0.00000000     0.00000000     0.00000000     0.00000000     0.00000000
        1     0.00000010    -0.00000009    -0.00002975     0.00004851    -0.00227132     0.00074604
        2    -0.00000052    -0.00000020     0.00007279    -0.00002558    -0.00545884     0.00464275
        3    -0.00000071     0.00000073    -0.00002862    -0.00008543    -0.00518795     0.01002188
        4    -0.00000248    -0.00000066     0.00007327    -0.00017323    -0.00187647     0.01349775
        5    -0.00000314     0.00000006    -0.00002675    -0.00022787     0.00134949     0.01359812
        6    -0.00000379    -0.00000133     0.00007415    -0.00032235     0.00134861     0.01205172
        7    -0.00000460     0.00000133    -0.00002662    -0.00037771    -0.00264837     0.01236755
        8    -0.00000867     0.00000285     0.00007465    -0.00046206    -0.00896272     0.01729942
        9    -0.00001405     0.00000888    -0.00002751    -0.00052563    -0.01544357     0.02751182
       10    -0.00002611     0.00000941     0.00007441    -0.00057664    -0.02174818     0.04236685
       11    -0.00004040     0.00002163    -0.00002188    -0.00065867    -0.03062168     0.06205750
       12    -0.00006225     0.00002558     0.00006739    -0.00064898    -0.04833156     0.08988550
       13    -0.00010217     0.00006500     0.00000037    -0.00074133    -0.08547238     0.13419663
       14    -0.00014850     0.00009583     0.00003956    -0.00062731    -0.15479258     0.20962078
       15    -0.00025510     0.00016779     0.00002051    -0.00060386    -0.23249729     0.32861169
       16    -0.00026219     0.00007678     0.00002903    -0.00033160    -0.17833567     0.45682822
       17    -0.00035078    -0.00018023     0.00015232    -0.00037483     0.04424489     0.49787772
       18    -0.00030929    -0.00031014     0.00011863    -0.00048402     0.25767038     0.42366069
       19    -0.00019225    -0.00044170     0.00013303    -0.00062741     0.39097821     0.27879488
       20    -0.00010089    -0.00046999     0.00001343    -0.00072502     0.44839696     0.10498514
       21     0.00005605    -0.00042356    -0.00001571    -0.00069457     0.44092081    -0.06853774
       22     0.00020175    -0.00040011    -0.00004370    -0.00074466     0.38183255    -0.22149452
       23     0.00026769    -0.00032877    -0.00013058    -0.00067707     0.28638236    -0.34212864
       24     0.00033990    -0.00019415    -0.00008374    -0.00059260     0.16930748    -0.42565567
       25     0.00041443    -0.00010192    -0.00008820    -0.00058792     0.04364117    -0.47172762
       26     0.00040282    -0.00002069    -0.00010639    -0.00048706    -0.07970718    -0.48244161
       27     0.00037613     0.00011930    -0.00003609    -0.00042103    -0.19089047    -0.46086938
       28     0.00038434     0.00020714    -0.00004086    -0.00039389    -0.28000710    -0.41139401
       29     0.00030995     0.00022917    -0.00004187    -0.00028723    -0.33846336    -0.34117129
       30     0.00020234     0.00031287     0.00001152    -0.00022962    -0.36266658    -0.26117113
       31     0.00018672     0.00037251     0.00000234    -0.00021026    -0.35755604    -0.18431501
       32     0.00014792     0.00032417    -0.00001252    -0.00014872    -0.33559065    -0.12025648
       33     0.00003574     0.00032849     0.00001428    -0.00011836    -0.31103920    -0.07221221
       34     0.00001481     0.00040182     0.00001217    -0.00013275    -0.29631174    -0.03829371
       35     0.00004133     0.00038620    -0.00000802    -0.00013181    -0.30461395    -0.01402445
       36    -0.00002870     0.00036440     0.00000829    -0.00013780    -0.33057412     0.00621891
       37    -0.00008589     0.00044329     0.00002555    -0.00020260    -0.37468445     0.02471689
       38    -0.00004998     0.00048492     0.00000184    -0.00028510    -0.43387600     0.04182484
       39    -0.00004617     0.00041727    -0.00000106    -0.00035245    -0.48938339     0.05567046
       40    -0.00005700     0.00030013     0.00002306    -0.00045630    -0.45776534     0.06323283
       41    -0.00004221     0.00011060     0.00002671    -0.00052596    -0.20346750     0.06600335
       42    -0.00002686    -0.00006324     0.00011132    -0.00056397     0.09767075     0.06622103
       43    -0.00002021    -0.00018392     0.00008657    -0.00066117     0.25038916     0.06122936
       44    -0.00005832    -0.00020798    -0.00006590    -0.00058483     0.31932751     0.05191238
       45    -0.00004420    -0.00015523    -0.00006258    -0.00037779     0.35575591     0.04033835
       46     0.00000602    -0.00014880     0.00003686    -0.00032141     0.37900859     0.02804838
       47    -0.00002105    -0.00016174    -0.00002925    -0.00032717     0.39813265     0.01612009
       48    -0.00007849    -0.00008098    -0.00014338    -0.00015172     0.41823667     0.00517034
       49    -0.00001380     0.00001631    -0.00001853     0.00002234     0.47696752    -0.00513368
       50     0.00013344    -0.00010204     0.00012769    -0.00010475     0.49972433    -0.01683341
       51     0.00004536    -0.00032390     0.00001811    -0.00024073     0.47688778    -0.03053129
       52    -0.00011289    -0.00027961    -0.00008383    -0.00015722     0.43555774    -0.04644737
       53     0.00001570    -0.00018907    -0.00000753    -0.00009548     0.39697485    -0.06477009
       54     0.00016244    -0.00038975     0.00003146    -0.00018925     0.36670803    -0.08584945
       55     0.00001198    -0.00058255    -0.00007088    -0.00023782     0.34335745    -0.11003764
       56    -0.00011414    -0.00047230    -0.00011914    -0.00016058     0.32400767    -0.13747614
       57     0.00006267    -0.00039273    -0.00005459    -0.00015218     0.30571248    -0.16808132
       58     0.00020123    -0.00060433    -0.00007488    -0.00024861     0.28576557    -0.20136738
       59     0.00005288    -0.00075678    -0.00019291    -0.00024642     0.26184117    -0.23614775
       60    -0.00003012    -0.00061938    -0.00020516    -0.00015934     0.23205022    -0.27056117
       61     0.00016696    -0.00054364    -0.00015511    -0.00018467     0.19526125    -0.30179330
       62     0.00029778    -0.00073060    -0.00022744    -0.00024516     0.15177954    -0.32573981
       63     0.00015752    -0.00084270    -0.00031756    -0.00016690     0.10500402    -0.34035190
       64     0.00007268    -0.00067755    -0.00026608    -0.00007612     0.05961181    -0.34354863
       65     0.00025205    -0.00055877    -0.00020869    -0.00011141     0.02243269    -0.33516205
       66     0.00038593    -0.00071131    -0.00025465    -0.00013971     0.00159718    -0.31802049
       67     0.00024454    -0.00084077    -0.00027709    -0.00008500     0.00440275    -0.29837168
       68     0.00011920    -0.00070193    -0.00021545    -0.00006272     0.03296125    -0.28481773
       69     0.00027874    -0.00056673    -0.00015460    -0.00013616     0.07734552    -0.28457256
       70     0.00045278    -0.00070194    -0.00017779    -0.00024242     0.11382937    -0.29771778
       71     0.00033738    -0.00084203    -0.00025852    -0.00023796     0.11961890    -0.31491497
       72     0.00015993    -0.00067855    -0.00023491    -0.00012986     0.09070362    -0.32288462
       73     0.00024519    -0.00042669    -0.00013902    -0.00010467     0.03888585    -0.31200805
       74     0.00040227    -0.00044490    -0.00014471    -0.00011279    -0.02031633    -0.27903083
       75     0.00025705    -0.00056684    -0.00015596    -0.00001738    -0.07324830    -0.22551284
       76    -0.00001275    -0.00040720    -0.00006467     0.00004809    -0.10865397    -0.15632078
       77     0.00001294    -0.00015270    -0.00001406     0.00001734    -0.11759954    -0.07997492
       78     0.00000000     0.00000000     0.00000000     0.00000000     0.00000000     0.00000000
       79     0.00036775    -0.00036726     0.00000856    -0.00001804     0.03612913    -0.01289315
       80     0.00000065    -0.00068890    -0.00003024    -0.00003406     0.04918283    -0.04375064
       81    -0.00031123    -0.00023843    -0.00002817     0.00001547     0.03281254    -0.07452438
       82     0.00011501     0.00013967     0.00001133    -0.00001069    -0.00574897    -0.08524517
       83     0.00039716    -0.00023999    -0.00003413    -0.00001470    -0.04626536    -0.06473063
       84    -0.00009072    -0.00047827    -0.00000335     0.00003274    -0.06450226    -0.01920443
       85    -0.00036564     0.00000034     0.00001714    -0.00001030    -0.04676922     0.02803641
       86     0.00011570     0.00018735    -0.00000931     0.00000546    -0.00111462     0.04890522
       87     0.00029478    -0.00034520     0.00002321    -0.00000665     0.04423246     0.02928741
       88    -0.00019879    -0.00046351    -0.00001998    -0.00002327     0.05781291    -0.01815000
       89    -0.00023504     0.00009504    -0.00000100     0.00001663     0.02813555    -0.05907614
       90     0.00030873     0.00013098     0.00000044    -0.00002212    -0.02443351    -0.06097441
       91     0.00022784    -0.00039439    -0.00002132     0.00001920    -0.05967534    -0.01936951
       92    -0.00033293    -0.00028572     0.00002616     0.00000211    -0.04820868     0.03505308
       93    -0.00015317     0.00019068    -0.00001157    -0.00000852     0.00244132     0.05849725
       94     0.00034664    -0.00010269     0.00002078     0.00000547     0.05064210     0.03072311
       95     0.00005091    -0.00056189    -0.00001128    -0.00003199     0.05446330    -0.02494527
       96    -0.00032813    -0.00017226    -0.00001331     0.00001787     0.00936153    -0.05917257
       97     0.00010213     0.00016812     0.00000211    -0.00001170    -0.04510803    -0.03992237
       98     0.00034503    -0.00032936    -0.00001496     0.00002550    -0.05936570     0.01694595
       99    -0.00018925    -0.00055316     0.00003716    -0.00000055    -0.01960133     0.06019528
      100    -0.00029176    -0.00005188    -0.00000847    -0.00001664     0.03782056     0.05008195
      101     0.00027891    -0.00005688     0.00001638    -0.00000442     0.05927525    -0.00369660
      102     0.00023204    -0.00061705    -0.00002535    -0.00002677     0.02439667    -0.05013486
      103    -0.00030280    -0.00047936    -0.00001117     0.00003003    -0.03414380    -0.04480605
      104    -0.00009631     0.00000934     0.00000585    -0.00000135    -0.06130965     0.00798863
      105     0.00035727    -0.00031362     0.00000730     0.00003130    -0.03174846     0.05933935
      106     0.00000417    -0.00077221     0.00004829    -0.00002036     0.02657667     0.06210622
      107    -0.00035225    -0.00039854    -0.00001501    -0.00002902     0.05934849     0.01494119
      108     0.00010826    -0.00010560     0.00000002    -0.00000795     0.03669841    -0.03747529
      109     0.00036328    -0.00059859    -0.00003525    -0.00000491    -0.02006653    -0.04655884
      110    -0.00015287    -0.00080788     0.00000590     0.00004874    -0.05937150    -0.00395959
      111    -0.00030554    -0.00031085     0.00003066    -0.00000156    -0.04652677     0.05241887
      112     0.00021908    -0.00025525     0.00002028     0.00001460     0.00629789     0.07360445
      113     0.00026745    -0.00081972     0.00004929    -0.00003188     0.05263291     0.04268031
      114    -0.00025330    -0.00084140    -0.00002384    -0.00004173     0.05314066    -0.01225071
      115    -0.00021239    -0.00032044    -0.00001588     0.00000666     0.00834888    -0.04390916
      116     0.00030593    -0.00038790    -0.00002350     0.00000901    -0.04367231    -0.02598400
      117     0.00020497    -0.00091506     0.00001183     0.00006085    -0.06029732     0.02637485
      118    -0.00031848    -0.00083460     0.00006870     0.00000149    -0.02880600     0.07083862
      119    -0.00020926    -0.00035771     0.00002089    -0.00002431     0.02503361     0.07268561
      120     0.00030287    -0.00049418     0.00003356    -0.00001965     0.05890285     0.03150693
