#    Non-Adiabatic Coupling Matrix Elements: off-diagonal
         0    -0.00008012
         1    -0.00032304
         2    -0.00055042
         3    -0.00075575
         4    -0.00092409
         5    -0.00103902
         6    -0.00109137
         7    -0.00108466
         8    -0.00103264
         9    -0.00095147
        10    -0.00085461
        11    -0.00075136
        12    -0.00064783
        13    -0.00054862
        14    -0.00045777
        15    -0.00037905
        16    -0.00031567
        17    -0.00026974
        18    -0.00024191
        19    -0.00023093
        20    -0.00023358
        21    -0.00024501
        22    -0.00025908
        23    -0.00026902
        24    -0.00026786
        25    -0.00024966
        26    -0.00020986
        27    -0.00014632
        28    -0.00005983
        29     0.00004589
        30     0.00016465
        31     0.00028847
        32     0.00040848
        33     0.00051560
        34     0.00060110
        35     0.00065720
        36     0.00067787
        37     0.00065969
        38     0.00060283
        39     0.00051198
        40     0.00039586
        41     0.00026583
        42     0.00013394
        43     0.00001101
        44    -0.00009472
        45    -0.00017784
        46    -0.00023546
        47    -0.00026691
        48    -0.00027338
        49    -0.00025740
        50    -0.00022273
        51    -0.00017411
        52    -0.00011691
        53    -0.00005680
        54     0.00000079
        55     0.00005100
        56     0.00008992
        57     0.00011465
        58     0.00012323
        59     0.00011453
        60     0.00008814
        61     0.00004447
        62    -0.00001501
        63    -0.00008763
        64    -0.00016934
        65    -0.00025500
        66    -0.00033875
        67    -0.00041469
        68    -0.00047756
        69    -0.00052337
        70    -0.00054970
        71    -0.00055586
        72    -0.00054287
        73    -0.00051298
        74    -0.00046919
        75    -0.00041502
        76    -0.00035415
        77    -0.00029023
        78    -0.00022651
        79    -0.00016560
        80    -0.00010905
        81    -0.00005732
        82    -0.00000992
        83     0.00003419
        84     0.00007615
        85     0.00011676
        86     0.00015636
        87     0.00019435
        88     0.00022978
        89     0.00026122
        90     0.00028717
        91     0.00030656
        92     0.00031909
        93     0.00032571
        94     0.00032774
        95     0.00032758
        96     0.00032791
        97     0.00033063
        98     0.00033681
        99     0.00034594
       100     0.00035658
       101     0.00036621
       102     0.00037185
       103     0.00037051
       104     0.00035967
       105     0.00033761
       106     0.00030352
       107     0.00025744
       108     0.00020010
       109     0.00013270
       110     0.00005678
       111    -0.00002567
       112    -0.00011209
       113    -0.00019884
       114    -0.00028184
       115    -0.00035646
       116    -0.00041844
       117    -0.00046455
       118    -0.00049294
       119    -0.00050331
       120    -0.00049633
       121    -0.00047356
       122    -0.00043688
       123    -0.00038838
       124    -0.00033023
       125    -0.00026529
       126    -0.00019692
       127    -0.00012875
       128    -0.00006556
       129    -0.00001169
       130     0.00002904
       131     0.00005414
       132     0.00006295
       133     0.00005676
       134     0.00003852
       135     0.00001218
       136    -0.00001809
       137    -0.00004856
       138    -0.00007630
       139    -0.00009992
       140    -0.00011866
       141    -0.00013280
       142    -0.00014288
       143    -0.00014924
       144    -0.00015201
       145    -0.00014973
       146    -0.00014157
       147    -0.00012621
       148    -0.00010256
       149    -0.00007008
       150    -0.00002899
       151     0.00001953
       152     0.00007338
       153     0.00012975
       154     0.00018566
       155     0.00023836
       156     0.00028592
       157     0.00032722
       158     0.00036175
       159     0.00038926
       160     0.00040938
       161     0.00042129
       162     0.00042352
       163     0.00041398
       164     0.00039022
       165     0.00034991
       166     0.00029131
       167     0.00021372
       168     0.00011763
       169     0.00000456
       170    -0.00012266
       171    -0.00026126
       172    -0.00040824
       173    -0.00056087
       174    -0.00071691
       175    -0.00087444
       176    -0.00103198
       177    -0.00118861
       178    -0.00134442
       179    -0.00150375
       180    -0.00168484
       181    -0.00196455
       182    -0.00284103
       183    -0.02797913
       184     0.00587549
       185     0.00244091
       186     0.00177947
       187     0.00164843
       188     0.00164519
       189     0.00172509
       190     0.00188142
       191     0.00211576
       192     0.00242428
       193     0.00278746
       194     0.00315954
       195     0.00346586
       196     0.00362224
       197     0.00357467
       198     0.00333368
       199     0.00297038
       200     0.00256700
       201     0.00218720
       202     0.00186493
       203     0.00161206
       204     0.00142907
       205     0.00131230
       206     0.00125699
       207     0.00125955
       208     0.00131743
       209     0.00142835
       210     0.00158930
       211     0.00179511
       212     0.00203685
       213     0.00230191
       214     0.00534993
       215     0.00456423
       216     0.00323350
       217     0.00190739
       218     0.00083449
       219     0.00003548
       220    -0.00053855
       221    -0.00093954
       222    -0.00120753
       223    -0.00137201
       224    -0.00145635
       225    -0.00147992
       226    -0.00146043
       227    -0.00141318
       228    -0.00135088
       229    -0.00128354
       230    -0.00121884
       231    -0.00116263
       232    -0.00111951
       233    -0.00109313
       234    -0.00108578
       235    -0.00109939
       236    -0.00113566
       237    -0.00119510
       238    -0.00127639
       239    -0.00137305
       240    -0.00146967
       241    -0.00153036
       242    -0.00149815
       243    -0.00132609
       244    -0.00103058
       245    -0.00068416
       246    -0.00035213
       247    -0.00006524
       248     0.00016761
       249     0.00034202
       250     0.00045049
       251     0.00048786
       252     0.00046594
       253     0.00041836
       254     0.00038449
       255     0.00039051
       256     0.00044504
       257     0.00054460
       258     0.00067911
       259     0.00083194
       260     0.00097773
       261     0.00108628
       262     0.00113406
       263     0.00111703
       264     0.00104980
       265     0.00095477
       266     0.00085127
       267     0.00075028
       268     0.00065723
       269     0.00057238
       270     0.00049337
       271     0.00041668
       272     0.00033880
       273     0.00025750
       274     0.00017170
       275     0.00008215
       276    -0.00000865
       277    -0.00009689
       278    -0.00017885
       279    -0.00025067
       280    -0.00030969
       281    -0.00035420
       282    -0.00038571
       283    -0.00040517
       284    -0.00041459
       285    -0.00041601
       286    -0.00041141
       287    -0.00040207
       288    -0.00038951
       289    -0.00037523
       290    -0.00036059
       291    -0.00034714
       292    -0.00033596
       293    -0.00032768
       294    -0.00032059
       295    -0.00031295
       296    -0.00030181
       297    -0.00028549
       298    -0.00026252
       299    -0.00023394
       300    -0.00020243
       301    -0.00017161
       302    -0.00014525
       303    -0.00012680
       304    -0.00011930
       305    -0.00012581
       306    -0.00014960
       307    -0.00019382
       308    -0.00026126
       309    -0.00035321
       310    -0.00046825
       311    -0.00059926
       312    -0.00073196
       313    -0.00084138
       314    -0.00089643
       315    -0.00087448
       316    -0.00077805
       317    -0.00063272
       318    -0.00046801
       319    -0.00030417
       320    -0.00015123
       321    -0.00001305
       322     0.00010930
       323     0.00021588
       324     0.00030706
       325     0.00038326
       326     0.00044481
       327     0.00049203
       328     0.00052522
       329     0.00054479
       330     0.00055132
       331     0.00054562
       332     0.00052828
       333     0.00049942
       334     0.00045877
       335     0.00040610
       336     0.00034135
       337     0.00026461
       338     0.00017565
       339     0.00007370
       340    -0.00004181
       341    -0.00016957
       342    -0.00030468
       343    -0.00043760
       344    -0.00055432
       345    -0.00063832
       346    -0.00067580
       347    -0.00066137
       348    -0.00060180
       349    -0.00051313
       350    -0.00041207
       351    -0.00030998
       352    -0.00021118
       353    -0.00011469
       354    -0.00001685
       355     0.00008637
       356     0.00019782
       357     0.00031807
       358     0.00044516
       359     0.00057305
       360     0.00069333
       361     0.00079518
       362     0.00086689
       363     0.00089914
       364     0.00088705
       365     0.00083090
       366     0.00073538
       367     0.00060809
       368     0.00045798
       369     0.00029403
       370     0.00012428
       371    -0.00004492
       372    -0.00020924
       373    -0.00036662
       374    -0.00051731
       375    -0.00066352
       376    -0.00080808
       377    -0.00095134
       378    -0.00108513
       379    -0.00118483
       380    -0.00120831
       381    -0.00111958
       382    -0.00092739
       383    -0.00068278
       384    -0.00043820
       385    -0.00022480
       386    -0.00005440
       387     0.00007456
       388     0.00017133
       389     0.00024814
       390     0.00031592
       391     0.00038158
       392     0.00044710
       393     0.00051024
       394     0.00056443
       395     0.00060305
       396     0.00062014
       397     0.00061215
       398     0.00057851
       399     0.00052097
       400     0.00044278
       401     0.00034807
       402     0.00024155
       403     0.00012838
       404     0.00001362
       405    -0.00009745
       406    -0.00020011
       407    -0.00029046
       408    -0.00036571
       409    -0.00042420
       410    -0.00046495
       411    -0.00048706
       412    -0.00048920
       413    -0.00046975
       414    -0.00042841
       415    -0.00036675
       416    -0.00028854
       417    -0.00019850
       418    -0.00010099
       419    -0.00000078
       420     0.00009837
       421     0.00018924
       422     0.00025961
       423     0.00029146
       424     0.00026342
       425     0.00015454
       426    -0.00007128
       427    -0.00065129
       428    -0.00030030
       429    -0.00032987
       430    -0.00035065
       431    -0.00036507
       432    -0.00037262
       433    -0.00037428
       434    -0.00036997
       435    -0.00036018
       436    -0.00034425
       437    -0.00032051
       438    -0.00028618
       439    -0.00023216
       440     0.00198337
       441     0.00071295
       442     0.00037223
       443     0.00017370
       444     0.00003190
       445    -0.00007651
       446    -0.00016151
       447    -0.00022738
       448    -0.00027642
       449    -0.00030973
       450    -0.00032828
       451    -0.00033346
       452    -0.00032848
       453    -0.00031790
       454    -0.00030634
       455    -0.00029774
       456    -0.00029408
       457    -0.00029478
       458    -0.00029692
       459    -0.00029656
       460    -0.00029044
       461    -0.00027735
       462    -0.00025848
       463    -0.00023659
       464    -0.00021421
       465    -0.00019276
       466    -0.00017180
       467    -0.00014930
       468    -0.00012227
       469    -0.00008758
       470    -0.00004288
       471     0.00001059
       472     0.00007130
       473     0.00013333
       474     0.00019039
       475     0.00023698
       476     0.00026920
       477     0.00028492
       478     0.00028442
       479     0.00027070
       480     0.00025044
       481     0.00023073
       482     0.00021860
       483     0.00021893
       484     0.00023357
       485     0.00026161
       486     0.00030003
       487     0.00034443
       488     0.00038955
       489     0.00042995
       490     0.00046057
       491     0.00047728
       492     0.00047711
       493     0.00045829
       494     0.00042002
       495     0.00036324
       496     0.00028983
       497     0.00020329
       498     0.00010812
       499     0.00000883
       500    -0.00009125
       501    -0.00019110
       502    -0.00029153
       503    -0.00039433
       504    -0.00050223
       505    -0.00061642
       506    -0.00073523
       507    -0.00085209
       508    -0.00095192
       509    -0.00101009
       510    -0.00099984
       511    -0.00091062
       512    -0.00076194
       513    -0.00059172
       514    -0.00043219
       515    -0.00029920
       516    -0.00019615
       517    -0.00012133
       518    -0.00007204
       519    -0.00004573
       520    -0.00003903
       521    -0.00004688
       522    -0.00006284
       523    -0.00008027
       524    -0.00009364
       525    -0.00009898
       526    -0.00009491
       527    -0.00008068
       528    -0.00005683
       529    -0.00002465
       530     0.00001365
       531     0.00005455
       532     0.00009344
       533     0.00012574
       534     0.00014640
       535     0.00015334
       536     0.00014620
       537     0.00012644
       538     0.00009687
       539     0.00006068
       540     0.00002090
       541    -0.00002001
       542    -0.00006052
       543    -0.00010009
       544    -0.00013880
       545    -0.00017675
       546    -0.00021336
       547    -0.00024701
       548    -0.00027518
       549    -0.00029503
       550    -0.00030412
       551    -0.00030121
       552    -0.00028654
       553    -0.00026161
       554    -0.00022884
       555    -0.00019039
       556    -0.00014802
       557    -0.00010250
       558    -0.00005348
       559     0.00000045
       560     0.00006167
       561     0.00013344
       562     0.00021947
       563     0.00032358
       564     0.00044940
       565     0.00059966
       566     0.00077462
       567     0.00096654
       568     0.00115237
       569     0.00128582
       570     0.00130823
       571     0.00119195
       572     0.00096512
       573     0.00067818
       574     0.00036690
       575     0.00004799
       576    -0.00026966
       577    -0.00057299
       578    -0.00083573
       579    -0.00101923
       580    -0.00109330
       581    -0.00106377
       582    -0.00097161
       583    -0.00086078
       584    -0.00075588
       585    -0.00066317
       586    -0.00058026
       587    -0.00050471
       588    -0.00043510
       589    -0.00037120
       590    -0.00031261
       591    -0.00025851
       592    -0.00020771
       593    -0.00015897
       594    -0.00011112
       595    -0.00006288
       596    -0.00001367
       597     0.00003776
       598     0.00009222
       599     0.00015045
       600     0.00021248
