#     Density Matrix: coherence Re-Im; see the manual for detail orders
        0     0.00000000     0.00000000
        1    -0.00002980     0.00010875
        2     0.00004191     0.00003985
        3    -0.00005653     0.00008478
        4     0.00004854     0.00010288
        5    -0.00004057     0.00005361
        6     0.00001446     0.00015028
        7     0.00000664     0.00005046
        8    -0.00003348     0.00015220
        9     0.00004784     0.00008755
       10    -0.00005491     0.00011160
       11     0.00004655     0.00014233
       12    -0.00002697     0.00006746
       13     0.00000036     0.00016814
       14     0.00002856     0.00006568
       15    -0.00004745     0.00013561
       16     0.00005497     0.00011315
       17    -0.00004194     0.00007280
       18     0.00001686     0.00015671
       19     0.00001689     0.00005196
       20    -0.00004404     0.00013547
       21     0.00005377     0.00010528
       22    -0.00004343     0.00007226
       23     0.00000928     0.00016364
       24     0.00002264     0.00006827
       25    -0.00005446     0.00014411
       26     0.00004614     0.00015365
       27    -0.00003096     0.00009953
       28    -0.00002154     0.00021542
       29    -0.00564970     0.00578449
       30     0.00520002     0.01096176
       31     0.00139319    -0.00436778
       32    -0.00667752     0.00816181
       33     0.00796181     0.00538251
       34    -0.00354129    -0.00395611
       35    -0.00377976     0.01072469
       36     0.00808956     0.00247129
       37    -0.00522441    -0.00275212
       38    -0.00298960     0.01127745
       39     0.00810764     0.00291723
       40    -0.00408819    -0.00331811
       41    -0.00518082     0.01021605
       42     0.00764170     0.00676722
       43     0.00063278    -0.00419950
       44    -0.00810622     0.00520441
       45     0.00265848     0.01174308
       46     0.00730758     0.00031367
       47    -0.00433063    -0.00294412
       48    -0.00669068     0.00862862
       49     0.00474727     0.01059653
       50     0.00690924    -0.00062726
       51    -0.00386396    -0.00342778
       52    -0.00751173     0.00672525
       53     0.00195996     0.01150750
       54     0.00827004     0.00308281
       55     0.00160325    -0.00475654
       56    -0.00727760    -0.00037016
       57    -0.00538633     0.00905796
       58     0.00409940     0.01000433
       59     0.00821263     0.00147321
       60     0.00203469    -0.00539844
       61    -0.00638008    -0.00254855
       62    -0.00714834     0.00601307
       63     0.00015529     0.01031251
       64     0.00732275     0.00588141
       65     0.00708081    -0.00241788
       66     0.00008476    -0.00642239
       67    -0.00677910    -0.00276766
       68    -0.00742323     0.00475487
       69    -0.00167052     0.00943854
       70     0.00542277     0.00757055
       71     0.00827034     0.00092544
       72     0.00502385    -0.00534525
       73    -0.00163668    -0.00689343
       74    -0.00699635    -0.00303844
       75    -0.00768869     0.00332721
       76    -0.00359205     0.00807704
       77     0.00259165     0.00849196
       78     0.00732138     0.00457789
       79     0.00826073    -0.00138784
       80     0.00526482    -0.00639908
       81     0.00008351    -0.00830736
       82    -0.00477454    -0.00666398
       83    -0.00726886    -0.00261155
       84    -0.00657463     0.00187913
       85    -0.00316132     0.00492803
       86     0.00164574     0.00540620
       87     0.00630650     0.00315637
       88     0.00961731    -0.00117929
       89     0.01100781    -0.00654743
       90     0.01056477    -0.01189353
       91     0.00886304    -0.01645855
       92     0.00671879    -0.01991124
       93     0.00496383    -0.02233424
       94     0.00429875    -0.02411898
       95     0.00524049    -0.02582980
       96     0.00815048    -0.02808355
       97     0.01332204    -0.03146920
       98     0.02108130    -0.03651250
       99     0.03190638    -0.04367318
      100     0.04655234    -0.05336912
      101     0.06613800    -0.06600756
      102     0.09216349    -0.08200979
      103     0.12631693    -0.10181769
      104     0.16977025    -0.12587118
      105     0.22155466    -0.15454699
      106     0.27621460    -0.18805597
      107     0.32306568    -0.22630882
      108     0.35035763    -0.26876725
      109     0.35179569    -0.31429541
      110     0.32805943    -0.36102799
      111     0.28301264    -0.40630160
      112     0.22038727    -0.44669164
      113     0.14315402    -0.47818792
      114     0.05421466    -0.49652440
      115    -0.04284859    -0.49765175
      116    -0.14339431    -0.47830418
      117    -0.24175696    -0.43657543
      118    -0.33163471    -0.37239490
      119    -0.40673175    -0.28779273
      120    -0.46152508    -0.18686936
      121    -0.49200307    -0.07543862
      122    -0.49622411     0.03961827
      123    -0.47457628     0.15118364
      124    -0.42968136     0.25277001
      125    -0.36596306     0.33926421
      126    -0.28897064     0.40741969
      127    -0.20459677     0.45602694
      128    -0.11834450     0.48576363
      129    -0.03479015     0.49878814
      130     0.04261881     0.49817968
      131     0.11128850     0.48733726
      132     0.16869660     0.46943359
      133     0.21181402     0.44699201
      134     0.23869599     0.42162958
      135     0.25215219     0.39398992
      136     0.25979886     0.36386044
      137     0.26880921     0.33044146
      138     0.28222671     0.29270969
      139     0.29947636     0.24979780
      140     0.31818893     0.20131058
      141     0.33554028     0.14752127
      142     0.34901532     0.08941776
      143     0.35684365     0.02859630
      144     0.35824177    -0.03297049
      145     0.35349936    -0.09324051
      146     0.34391267    -0.15041660
      147     0.33156018    -0.20320056
      148     0.31889408    -0.25093443
      149     0.30805452    -0.29360139
      150     0.29976843    -0.33168755
      151     0.29189893    -0.36593421
      152     0.27889474    -0.39702891
      153     0.25439214    -0.42530810
      154     0.21576025    -0.45054651
      155     0.16501242    -0.47189528
      156     0.10571297    -0.48799464
      157     0.04079394    -0.49723738
      158    -0.02744645    -0.49811406
      159    -0.09678401    -0.48955895
      160    -0.16483569    -0.47122365
      161    -0.22916087    -0.44362382
      162    -0.28749582    -0.40813275
      163    -0.33793678    -0.36682909
      164    -0.37890600    -0.32223798
      165    -0.40870333    -0.27702350
      166    -0.42439011    -0.23369195
      167    -0.42004631    -0.19434813
      168    -0.38657780    -0.16052268
      169    -0.31917615    -0.13308100
      170    -0.19125427    -0.11205186
      171    -0.04641167    -0.10118865
      172     0.03340900    -0.10118211
      173     0.06816401    -0.11045078
      174     0.07308461    -0.12610509
      175     0.05492085    -0.14335202
      176     0.01712091    -0.15499398
      177    -0.03575259    -0.15167220
      178    -0.09443762    -0.12373992
      179    -0.14291614    -0.06553743
      180    -0.15996880     0.01823363
      181    -0.12678689     0.10679077
      182    -0.04072892     0.16407117
      183     0.07088818     0.15272022
      184     0.15068917     0.06165850
      185     0.13897455    -0.06775095
      186     0.02541755    -0.14722956
      187    -0.11410402    -0.10096936
      188    -0.15370678     0.04911506
      189    -0.03691136     0.16360879
      190     0.12535158     0.10685314
      191     0.13681236    -0.07273401
      192    -0.03568634    -0.14651481
      193    -0.15888139     0.00458805
      194    -0.03369429     0.16350527
      195     0.14964454     0.06195153
      196     0.06468700    -0.13722658
      197    -0.14434868    -0.05873392
      198    -0.06050869     0.15520625
      199     0.15232480     0.05352454
      200     0.02032968    -0.14906973
      201    -0.15871771     0.02274899
      202     0.05541484     0.15854761
      203     0.12229146    -0.09017977
      204    -0.14056587    -0.06390847
      205    -0.01093797     0.17335388
      206     0.14150798    -0.04855097
      207    -0.13643743    -0.06156535
      208     0.01034917     0.18506567
      209     0.12336121    -0.09244912
      210    -0.15934310    -0.00364392
      211     0.10782616     0.12816901
      212     0.00008483    -0.15671701
      213    -0.10068114     0.12983888
      214     0.15682486    -0.03746633
      215    -0.15115200    -0.05454824
      216     0.09537207     0.13245328
      217    -0.01199274    -0.15969723
      218    -0.07103557     0.14643537
      219     0.13279921    -0.09119328
      220    -0.16043906     0.02033516
      221     0.15201535     0.05591281
      222    -0.11275361    -0.11509220
      223     0.05348191     0.15320885
      224     0.01356916    -0.16050267
      225    -0.07636976     0.14300667
      226     0.12554340    -0.10136593
      227    -0.15468164     0.04739444
      228     0.16109741     0.01398661
      229    -0.14518202    -0.07067927
      230     0.11022278     0.11864196
      231    -0.06140631    -0.14917474
      232     0.00530899     0.16191672
      233     0.05108621    -0.15304275
      234    -0.10092283     0.12659947
      235     0.13829983    -0.08340365
      236    -0.15869147     0.03110330
      237     0.15954392     0.02636308
      238    -0.14046769    -0.07972935
      239     0.10348252     0.12446765
      240    -0.05282746    -0.15251961
      241    -0.00528414     0.16182534
      242     0.06336348    -0.14847646
      243    -0.11341442     0.11543367
      244     0.14806368    -0.06466172
      245    -0.16159386     0.00465992
      246     0.15107135     0.05776190
      247    -0.11702505    -0.11131679
      248     0.06385309     0.14871184
      249     0.00057982    -0.16146867
      250    -0.06581412     0.14782947
      251     0.12051299    -0.10758779
      252    -0.15435410     0.04818033
      253     0.16025195     0.02145036
      254    -0.13593787    -0.08735275
      255     0.08503789     0.13759885
      256    -0.01669630    -0.16069648
      257    -0.05571121     0.15183173
      258     0.11731014    -0.11117212
      259    -0.15469418     0.04695671
      260     0.15922456     0.02800736
      261    -0.12907842    -0.09730782
      262     0.07026520     0.14557907
      263     0.00459962    -0.16162500
      264    -0.07874117     0.14112778
      265     0.13525878    -0.08861739
      266    -0.16090915     0.01537055
      267     0.14957827     0.06122152
      268    -0.10364809    -0.12418139
      269     0.03374560     0.15794987
      270     0.04396000    -0.15573273
      271    -0.11140577     0.11695332
      272     0.15312618    -0.05203629
      273    -0.15968509    -0.02535500
      274     0.12995619     0.09593021
      275    -0.07103818    -0.14544799
      276    -0.00344915     0.16137222
      277     0.07680079    -0.14250972
      278    -0.13295660     0.09168264
      279     0.16013487    -0.02243317
      280    -0.15310491    -0.05216080
      281     0.11408667     0.11424362
      282    -0.05182723    -0.15342009
      283    -0.02047287     0.16005348
      284     0.08814389    -0.13582260
      285    -0.13797366     0.08392321
      286     0.16075765    -0.01737528
      287    -0.15276044    -0.05320901
      288     0.11617570     0.11208025
      289    -0.05833166    -0.15110589
      290    -0.00980911     0.16100993
      291     0.07583383    -0.14312500
      292    -0.12799802     0.09836782
      293     0.15729010    -0.03771441
      294    -0.15874893    -0.03089035
      295     0.13230509     0.09249436
      296    -0.08258663    -0.13938026
      297     0.01826820     0.16019389
      298     0.04948604    -0.15434064
      299    -0.10867340     0.11921601
      300     0.14860320    -0.06412699
