#    Non-Adiabatic Coupling Matrix Elements: off-diagonal
         0     0.00001947
         1     0.00002224
         2     0.00002480
         3     0.00002681
         4     0.00002798
         5     0.00002829
         6     0.00002798
         7    -0.00097490
         8    -0.00079637
         9    -0.00081202
        10    -0.00086306
        11    -0.00091916
        12    -0.00097210
        13    -0.00102082
        14    -0.00106769
        15    -0.00111356
        16    -0.00115832
        17    -0.00120039
        18    -0.00123788
        19    -0.00127016
        20    -0.00129863
        21    -0.00132680
        22    -0.00135932
        23    -0.00140125
        24    -0.00145777
        25    -0.00153465
        26    -0.00163856
        27    -0.00177852
        28    -0.00196104
        29    -0.00220084
        30    -0.00252141
        31    -0.00297111
        32    -0.00365634
        33    -0.00481479
        34    -0.00694581
        35    -0.01066262
        36    -0.01394564
        37    -0.01140874
        38    -0.00687934
        39    -0.00401148
        40    -0.00241987
        41    -0.00148660
        42    -0.00089344
        43    -0.00048790
        44    -0.00019577
        45     0.00002074
        46     0.00017929
        47     0.00028750
        48     0.00034505
        49     0.00035154
        50     0.00030874
        51     0.00022499
        52     0.00011553
        53    -0.00000192
        54    -0.00011339
        55    -0.00021257
        56    -0.00030067
        57    -0.00038316
        58    -0.00046597
        59    -0.00055326
        60    -0.00064782
        61    -0.00075259
        62    -0.00087136
        63    -0.00100690
        64    -0.00115464
        65    -0.00129005
        66    -0.00134703
        67    -0.00121174
        68    -0.00079746
        69    -0.00017881
        70     0.00045263
        71     0.00096635
        72     0.00133288
        73     0.00157069
        74     0.00170596
        75     0.00176192
        76     0.00175750
        77     0.00169892
        78     0.00155504
        79     0.00109579
        80    -0.00307590
        81     0.01074947
        82    -0.00036023
        83    -0.00085249
        84    -0.00085296
        85    -0.00074965
        86    -0.00060944
        87    -0.00045534
        88    -0.00030409
        89    -0.00017185
        90    -0.00007092
        91    -0.00000391
        92     0.00003810
        93     0.00006921
        94     0.00010032
        95     0.00013381
        96     0.00016455
        97     0.00018465
        98     0.00018821
        99     0.00017357
       100     0.00014315
       101     0.00010209
       102     0.00005719
       103     0.00001622
       104    -0.00001311
       105    -0.00002346
       106    -0.00000765
       107     0.00004218
       108     0.00013534
       109     0.00028318
       110     0.00050149
       111     0.00080206
       112     0.00121306
       113     0.00178583
       114     0.00264529
       115     0.00414520
       116     0.00740357
       117     0.01549907
       118     0.02128552
       119     0.01121827
       120     0.00670292
       121     0.00397995
       122     0.00288070
       123     0.00240088
       124     0.00222812
       125     0.00228033
       126     0.00261361
       127     0.00355940
       128     0.00702222
       129     0.00971643
       130     0.00258107
       131     0.00101455
       132     0.00048865
       133     0.00034853
       134     0.00040096
       135     0.00053124
       136     0.00065007
       137     0.00070050
       138     0.00067676
       139     0.00062964
       140     0.00064107
       141     0.00078706
       142     0.00113205
       143     0.00173648
       144     0.00254089
       145     0.00308484
       146     0.00299350
       147     0.00265485
       148     0.00244034
       149     0.00242722
       150     0.00256699
       151     0.00274993
       152     0.00282908
       153     0.00268910
       154     0.00232794
       155     0.00185218
       156     0.00138779
       157     0.00101112
       158     0.00073879
       159     0.00054920
       160     0.00041038
       161     0.00029961
       162     0.00020339
       163     0.00010961
       164     0.00001042
       165    -0.00009163
       166    -0.00018672
       167    -0.00026592
       168    -0.00032617
       169    -0.00037021
       170    -0.00040364
       171    -0.00043162
       172    -0.00045687
       173    -0.00047885
       174    -0.00050206
       175    -0.00053083
       176    -0.00057329
       177    -0.00063403
       178    -0.00070786
       179    -0.00078093
       180    -0.00084090
       181    -0.00088774
       182    -0.00093422
       183    -0.00099610
       184    -0.00108261
       185    -0.00119953
       186    -0.00142778
       187    -0.00325848
       188     0.00003544
       189     0.00014866
       190     0.00028046
       191     0.00041771
       192     0.00053221
       193     0.00056239
       194     0.00047766
       195     0.00036695
       196     0.00031833
       197     0.00032930
       198     0.00037612
       199     0.00046546
       200     0.00062339
       201     0.00084755
       202     0.00110919
       203     0.00142049
       204     0.00185406
       205     0.00247456
       206     0.00307732
       207     0.00310969
       208     0.00272670
       209     0.00235823
       210     0.00210571
       211     0.00194362
       212     0.00182598
       213     0.00170566
       214     0.00154347
       215     0.00132429
       216     0.00107220
       217     0.00083828
       218     0.00066199
       219     0.00055034
       220     0.00048843
       221     0.00045914
       222     0.00044961
       223     0.00044706
       224     0.00042428
       225     0.00032952
       226     0.00011557
       227    -0.00019336
       228    -0.00049532
       229    -0.00071331
       230    -0.00085265
       231    -0.00095820
       232    -0.00105620
       233    -0.00115091
       234    -0.00123633
       235    -0.00130753
       236    -0.00136388
       237    -0.00140613
       238    -0.00143180
       239    -0.00143332
       240    -0.00140131
       241    -0.00133126
       242    -0.00123102
       243    -0.00112490
       244    -0.00105626
       245    -0.00108024
       246    -0.00125569
       247    -0.00162860
       248    -0.00217192
       249    -0.00261237
       250    -0.00243394
       251    -0.00169009
       252    -0.00101921
       253    -0.00067594
       254    -0.00057723
       255    -0.00061396
       256    -0.00074372
       257    -0.00094253
       258    -0.00107805
       259    -0.00099873
       260    -0.00080955
       261    -0.00068581
       262    -0.00072900
       263    -0.00108653
       264    -0.00236087
       265    -0.01142190
       266    -0.00573577
       267    -0.00294049
       268    -0.00234185
       269    -0.00226615
       270    -0.00248477
       271    -0.00299214
       272    -0.00388162
       273    -0.00534156
       274    -0.00760685
       275    -0.01026740
       276    -0.01109237
       277    -0.00899538
       278    -0.00633361
       279    -0.00443999
       280    -0.00327381
       281    -0.00258199
       282    -0.00219243
       283    -0.00113682
       284    -0.00110128
       285    -0.00111696
       286    -0.00117203
       287    -0.00125849
       288    -0.00136991
       289    -0.00423965
       290    -0.00390770
       291    -0.00355385
       292    -0.00333091
       293    -0.00345750
       294    -0.00478171
       295    -0.01865371
       296    -0.00239813
       297    -0.00098736
       298    -0.00076035
       299    -0.00085201
       300    -0.00114965
       301    -0.00162292
       302    -0.00204880
       303    -0.00184315
       304    -0.00098678
       305    -0.00023265
       306     0.00001353
       307    -0.00028702
       308    -0.00113238
       309    -0.00259851
       310    -0.00421492
       311    -0.00487882
       312    -0.00472903
       313    -0.00437450
       314    -0.00402189
       315    -0.00368590
       316    -0.00336836
       317    -0.00310033
       318    -0.00290839
       319    -0.00277733
       320    -0.00266491
       321    -0.00253284
       322    -0.00237234
       323    -0.00219789
       324    -0.00202803
       325    -0.00187550
       326    -0.00174489
       327    -0.00163725
       328    -0.00155230
       329    -0.00149057
       330    -0.00145398
       331    -0.00144421
       332    -0.00145759
       333    -0.00148038
       334    -0.00147429
       335    -0.00140912
       336    -0.00127586
       337    -0.00112027
       338    -0.00100130
       339    -0.00092356
       340    -0.00083527
       341    -0.00070620
       342    -0.00057082
       343    -0.00048842
       344    -0.00048932
       345    -0.00056769
       346    -0.00070098
       347    -0.00086781
       348    -0.00104985
       349    -0.00123451
       350    -0.00141391
       351    -0.00158453
       352    -0.00174657
       353    -0.00190292
       354    -0.00205695
       355    -0.00221346
       356    -0.00237339
       357    -0.00253605
       358    -0.00269502
       359    -0.00283080
       360    -0.00291682
       361    -0.00295934
       362    -0.00303138
       363    -0.00329899
       364    -0.00423589
       365    -0.00946400
       366    -0.00499304
       367    -0.00116244
       368    -0.00050269
       369    -0.00031459
       370    -0.00029059
       371    -0.00035256
       372    -0.00045738
       373    -0.00057133
       374    -0.00066515
       375    -0.00070959
       376    -0.00070579
       377    -0.00071774
       378    -0.00092667
       379    -0.00202211
       380    -0.00866954
       381    -0.00715409
       382    -0.00421496
       383    -0.00334135
       384    -0.00306770
       385    -0.00302840
       386    -0.00304207
       387    -0.00300274
       388    -0.00287790
       389    -0.00268648
       390    -0.00246453
       391    -0.00224121
       392    -0.00203321
       393    -0.00184778
       394    -0.00168748
       395    -0.00155333
       396    -0.00144625
       397    -0.00136537
       398    -0.00130985
       399    -0.00127093
       400    -0.00122891
       401    -0.00115589
       402    -0.00103433
       403    -0.00087615
       404    -0.00071723
       405    -0.00058620
       406    -0.00048617
       407    -0.00040632
       408    -0.00034167
       409    -0.00029340
       410    -0.00026386
       411    -0.00025393
       412    -0.00026256
       413    -0.00028720
       414    -0.00032260
       415    -0.00036645
       416    -0.00041352
       417    -0.00045660
       418    -0.00049305
       419    -0.00051936
       420    -0.00053185
       421    -0.00052772
       422    -0.00050814
       423    -0.00048140
       424    -0.00045542
       425    -0.00043197
       426    -0.00040491
       427    -0.00037407
       428    -0.00034998
       429    -0.00034732
       430    -0.00037637
       431    -0.00044035
       432    -0.00054347
       433    -0.00070122
       434    -0.00094748
       435    -0.00133594
       436    -0.00193452
       437    -0.00280447
       438    -0.00393950
       439    -0.00513690
       440    -0.00592511
       441    -0.00591447
       442    -0.00530351
       443    -0.00460767
       444    -0.00414195
       445    -0.00395920
       446    -0.00397938
       447    -0.00410691
       448    -0.00420773
       449    -0.00382850
       450    -0.00280678
       451    -0.00184702
       452    -0.00119888
       453    -0.00077899
       454    -0.00051240
       455    -0.00035596
       456    -0.00028127
       457    -0.00027354
       458    -0.00033603
       459    -0.00051310
       460    -0.00099835
       461    -0.00362823
       462    -0.00319448
       463    -0.00249162
       464    -0.00225978
       465    -0.00218587
       466    -0.00220979
       467    -0.00232175
       468    -0.00252899
       469    -0.00284249
       470    -0.00330856
       471    -0.00408151
       472    -0.00558155
       473    -0.00893942
       474    -0.01572509
       475    -0.01770773
       476    -0.01037474
       477    -0.00592925
       478    -0.00402866
       479    -0.00317058
       480    -0.00276424
       481    -0.00260253
       482    -0.00265666
       483    -0.00308633
       484    -0.00462167
       485    -0.00824427
       486    -0.00364343
       487    -0.00164834
       488    -0.00099395
       489    -0.00077667
       490    -0.00076436
       491    -0.00089095
       492    -0.00116950
       493    -0.00169720
       494    -0.00264039
       495    -0.00367379
       496    -0.00360988
       497    -0.00294464
       498    -0.00238152
       499    -0.00194494
       500    -0.00155348
       501    -0.00116657
       502    -0.00077398
       503    -0.00039223
       504    -0.00006075
       505     0.00016653
       506     0.00025145
       507     0.00021633
       508     0.00015649
       509     0.00018872
       510     0.00037543
       511     0.00069409
       512     0.00106997
       513     0.00142534
       514     0.00169456
       515     0.00181432
       516     0.00174615
       517     0.00153436
       518     0.00129752
       519     0.00115294
       520     0.00116763
       521     0.00137215
       522     0.00177576
       523     0.00231229
       524     0.00266376
       525     0.00242800
       526     0.00180662
       527     0.00120249
       528     0.00073547
       529     0.00039482
       530     0.00015517
       531    -0.00000968
       532    -0.00013979
       533    -0.00027002
       534    -0.00042227
       535    -0.00059123
       536    -0.00074695
       537    -0.00084367
       538    -0.00083514
       539    -0.00068863
       540    -0.00040381
       541    -0.00003482
       542     0.00031786
       543     0.00054878
       544     0.00059153
       545     0.00046558
       546     0.00027769
       547     0.00013007
       548     0.00005502
       549     0.00003679
       550     0.00004841
       551     0.00006946
       552     0.00009351
       553     0.00012540
       554     0.00017412
       555     0.00024329
       556     0.00032937
       557     0.00042579
       558     0.00053127
       559     0.00065675
       560     0.00082555
       561     0.00104825
       562     0.00115729
       563     0.00049421
       564    -0.00082194
       565    -0.00151684
       566    -0.00148273
       567    -0.00113187
       568    -0.00076517
       569    -0.00049721
       570    -0.00033296
       571    -0.00023196
       572    -0.00011453
       573     0.00011392
       574     0.00049134
       575     0.00091459
       576     0.00108523
       577     0.00076495
       578     0.00022686
       579    -0.00017074
       580    -0.00038257
       581    -0.00049475
       582    -0.00056785
       583    -0.00062145
       584    -0.00065158
       585    -0.00063864
       586     0.00225876
       587     0.00135099
       588     0.00119577
       589     0.00105173
       590     0.00087552
       591     0.00065722
       592     0.00039513
       593     0.00008966
       594    -0.00026071
       595    -0.00065882
       596    -0.00110052
       597    -0.00154865
       598    -0.00191229
       599    -0.00206516
       600    -0.00199412
