#     Density Matrix: population Re; see the manual for detail orders
        0     0.00000000     1.00000000
        1     0.00001639     0.99998361
        2     0.00001377     0.99998623
        3     0.00003605     0.99996395
        4     0.00005131     0.99994869
        5     0.00004353     0.99995647
        6     0.00008601     0.99991399
        7     0.00004841     0.99995159
        8     0.00007113     0.99992887
        9     0.00007122     0.99992878
       10     0.00003264     0.99996736
       11     0.00005051     0.99994949
       12     0.00004295     0.99995705
       13     0.00001313     0.99998687
       14     0.00001818     0.99998182
       15     0.00002344     0.99997656
       16     0.00000830     0.99999170
       17     0.00000274     0.99999726
       18     0.00001241     0.99998759
       19     0.00001368     0.99998632
       20     0.00000387     0.99999613
       21     0.00000358     0.99999642
       22     0.00001280     0.99998720
       23     0.00001138     0.99998862
       24     0.00000206     0.99999794
       25     0.00000030     0.99999970
       26     0.00000114     0.99999886
       27     0.00000403     0.99999597
       28     0.00001452     0.99998548
       29     0.00001347     0.99998653
       30     0.00001037     0.99998963
       31     0.00003663     0.99996337
       32     0.00004499     0.99995501
       33     0.00002280     0.99997720
       34     0.00004060     0.99995940
       35     0.00004777     0.99995223
       36     0.00001653     0.99998347
       37     0.00002391     0.99997609
       38     0.00002168     0.99997832
       39     0.00000162     0.99999838
       40     0.00000436     0.99999564
       41     0.00000348     0.99999652
       42     0.00000471     0.99999529
       43     0.00000088     0.99999912
       44     0.00000706     0.99999294
       45     0.00001707     0.99998293
       46     0.00000517     0.99999483
       47     0.00000830     0.99999170
       48     0.00001724     0.99998276
       49     0.00000550     0.99999450
       50     0.00000107     0.99999893
       51     0.00000561     0.99999439
       52     0.00000347     0.99999653
       53     0.00000217     0.99999783
       54     0.00000113     0.99999887
       55     0.00000077     0.99999923
       56     0.00000710     0.99999290
       57     0.00000709     0.99999291
       58     0.00000049     0.99999951
       59     0.00000602     0.99999398
       60     0.00001076     0.99998924
       61     0.00000223     0.99999777
       62     0.00000192     0.99999808
       63     0.00000642     0.99999358
       64     0.00000248     0.99999752
       65     0.00000116     0.99999884
       66     0.00000038     0.99999962
       67     0.00000546     0.99999454
       68     0.00001119     0.99998881
       69     0.00000339     0.99999661
       70     0.00001643     0.99998357
       71     0.00003134     0.99996866
       72     0.00001558     0.99998442
       73     0.00002651     0.99997349
       74     0.00004838     0.99995162
       75     0.00002866     0.99997134
       76     0.00002320     0.99997680
       77     0.00004508     0.99995492
       78     0.00003533     0.99996467
       79     0.00001225     0.99998775
       80     0.00001590     0.99998410
       81     0.00002129     0.99997871
       82     0.00000981     0.99999019
       83     0.00000075     0.99999925
       84     0.00000036     0.99999964
       85     0.00000033     0.99999967
       86     0.00000371     0.99999629
       87     0.00001225     0.99998775
       88     0.00001512     0.99998488
       89     0.00000811     0.99999189
       90     0.00000220     0.99999780
       91     0.00000449     0.99999551
       92     0.00000806     0.99999194
       93     0.00000654     0.99999346
       94     0.00000419     0.99999581
       95     0.00000499     0.99999501
       96     0.00000469     0.99999531
       97     0.00000133     0.99999867
       98     0.00000071     0.99999929
       99     0.00000418     0.99999582
      100     0.00000520     0.99999480
      101     0.00000411     0.99999589
      102     0.00000673     0.99999327
      103     0.00000764     0.99999236
      104     0.00000399     0.99999601
      105     0.00001372     0.99998628
      106     0.00003635     0.99996365
      107     0.00003653     0.99996347
      108     0.00001920     0.99998080
      109     0.00002861     0.99997139
      110     0.00004392     0.99995608
      111     0.00002447     0.99997553
      112     0.00000703     0.99999297
      113     0.00001298     0.99998702
      114     0.00001014     0.99998986
      115     0.00000279     0.99999721
      116     0.00000230     0.99999770
      117     0.00000075     0.99999925
      118     0.00001239     0.99998761
      119     0.00003138     0.99996862
      120     0.00002794     0.99997206
      121     0.00001697     0.99998303
      122     0.00002748     0.99997252
      123     0.00004221     0.99995779
      124     0.00003492     0.99996508
      125     0.00001496     0.99998504
      126     0.00000318     0.99999682
      127     0.00000226     0.99999774
      128     0.00000411     0.99999589
      129     0.00000437     0.99999563
      130     0.00000293     0.99999707
      131     0.00000290     0.99999710
      132     0.00001564     0.99998436
      133     0.00006188     0.99993812
      134     0.00016191     0.99983809
      135     0.00032192     0.99967808
      136     0.00052808     0.99947192
      137     0.00075167     0.99924833
      138     0.00095899     0.99904101
      139     0.00111882     0.99888118
      140     0.00120580     0.99879420
      141     0.00120370     0.99879630
      142     0.00111133     0.99888867
      143     0.00094861     0.99905139
      144     0.00076256     0.99923744
      145     0.00064143     0.99935857
      146     0.00076632     0.99923368
      147     0.00158029     0.99841971
      148     0.00430402     0.99569598
      149     0.01244331     0.98755669
      150     0.03557699     0.96442301
      151     0.09355020     0.90644980
      152     0.20021047     0.79978953
      153     0.32449568     0.67550432
      154     0.41780667     0.58219333
      155     0.46956314     0.53043686
      156     0.49256386     0.50743614
      157     0.49987020     0.50012980
      158     0.50038884     0.49961116
      159     0.49979477     0.50020523
      160     0.50150291     0.49849709
      161     0.50720215     0.49279785
      162     0.51711490     0.48288510
      163     0.53015562     0.46984438
      164     0.54413765     0.45586235
      165     0.55609642     0.44390358
      166     0.56279369     0.43720631
      167     0.56133567     0.43866433
      168     0.54974137     0.45025863
      169     0.52730356     0.47269644
      170     0.49467942     0.50532058
      171     0.45386081     0.54613919
      172     0.40804698     0.59195302
      173     0.36152527     0.63847473
      174     0.31959297     0.68040703
      175     0.28802569     0.71197431
      176     0.27178191     0.72821809
      177     0.27311636     0.72688364
      178     0.29015162     0.70984838
      179     0.31716141     0.68283859
      180     0.34659191     0.65340809
      181     0.37151312     0.62848688
      182     0.38723314     0.61276686
      183     0.39175999     0.60824001
      184     0.38550269     0.61449731
      185     0.37079164     0.62920836
      186     0.35182990     0.64817010
      187     0.33572087     0.66427913
      188     0.33446706     0.66553294
      189     0.36344228     0.63655772
      190     0.42733017     0.57266983
      191     0.50734279     0.49265721
      192     0.57834310     0.42165690
      193     0.62913166     0.37086834
      194     0.68138637     0.31861363
      195     0.72480803     0.27519197
      196     0.73790166     0.26209834
      197     0.73903497     0.26096503
      198     0.74166860     0.25833140
      199     0.75079219     0.24920781
      200     0.76087071     0.23912929
      201     0.76158927     0.23841073
      202     0.75075756     0.24924244
      203     0.74088634     0.25911366
      204     0.74569091     0.25430909
      205     0.75781663     0.24218337
      206     0.75489328     0.24510672
      207     0.74143818     0.25856182
      208     0.74966403     0.25033597
      209     0.76068145     0.23931855
      210     0.74060388     0.25939612
      211     0.75135857     0.24864143
      212     0.75725622     0.24274378
      213     0.74054057     0.25945943
      214     0.75858632     0.24141368
      215     0.74524567     0.25475433
      216     0.75145819     0.24854181
      217     0.75186582     0.24813418
      218     0.74859501     0.25140499
      219     0.75188813     0.24811187
      220     0.74912842     0.25087158
      221     0.75155791     0.24844209
      222     0.74931149     0.25068851
      223     0.75134785     0.24865215
      224     0.74973043     0.25026957
      225     0.75046369     0.24953631
      226     0.75133923     0.24866077
      227     0.74789567     0.25210433
      228     0.75467277     0.24532723
      229     0.74471329     0.25528671
      230     0.75586489     0.24413511
      231     0.74720293     0.25279707
      232     0.75030152     0.24969848
      233     0.75204290     0.24795710
      234     0.75024171     0.24975829
      235     0.74877780     0.25122220
      236     0.75022821     0.24977179
      237     0.75424362     0.24575638
      238     0.74695525     0.25304475
      239     0.74853615     0.25146385
      240     0.75557178     0.24442822
      241     0.74827129     0.25172871
      242     0.74706853     0.25293147
      243     0.75482772     0.24517228
      244     0.74996348     0.25003652
      245     0.74672904     0.25327096
      246     0.75386431     0.24613569
      247     0.75052965     0.24947035
      248     0.74723756     0.25276244
      249     0.75344787     0.24655213
      250     0.74973622     0.25026378
      251     0.74871186     0.25128814
      252     0.75291655     0.24708345
      253     0.74844210     0.25155790
      254     0.75120282     0.24879718
      255     0.75065005     0.24934995
      256     0.74945376     0.25054624
      257     0.75166021     0.24833979
      258     0.74912114     0.25087886
      259     0.75147181     0.24852819
      260     0.74973157     0.25026843
      261     0.75043059     0.24956941
      262     0.75135951     0.24864049
      263     0.74814543     0.25185457
      264     0.75357097     0.24642903
      265     0.74725486     0.25274514
      266     0.75308950     0.24691050
      267     0.74801440     0.25198560
      268     0.75259921     0.24740079
      269     0.74835099     0.25164901
      270     0.75221731     0.24778269
      271     0.74895678     0.25104322
      272     0.75128830     0.24871170
      273     0.75015399     0.24984601
      274     0.75016054     0.24983946
      275     0.75062790     0.24937210
      276     0.75090372     0.24909628
      277     0.74865778     0.25134222
      278     0.75303668     0.24696332
      279     0.74827811     0.25172189
      280     0.75022660     0.24977340
      281     0.75334635     0.24665365
      282     0.74617476     0.25382524
      283     0.75339546     0.24660454
      284     0.75002028     0.24997972
      285     0.74850846     0.25149154
      286     0.75310423     0.24689577
      287     0.74821563     0.25178437
      288     0.75138435     0.24861565
      289     0.75057430     0.24942570
      290     0.74949604     0.25050396
      291     0.75148004     0.24851996
      292     0.74960315     0.25039685
      293     0.75071141     0.24928859
      294     0.75048608     0.24951392
      295     0.75030332     0.24969668
      296     0.75011999     0.24988001
      297     0.75123173     0.24876827
      298     0.74926392     0.25073608
      299     0.75136020     0.24863980
      300     0.75007139     0.24992861
      301     0.75002403     0.24997597
      302     0.75103688     0.24896312
      303     0.75071500     0.24928500
      304     0.74716963     0.25283037
      305     0.75508107     0.24491893
      306     0.74863929     0.25136071
      307     0.75160364     0.24839636
      308     0.75058123     0.24941877
      309     0.75065405     0.24934595
      310     0.75102042     0.24897958
      311     0.75050534     0.24949466
      312     0.75097693     0.24902307
      313     0.75069226     0.24930774
      314     0.75069191     0.24930809
      315     0.75100122     0.24899878
      316     0.75047358     0.24952642
      317     0.75100148     0.24899852
      318     0.75075115     0.24924885
      319     0.75054997     0.24945003
      320     0.75109803     0.24890197
      321     0.75058741     0.24941259
      322     0.75070332     0.24929668
      323     0.75093111     0.24906889
      324     0.75089895     0.24910105
      325     0.75002004     0.24997996
      326     0.75230192     0.24769808
      327     0.74853979     0.25146021
      328     0.75341195     0.24658805
      329     0.74820345     0.25179655
      330     0.75254395     0.24745605
      331     0.75034578     0.24965422
      332     0.74981970     0.25018030
      333     0.75245393     0.24754607
      334     0.74897790     0.25102210
      335     0.75226620     0.24773380
      336     0.74971396     0.25028604
      337     0.75140329     0.24859671
      338     0.75048411     0.24951589
      339     0.75082055     0.24917945
      340     0.75083061     0.24916939
      341     0.75077102     0.24922898
      342     0.75055239     0.24944761
      343     0.75124094     0.24875906
      344     0.75031116     0.24968884
      345     0.75072824     0.24927176
      346     0.75169265     0.24830735
      347     0.74925377     0.25074623
      348     0.75192998     0.24807002
      349     0.75093160     0.24906840
      350     0.74921029     0.25078971
      351     0.75278510     0.24721490
      352     0.74954064     0.25045936
      353     0.75062372     0.24937628
      354     0.75198174     0.24801826
      355     0.74928626     0.25071374
      356     0.75189216     0.24810784
      357     0.75027466     0.24972534
      358     0.75063843     0.24936157
      359     0.75158603     0.24841397
      360     0.74946881     0.25053119
      361     0.75054599     0.24945401
      362     0.76169015     0.23830985
      363     0.75449693     0.24550307
      364     0.75347259     0.24652741
      365     0.75420785     0.24579215
      366     0.75387751     0.24612249
      367     0.75387782     0.24612218
      368     0.75402667     0.24597333
      369     0.75393845     0.24606155
      370     0.75377622     0.24622378
      371     0.75432064     0.24567936
      372     0.75332974     0.24667026
      373     0.75476628     0.24523372
      374     0.75292963     0.24707037
      375     0.75508846     0.24491154
      376     0.75269693     0.24730307
      377     0.75523383     0.24476617
      378     0.75262500     0.24737500
      379     0.75525459     0.24474541
      380     0.75263614     0.24736386
      381     0.75521391     0.24478609
      382     0.75274773     0.24725227
      383     0.75492922     0.24507078
      384     0.75332679     0.24667321
      385     0.75401845     0.24598155
      386     0.75435898     0.24564102
      387     0.75335056     0.24664944
      388     0.75420365     0.24579635
      389     0.75429318     0.24570682
      390     0.75319910     0.24680090
      391     0.75434947     0.24565053
      392     0.75466379     0.24533621
      393     0.75166139     0.24833861
      394     0.75744529     0.24255471
      395     0.75016196     0.24983804
      396     0.75666935     0.24333065
      397     0.75313923     0.24686077
      398     0.75264668     0.24735332
      399     0.75655479     0.24344521
      400     0.75101750     0.24898250
      401     0.75626718     0.24373282
      402     0.75261236     0.24738764
      403     0.75430026     0.24569974
      404     0.75419744     0.24580256
      405     0.75351707     0.24648293
      406     0.75414253     0.24585747
      407     0.75417292     0.24582708
      408     0.75321609     0.24678391
      409     0.75506332     0.24493668
      410     0.75254334     0.24745666
      411     0.75544118     0.24455882
      412     0.75247022     0.24752978
      413     0.75522841     0.24477159
      414     0.75293780     0.24706220
      415     0.75457840     0.24542160
      416     0.75364685     0.24635315
      417     0.75399539     0.24600461
      418     0.75393353     0.24606647
      419     0.75408916     0.24591084
      420     0.75352996     0.24647004
      421     0.75462124     0.24537876
      422     0.75306280     0.24693720
      423     0.75485800     0.24514200
      424     0.75322836     0.24677164
      425     0.75406844     0.24593156
      426     0.75475594     0.24524406
      427     0.75211343     0.24788657
      428     0.75612970     0.24387030
      429     0.75260896     0.24739104
      430     0.75346177     0.24653823
      431     0.75573242     0.24426758
      432     0.75253434     0.24746566
      433     0.75375191     0.24624809
      434     0.75511209     0.24488791
      435     0.75325032     0.24674968
      436     0.75367189     0.24632811
      437     0.75441599     0.24558401
      438     0.75386948     0.24613052
      439     0.75384229     0.24615771
      440     0.75381507     0.24618493
      441     0.75412436     0.24587564
      442     0.75408530     0.24591470
      443     0.75349529     0.24650471
      444     0.75422638     0.24577362
      445     0.75415653     0.24584347
      446     0.75334953     0.24665047
      447     0.75442173     0.24557827
      448     0.75400691     0.24599309
      449     0.75324365     0.24675635
      450     0.75488495     0.24511505
      451     0.75340683     0.24659317
      452     0.75349484     0.24650516
      453     0.75541442     0.24458558
      454     0.75201058     0.24798942
      455     0.75535888     0.24464112
      456     0.75385367     0.24614633
      457     0.75232845     0.24767155
      458     0.75699510     0.24300490
      459     0.75003623     0.24996377
      460     0.75785928     0.24214072
      461     0.75071039     0.24928961
      462     0.75582178     0.24417822
      463     0.75364321     0.24635679
      464     0.75286498     0.24713502
      465     0.75541704     0.24458296
      466     0.75332243     0.24667757
      467     0.75288777     0.24711223
      468     0.75628225     0.24371775
      469     0.75173953     0.24826047
      470     0.75435162     0.24564838
      471     0.75595918     0.24404082
      472     0.75015167     0.24984833
      473     0.75777157     0.24222843
      474     0.75173935     0.24826065
      475     0.75356758     0.24643242
      476     0.75644824     0.24355176
      477     0.75074784     0.24925216
      478     0.75609368     0.24390632
      479     0.75354563     0.24645437
      480     0.75322883     0.24677117
      481     0.75438138     0.24561862
      482     0.75449309     0.24550691
      483     0.75294311     0.24705689
      484     0.75432847     0.24567153
      485     0.75449389     0.24550611
      486     0.75293929     0.24706071
      487     0.75483946     0.24516054
      488     0.75324844     0.24675156
      489     0.75433140     0.24566860
      490     0.75449435     0.24550565
      491     0.75154982     0.24845018
      492     0.75788949     0.24211051
      493     0.75084442     0.24915558
      494     0.75234605     0.24765395
      495     0.76157193     0.23842807
      496     0.74431536     0.25568464
      497     0.75713065     0.24286935
      498     0.76079120     0.23920880
      499     0.74280923     0.25719077
      500     0.75789189     0.24210811
      501     0.76054099     0.23945901
      502     0.74527439     0.25472561
      503     0.75428740     0.24571260
      504     0.76003988     0.23996012
      505     0.75066312     0.24933688
      506     0.75203124     0.24796876
      507     0.75507709     0.24492291
      508     0.75550997     0.24449003
      509     0.75476951     0.24523049
      510     0.74807087     0.25192913
      511     0.75977619     0.24022381
      512     0.75479590     0.24520410
      513     0.74421513     0.25578487
      514     0.76819531     0.23180469
      515     0.74080584     0.25919416
      516     0.76128912     0.23871088
      517     0.75149783     0.24850217
      518     0.75327147     0.24672853
      519     0.75591687     0.24408313
      520     0.75151543     0.24848457
      521     0.75620027     0.24379973
      522     0.75214956     0.24785044
      523     0.75507137     0.24492863
      524     0.75347252     0.24652748
      525     0.75395163     0.24604837
      526     0.75391114     0.24608886
      527     0.75423633     0.24576367
      528     0.75373999     0.24626001
      529     0.75388111     0.24611889
      530     0.75418488     0.24581512
      531     0.75370607     0.24629393
      532     0.75397811     0.24602189
      533     0.75428230     0.24571770
      534     0.75329030     0.24670970
      535     0.75438220     0.24561780
      536     0.75477769     0.24522231
      537     0.75077599     0.24922401
      538     0.75918894     0.24081106
      539     0.74938591     0.25061409
      540     0.75247819     0.24752181
      541     0.76373172     0.23626828
      542     0.74311492     0.25688508
      543     0.75604202     0.24395798
      544     0.75726330     0.24273670
      545     0.75293515     0.24706485
      546     0.75069559     0.24930441
      547     0.75520279     0.24479721
      548     0.75850447     0.24149553
      549     0.74550866     0.25449134
      550     0.76003870     0.23996130
      551     0.75239810     0.24760190
      552     0.75168933     0.24831067
      553     0.75680604     0.24319396
      554     0.75217118     0.24782882
      555     0.75369062     0.24630938
      556     0.75464815     0.24535185
      557     0.75366481     0.24633519
      558     0.75360653     0.24639347
      559     0.75416216     0.24583784
      560     0.75381971     0.24618029
      561     0.75364296     0.24635704
      562     0.75419206     0.24580794
      563     0.75378072     0.24621928
      564     0.75328781     0.24671219
      565     0.75491446     0.24508554
      566     0.75558918     0.24441082
      567     0.75354677     0.24645323
      568     0.75677207     0.24322793
      569     0.75172355     0.24827645
      570     0.75852427     0.24147573
      571     0.75093440     0.24906560
      572     0.75740444     0.24259556
      573     0.75443738     0.24556262
      574     0.75223554     0.24776446
      575     0.75893861     0.24106139
      576     0.75117460     0.24882540
      577     0.75589207     0.24410793
      578     0.75554956     0.24445044
      579     0.75445914     0.24554086
      580     0.75289087     0.24710913
      581     0.75720284     0.24279716
      582     0.75544239     0.24455761
      583     0.74903096     0.25096904
      584     0.76231790     0.23768210
      585     0.75088232     0.24911768
      586     0.75234916     0.24765084
      587     0.76030500     0.23969500
      588     0.75010856     0.24989144
      589     0.75672622     0.24327378
      590     0.75477981     0.24522019
      591     0.75403864     0.24596136
      592     0.75527219     0.24472781
      593     0.75468169     0.24531831
      594     0.75446423     0.24553577
      595     0.75512383     0.24487617
      596     0.75458946     0.24541054
      597     0.75463181     0.24536819
      598     0.75521897     0.24478103
      599     0.75385110     0.24614890
      600     0.75615460     0.24384540
