#    Non-Adiabatic Coupling Matrix Elements: off-diagonal
         0    -0.00000385
         1    -0.00000422
         2    -0.00000463
         3    -0.00000510
         4    -0.00000564
         5    -0.00000624
         6    -0.00000692
         7    -0.00000769
         8    -0.00000855
         9    -0.00000952
        10    -0.00001060
        11    -0.00001181
        12    -0.00001314
        13    -0.00001460
        14    -0.00001619
        15    -0.00001790
        16    -0.00001973
        17    -0.00002165
        18    -0.00002367
        19    -0.00002576
        20    -0.00002790
        21    -0.00003009
        22    -0.00003230
        23    -0.00003453
        24    -0.00003677
        25    -0.00366951
        26    -0.00104625
        27    -0.00086299
        28    -0.00081591
        29    -0.00080857
        30    -0.00081610
        31    -0.00082895
        32    -0.00084225
        33    -0.00085305
        34    -0.00085951
        35    -0.00086061
        36    -0.00085613
        37    -0.00084672
        38    -0.00083365
        39    -0.00081869
        40    -0.00080346
        41    -0.00078980
        42    -0.00077853
        43    -0.00076960
        44    -0.00076292
        45    -0.00075796
        46    -0.00075411
        47    -0.00075080
        48    -0.00074755
        49    -0.00074399
        50    -0.00073987
        51    -0.00073504
        52    -0.00072942
        53    -0.00072300
        54    -0.00071583
        55    -0.00070802
        56    -0.00069969
        57    -0.00069103
        58    -0.00068221
        59    -0.00067345
        60    -0.00066495
        61    -0.00065695
        62    -0.00065075
        63    -0.00064431
        64    -0.00063889
        65    -0.00063466
        66    -0.00063172
        67    -0.00063019
        68    -0.00063015
        69    -0.00063166
        70    -0.00063480
        71    -0.00063960
        72    -0.00064610
        73    -0.00065437
        74    -0.00066450
        75    -0.00067657
        76    -0.00069065
        77    -0.00070688
        78    -0.00072543
        79    -0.00074651
        80    -0.00077045
        81    -0.00079765
        82    -0.00082863
        83    -0.00086411
        84    -0.00090497
        85    -0.00095244
        86    -0.00100807
        87    -0.00107397
        88    -0.00115293
        89    -0.00124879
        90    -0.00136683
        91    -0.00151452
        92    -0.00170264
        93    -0.00194715
        94    -0.00227229
        95    -0.00271600
        96    -0.00333492
        97    -0.00423858
        98    -0.00558232
        99    -0.00763489
       100    -0.01068797
       101    -0.01462174
       102    -0.01769183
       103    -0.01712855
       104    -0.01356746
       105    -0.00984737
       106    -0.00712069
       107    -0.00530713
       108    -0.00410631
       109    -0.00329586
       110    -0.00273575
       111    -0.00234264
       112    -0.00206753
       113    -0.00188247
       114    -0.00177353
       115    -0.00173748
       116    -0.00178149
       117    -0.00192552
       118    -0.00220901
       119    -0.00270525
       120    -0.00355124
       121    -0.00500922
       122    -0.00757681
       123    -0.01201909
       124    -0.01820919
       125    -0.02109083
       126    -0.01630493
       127    -0.01007247
       128    -0.00596682
       129    -0.00357469
       130    -0.00214318
       131    -0.00122313
       132    -0.00057726
       133    -0.00007267
       134     0.00037324
       135     0.00082117
       136     0.00132624
       137     0.00194971
       138     0.00276901
       139     0.00388434
       140     0.00540975
       141     0.00740009
       142     0.00963584
       143     0.01133032
       144     0.01144492
       145     0.00989787
       146     0.00767890
       147     0.00564258
       148     0.00406147
       149     0.00289589
       150     0.00203078
       151     0.00135947
       152     0.00079596
       153     0.00027107
       154    -0.00028784
       155    -0.00096752
       156    -0.00190141
       157    -0.00332441
       158    -0.00567783
       159    -0.00972254
       160    -0.01594573
       161    -0.02083561
       162    -0.01796049
       163    -0.01173572
       164    -0.00731133
       165    -0.00476107
       166    -0.00329769
       167    -0.00242254
       168    -0.00187453
       169    -0.00151611
       170    -0.00127059
       171    -0.00109063
       172    -0.00093936
       173    -0.00076997
       174    -0.00045968
       175     0.00071021
       176     0.03467323
       177    -0.00392923
       178    -0.00029906
       179     0.00016681
       180     0.00029909
       181     0.00035001
       182     0.00037704
       183     0.00040142
       184     0.00043575
       185     0.00049271
       186     0.00059085
       187     0.00076347
       188     0.00107924
       189     0.00170123
       190     0.00309751
       191     0.00705629
       192     0.02428785
       193     0.07125997
       194     0.01782207
       195     0.00535216
       196     0.00214811
       197     0.00087097
       198     0.00021050
       199    -0.00019368
       200    -0.00047161
       201    -0.00067823
       202    -0.00083919
       203    -0.00096735
       204    -0.00106965
       205    -0.00115035
       206    -0.00121276
       207    -0.00126014
       208    -0.00129604
       209    -0.00132439
       210    -0.00134878
       211    -0.00137269
       212    -0.00139877
       213    -0.00142871
       214    -0.00146373
       215    -0.00150750
       216    -0.00156175
       217    -0.00163016
       218    -0.00171647
       219    -0.00182876
       220    -0.00197785
       221    -0.00218128
       222    -0.00246718
       223    -0.00287931
       224    -0.00347069
       225    -0.00420728
       226    -0.00460850
       227    -0.00400393
       228    -0.00296304
       229    -0.00213420
       230    -0.00157184
       231    -0.00119233
       232    -0.00092893
       233    -0.00074036
       234    -0.00060165
       235    -0.00049723
       236    -0.00041714
       237    -0.00035435
       238    -0.00030510
       239    -0.00026577
       240    -0.00023403
       241    -0.00020819
       242    -0.00018699
       243    -0.00016945
       244    -0.00015485
       245    -0.00014262
       246    -0.00013231
       247    -0.00012357
       248    -0.00011613
       249    -0.00010974
       250    -0.00010445
       251    -0.00009966
       252    -0.00009547
       253    -0.00009180
       254    -0.00008854
       255    -0.00008545
       256    -0.00008280
       257    -0.00008036
       258    -0.00007807
       259    -0.00007588
       260    -0.00007376
       261    -0.00007165
       262    -0.00006953
       263    -0.00006736
       264    -0.00006510
       265    -0.00006273
       266    -0.00006023
       267    -0.00005756
       268    -0.00005472
       269    -0.00005168
       270    -0.00004844
       271    -0.00004499
       272    -0.00004132
       273    -0.00003744
       274    -0.00003335
       275    -0.00002906
       276    -0.00002458
       277    -0.00001992
       278    -0.00001512
       279    -0.00001018
       280    -0.00000514
       281    -0.00000002
       282     0.00000515
       283     0.00001033
       284     0.00001550
       285     0.00002063
       286     0.00002568
       287     0.00003063
       288     0.00003545
       289     0.00004012
       290     0.00004461
       291     0.00004890
       292     0.00005297
       293     0.00005682
       294     0.00006044
       295     0.00006383
       296     0.00006698
       297     0.00006991
       298     0.00007263
       299     0.00007515
       300     0.00007751
