#     Density Matrix: coherence Re-Im; see the manual for detail orders
        0     0.00000000     0.00000000
        1    -0.00184717     0.00522562
        2     0.00186910     0.00343772
        3    -0.00258678     0.00460898
        4     0.00137431     0.00742840
        5    -0.00018212     0.00373926
        6    -0.00172629     0.00800323
        7     0.00235622     0.00664246
        8    -0.00100996     0.00420525
        9    -0.00121972     0.00805015
       10     0.00247518     0.00629362
       11    -0.00009180     0.00314016
       12    -0.00191307     0.00592054
       13     0.00164677     0.00645961
       14     0.00226826     0.00221379
       15    -0.00108764     0.00121018
       16    -0.00077370     0.00353175
       17     0.00267591     0.00189911
       18     0.00214188    -0.00273806
       19    -0.00128268    -0.00329112
       20    -0.00062392    -0.00098707
       21     0.00250958    -0.00277508
       22     0.00103218    -0.00652460
       23    -0.00223388    -0.00506166
       24    -0.00015924    -0.00220586
       25     0.00217639    -0.00477521
       26    -0.00119060    -0.00618899
       27    -0.00201732    -0.00202969
       28     0.00179080    -0.00195555
       29    -0.00004126    -0.00485821
       30    -0.00254034    -0.00116120
       31     0.00139008     0.00035386
       32     0.00033421    -0.00297629
       33    -0.00250915     0.00052171
       34     0.00159154     0.00187122
       35     0.00009188    -0.00162040
       36    -0.00216353     0.00217495
       37     0.00207767     0.00219056
       38    -0.00049504    -0.00099578
       39    -0.00163393     0.00308057
       40     0.00233101     0.00175483
       41    -0.00093613    -0.00079518
       42    -0.00138518     0.00328660
       43     0.00231338     0.00169917
       44    -0.00083144    -0.00073658
       45    -0.00182280     0.00325051
       46     0.00200328     0.00288180
       47     0.00014635    -0.00024140
       48    -0.00245554     0.00275201
       49     0.00088880     0.00470214
       50     0.00190544     0.00119835
       51    -0.00159825     0.00088480
       52    -0.00096720     0.00406444
       53     0.00262980     0.00236976
       54     0.00127289    -0.00179951
       55    -0.00165521    -0.00099392
       56     0.00064859     0.00055384
       57     0.00292951    -0.00323777
       58    -0.00027395    -0.00606632
       59    -0.00177841    -0.00331722
       60     0.00169362    -0.00307046
       61     0.00120550    -0.00683739
       62    -0.00248662    -0.00521093
       63    -0.00016531    -0.00171330
       64     0.00170940    -0.00434343
       65    -0.00226367    -0.00398436
       66    -0.00120926     0.00087680
       67     0.00176308    -0.00066557
       68    -0.00198249    -0.00099718
       69    -0.00154813     0.00415888
       70     0.00186062     0.00298875
       71    -0.00161179     0.00200413
       72    -0.00167283     0.00682125
       73     0.00205829     0.00586568
       74    -0.00073155     0.00364317
       75    -0.00202190     0.00748141
       76     0.00190133     0.00764739
       77     0.00116731     0.00379502
       78    -0.00197646     0.00494986
       79     0.00021937     0.00719255
       80     0.00289281     0.00405268
       81     0.00050799     0.00077804
       82    -0.00179857     0.00229283
       83     0.00044960     0.00378472
       84     0.00277409     0.00095995
       85     0.00080913    -0.00215414
       86    -0.00194085    -0.00103217
       87    -0.00067059     0.00138424
       88     0.00238124    -0.00001361
       89     0.00191331    -0.00370409
       90    -0.00119475    -0.00419808
       91    -0.00126054    -0.00175458
       92     0.00197965    -0.00224299
       93     0.00236506    -0.00632279
       94    -0.00107237    -0.00745067
       95    -0.00138218    -0.00459644
       96     0.00208020    -0.00523544
       97     0.00118667    -0.00911797
       98    -0.00230476    -0.00759762
       99     0.00023717    -0.00471087
      100     0.00183232    -0.00801262
      101    -0.00230522    -0.00751758
      102    -0.00032140    -0.00326468
      103     0.00147918    -0.00617860
      104    -0.00276065    -0.00434851
      105     0.00062637    -0.00056994
      106     0.00020151    -0.00377366
      107    -0.00251368     0.00081786
      108     0.00187328     0.00120578
      109    -0.00184271    -0.00011791
      110    -0.00061221     0.00512005
      111     0.00139320     0.00213469
      112    -0.00272240     0.00437844
      113     0.00105250     0.00728771
      114     0.00040194     0.00382625
      115    -0.00254670     0.00728453
      116     0.00136819     0.00892599
      117     0.00090035     0.00539665
      118    -0.00244655     0.00735330
      119    -0.00003424     0.01030982
      120     0.00229425     0.00775058
      121    -0.00038050     0.00577246
      122    -0.00226108     0.00831937
      123     0.00027235     0.01016673
      124     0.00289052     0.00763481
      125     0.00184127     0.00404339
      126    -0.00051962     0.00329054
      127    -0.00017215     0.00412321
      128     0.00270060     0.00262072
      129     0.00426861    -0.00208451
      130     0.00230466    -0.00654197
      131    -0.00083301    -0.00735974
      132    -0.00122644    -0.00561607
      133     0.00119660    -0.00548440
      134     0.00221100    -0.00821610
      135    -0.00045207    -0.00975653
      136    -0.00282002    -0.00695964
      137    -0.00078592    -0.00373938
      138     0.00187440    -0.00502165
      139    -0.00027070    -0.00693560
      140    -0.00284225    -0.00373495
      141    -0.00002687    -0.00065174
      142     0.00177324    -0.00310802
      143    -0.00185203    -0.00333854
      144    -0.00188474     0.00129669
      145     0.00180367     0.00102625
      146    -0.00039683    -0.00131346
      147    -0.00270625     0.00258846
      148     0.00093934     0.00463362
      149     0.00125723     0.00152159
      150    -0.00228106     0.00259950
      151    -0.00097294     0.00624166
      152     0.00237436     0.00478581
      153     0.00123146     0.00141058
      154    -0.00145409     0.00177008
      155    -0.00067731     0.00366466
      156     0.00231147     0.00266938
      157     0.00356053    -0.00103567
      158     0.00199457    -0.00424052
      159    -0.00046648    -0.00499105
      160    -0.00173090    -0.00384413
      161    -0.00122553    -0.00246498
      162     0.00033046    -0.00206972
      163     0.00191600    -0.00290912
      164     0.00289816    -0.00458083
      165     0.00315631    -0.00651988
      166     0.00287739    -0.00830553
      167     0.00229029    -0.00972466
      168     0.00148590    -0.01069548
      169     0.00034730    -0.01115014
      170    -0.00143322    -0.01094665
      171    -0.00433019    -0.00982815
      172    -0.00901662    -0.00741843
      173    -0.01649566    -0.00323517
      174    -0.02843234     0.00328986
      175    -0.04787939     0.01279132
      176    -0.08093971     0.02593127
      177    -0.14120374     0.04331065
      178    -0.26152318     0.06530177
      179    -0.45766351     0.09140639
      180    -0.44196401     0.12117209
      181    -0.29349013     0.15332637
      182    -0.19389172     0.18534914
      183    -0.10776900     0.21185210
      184    -0.01804295     0.22531260
      185     0.07806900     0.21774904
      186     0.17574643     0.18288272
      187     0.26557951     0.11812765
      188     0.33582145     0.02568854
      189     0.37429522    -0.08749422
      190     0.36995842    -0.21049856
      191     0.31470997    -0.32894343
      192     0.20603631    -0.42475714
      193     0.05024390    -0.47584176
      194    -0.13377073    -0.45779997
      195    -0.31053251    -0.35082501
      196    -0.42758480    -0.15363270
      197    -0.42672488     0.09885182
      198    -0.27300099     0.32628622
      199     0.00556733     0.42108634
      200     0.29552144     0.30493550
      201     0.43130920     0.00357890
      202     0.29733841    -0.31948656
      203    -0.05374924    -0.43452687
      204    -0.37717965    -0.21867467
      205    -0.38957372     0.18898497
      206    -0.03669263     0.42983082
      207     0.36524382     0.23187527
      208     0.36414057    -0.23905256
      209    -0.09525513    -0.42630799
      210    -0.43292807    -0.02600728
      211    -0.10002533     0.41786377
      212     0.41382125     0.12738738
      213     0.11395207    -0.42478174
      214    -0.43193734    -0.04055835
      215     0.11790987     0.40893042
      216     0.30030455    -0.32372179
      217    -0.43351967    -0.02213891
      218     0.34233974     0.25469958
      219    -0.18764909    -0.39932592
      220     0.04006252     0.42730505
      221     0.07036717    -0.43076394
      222    -0.14514494     0.40755133
      223     0.18389383    -0.39379294
      224    -0.19450361     0.38789095
      225     0.17960106    -0.39280546
      226    -0.14307048     0.40809334
      227     0.09608598    -0.42342276
      228    -0.05200113     0.42917751
      229     0.01920768    -0.43363542
      230    -0.00041067     0.43174817
      231    -0.00137317    -0.43499679
      232    -0.01495052     0.43021914
      233     0.05427562    -0.43317270
      234    -0.11799325     0.41208423
      235     0.21057392    -0.38396768
      236    -0.32103004     0.28452226
      237     0.41464625    -0.13067236
      238    -0.41723844    -0.12264449
      239     0.24821509     0.34997160
      240     0.07797460    -0.42956920
      241    -0.38008588     0.20579581
      242     0.38735006     0.19117477
      243    -0.03701083    -0.43234084
      244    -0.36135988     0.23945528
      245     0.37678753     0.21380632
      246     0.02448521    -0.43079545
      247    -0.39931761     0.17061584
      248     0.33097556     0.28181988
      249     0.08581348    -0.42122366
      250    -0.40801359     0.14941640
      251     0.35048019     0.25821324
      252    -0.01854287    -0.42832724
      253    -0.30378351     0.31333644
      254     0.43218994    -0.02320398
      255    -0.36479711    -0.22865713
      256     0.19407817     0.39156953
      257    -0.00762213    -0.42914762
      258    -0.14617327     0.41080392
      259     0.25691828    -0.34623483
      260    -0.32821634     0.28439048
      261     0.37205377    -0.22046249
      262    -0.39682792     0.17431780
      263     0.41098233    -0.13633479
      264    -0.41829653     0.11219504
      265     0.42269446    -0.09505790
      266    -0.42488622     0.08274062
      267     0.42707130    -0.07418496
      268    -0.42852896     0.05956534
      269     0.43120944    -0.04592979
      270    -0.43253232     0.01153426
      271     0.43230383     0.02638603
      272    -0.42120998    -0.10521880
      273     0.38579494     0.19164465
      274    -0.30325206    -0.31400740
      275     0.15287452     0.40112203
      276     0.05806672    -0.43226587
      277    -0.28047625     0.32799601
      278     0.42011470    -0.10549031
      279    -0.39527741    -0.17840514
      280     0.19155417     0.38830633
      281     0.10200308    -0.42026274
      282    -0.34697494     0.26061825
      283     0.43278651     0.01331298
      284    -0.34125436    -0.26490259
      285     0.13325603     0.41431445
      286     0.09858079    -0.41922527
      287    -0.28410586     0.32952809
      288     0.39359461    -0.17811360
      289    -0.43208854     0.03152902
      290     0.42100695     0.10440351
      291    -0.38208611    -0.20167462
      292     0.33228972     0.27958164
      293    -0.27916613    -0.32985549
      294     0.22683677     0.36967356
      295    -0.17302513    -0.39692141
      296     0.11623942     0.41673818
      297    -0.05090698    -0.43119643
      298    -0.02560079     0.43067139
      299     0.11747774    -0.41904393
      300    -0.22176810     0.36941346
      301     0.32854554    -0.28505938
      302    -0.41126355     0.13280898
      303     0.42846681     0.06024205
      304    -0.33447545    -0.27806622
      305     0.11265591     0.41539154
      306     0.18056248    -0.39625195
      307    -0.40277954     0.15695523
      308     0.38963793     0.18666177
      309    -0.09995338    -0.42347832
      310    -0.28104575     0.32785720
      311     0.42995363     0.04941646
      312    -0.18198265    -0.39422423
      313    -0.25036299     0.35285989
      314     0.43003587     0.04925876
      315    -0.15888932    -0.40274444
      316    -0.28207701     0.32971771
      317     0.42302682     0.09303148
      318    -0.12840665    -0.41173431
      319    -0.28845474     0.32581202
      320     0.42827737     0.06608375
      321    -0.20257932    -0.37939095
      322    -0.16534039     0.40420112
      323     0.40317242    -0.15369860
      324    -0.40661533    -0.14491639
      325     0.23822724     0.36620412
      326    -0.01780158    -0.42815640
      327    -0.16960414     0.40262924
      328     0.29588020    -0.31276098
      329    -0.36647549     0.23350733
      330     0.40126316    -0.16080227
      331    -0.41650479     0.12835048
      332     0.42201169    -0.10632917
      333    -0.42010606     0.11245715
      334     0.41486758    -0.13049204
      335    -0.40292076     0.16386107
      336     0.38263364    -0.20660840
      337    -0.35294838     0.25432744
      338     0.31532774    -0.29931922
      339    -0.27460684     0.33751777
      340     0.23802379    -0.36374943
      341    -0.21375654     0.37901643
      342     0.20881440    -0.38131647
      343    -0.22723241     0.37094549
      344     0.26903658    -0.34179483
      345    -0.32743168     0.28590556
      346     0.38872048    -0.19597487
      347    -0.42957311     0.06522728
      348     0.42565227     0.08947610
      349    -0.35168284    -0.25862464
