#    Step     Kinetic(H)     Potential(H)   Total(H)       E(0)(H)        E(1)(H)        
        0     0.00567445    -6.15775162    -6.15207717    -6.41337534    -6.15775162
        1     0.00607630    -6.15815519    -6.15207889    -6.41355348    -6.15815519
        2     0.00647795    -6.15856121    -6.15208326    -6.41362775    -6.15856121
        3     0.00685796    -6.15895019    -6.15209223    -6.41358274    -6.15895019
        4     0.00719142    -6.15929908    -6.15210766    -6.41340089    -6.15929908
        5     0.00745218    -6.15958321    -6.15213103    -6.41306423    -6.15958321
        6     0.00761784    -6.15978100    -6.15216316    -6.41255878    -6.15978100
        7     0.00767612    -6.15988030    -6.15220418    -6.41188043    -6.15988030
        8     0.00763110    -6.15988450    -6.15225340    -6.41104069    -6.15988450
        9     0.00750758    -6.15981750    -6.15230992    -6.41007124    -6.15981750
       10     0.00735084    -6.15972377    -6.15237293    -6.40902378    -6.15972377
       11     0.00722113    -6.15966375    -6.15244262    -6.40796527    -6.15966375
       12     0.00718308    -6.15970363    -6.15252055    -6.40696780    -6.15970363
       13     0.00729164    -6.15990150    -6.15260986    -6.40609492    -6.15990150
       14     0.00757773    -6.16029309    -6.15271536    -6.40538763    -6.16029309
       15     0.00803720    -6.16088042    -6.15284322    -6.40485336    -6.16088042
       16     0.00862666    -6.16162717    -6.15300051    -6.40446164    -6.16162717
       17     0.00926808    -6.16246252    -6.15319444    -6.40414823    -6.16246252
       18     0.00986160    -6.16329283    -6.15343123    -6.40382684    -6.16329283
       19     0.01030397    -6.16401799    -6.15371402    -6.40340545    -6.16401799
       20     0.01050872    -6.16455004    -6.15404132    -6.40280482    -6.16455004
       21     0.01042315    -6.16482897    -6.15440582    -6.40197406    -6.16482897
       22     0.01003789    -6.16483232    -6.15479443    -6.40089977    -6.16483232
       23     0.00938776    -6.16457803    -6.15519027    -6.39960860    -6.16457803
       24     0.00854399    -6.16411998    -6.15557599    -6.39816237    -6.16411998
       25     0.00760020    -6.16353705    -6.15593685    -6.39664692    -6.16353705
       26     0.00665621    -6.16291995    -6.15626374    -6.39515871    -6.16291995
       27     0.00580260    -6.16235670    -6.15655410    -6.39379016    -6.16235670
       28     0.00510895    -6.16192018    -6.15681123    -6.39261728    -6.16192018
       29     0.00461761    -6.16165998    -6.15704237    -6.39169142    -6.16165998
       30     0.00434215    -6.16159864    -6.15725649    -6.39103571    -6.16159864
       31     0.00427042    -6.16173260    -6.15746218    -6.39064605    -6.16173260
       32     0.00437073    -6.16203695    -6.15766622    -6.39049594    -6.16203695
       33     0.00459927    -6.16247232    -6.15787305    -6.39054347    -6.16247232
       34     0.00490752    -6.16299227    -6.15808475    -6.39073880    -6.16299227
       35     0.00524833    -6.16354984    -6.15830151    -6.39103076    -6.16354984
       36     0.00558035    -6.16410239    -6.15852204    -6.39137180    -6.16410239
       37     0.00587061    -6.16461467    -6.15874406    -6.39172109    -6.16461467
       38     0.00609532    -6.16506008    -6.15896476    -6.39204594    -6.16506008
       39     0.00623940    -6.16542029    -6.15918089    -6.39232151    -6.16542029
       40     0.00629541    -6.16568459    -6.15938918    -6.39253018    -6.16568459
       41     0.00626257    -6.16584902    -6.15958645    -6.39266092    -6.16584902
       42     0.00614582    -6.16591570    -6.15976988    -6.39270855    -6.16591570
       43     0.00595531    -6.16589247    -6.15993716    -6.39267353    -6.16589247
       44     0.00570660    -6.16579329    -6.16008669    -6.39256245    -6.16579329
       45     0.00542081    -6.16563870    -6.16021789    -6.39238846    -6.16563870
       46     0.00512450    -6.16545567    -6.16033117    -6.39217121    -6.16545567
       47     0.00484889    -6.16527678    -6.16042789    -6.39193615    -6.16527678
       48     0.00462836    -6.16513868    -6.16051032    -6.39171291    -6.16513868
       49     0.00449771    -6.16507900    -6.16058129    -6.39153239    -6.16507900
       50     0.00448835    -6.16513222    -6.16064387    -6.39142261    -6.16513222
       51     0.00462392    -6.16532501    -6.16070109    -6.39140411    -6.16532501
       52     0.00491614    -6.16567184    -6.16075570    -6.39148562    -6.16567184
       53     0.00536151    -6.16617174    -6.16081023    -6.39166078    -6.16617174
       54     0.00593994    -6.16680714    -6.16086720    -6.39190697    -6.16680714
       55     0.00661595    -6.16754518    -6.16092923    -6.39218659    -6.16754518
       56     0.00734240    -6.16834180    -6.16099940    -6.39245102    -6.16834180
       57     0.00806673    -6.16914774    -6.16108101    -6.39264661    -6.16914774
       58     0.00873844    -6.16991599    -6.16117755    -6.39272185    -6.16991599
       59     0.00931678    -6.17060888    -6.16129210    -6.39263446    -6.17060888
       60     0.00977681    -6.17120388    -6.16142707    -6.39235694    -6.17120388
       61     0.01011318    -6.17169707    -6.16158389    -6.39187983    -6.17169707
       62     0.01034051    -6.17210383    -6.16176332    -6.39121219    -6.17210383
       63     0.01049072    -6.17245636    -6.16196564    -6.39037881    -6.17245636
       64     0.01060782    -6.17279922    -6.16219140    -6.38941538    -6.17279922
       65     0.01074139    -6.17318352    -6.16244213    -6.38836214    -6.17318352
       66     0.01093986    -6.17366080    -6.16272094    -6.38725711    -6.17366080
       67     0.01124505    -6.17427797    -6.16303292    -6.38613007    -6.17427797
       68     0.01168869    -6.17507434    -6.16338565    -6.38499833    -6.17507434
       69     0.01229151    -6.17608090    -6.16378939    -6.38386426    -6.17608090
       70     0.01306468    -6.17732210    -6.16425742    -6.38271510    -6.17732210
       71     0.01401297    -6.17881960    -6.16480663    -6.38152425    -6.17881960
       72     0.01513822    -6.18059630    -6.16545808    -6.38025486    -6.18059630
       73     0.01643951    -6.18267775    -6.16623824    -6.37886675    -6.18267775
       74     0.01790358    -6.18508296    -6.16717938    -6.37733220    -6.18508296
       75     0.01948076    -6.18779659    -6.16831583    -6.37566397    -6.18779659
       76     0.02106770    -6.19073898    -6.16967128    -6.37393309    -6.19073898
       77     0.02254278    -6.19379846    -6.17125568    -6.37221785    -6.19379846
       78     0.02382931    -6.19689868    -6.17306937    -6.37053349    -6.19689868
       79     0.02490850    -6.20001124    -6.17510274    -6.36883660    -6.20001124
       80     0.02579161    -6.20312379    -6.17733218    -6.36707396    -6.20312379
       81     0.02650006    -6.20622424    -6.17972418    -6.36520663    -6.20622424
       82     0.02705906    -6.20930028    -6.18224122    -6.36321342    -6.20930028
       83     0.02749491    -6.21234253    -6.18484762    -6.36108837    -6.21234253
       84     0.02783246    -6.21534700    -6.18751454    -6.35883755    -6.21534700
       85     0.02809298    -6.21831568    -6.19022270    -6.35647647    -6.21831568
       86     0.02829288    -6.22125591    -6.19296303    -6.35402771    -6.22125591
       87     0.02844319    -6.22417869    -6.19573550    -6.35151807    -6.22417869
       88     0.02855010    -6.22709576    -6.19854566    -6.34897593    -6.22709576
       89     0.02861510    -6.23001696    -6.20140186    -6.34642794    -6.23001696
       90     0.02863514    -6.23294756    -6.20431242    -6.34389648    -6.23294756
       91     0.02860346    -6.23588660    -6.20728314    -6.34139749    -6.23588660
       92     0.02851099    -6.23882628    -6.21031529    -6.33893969    -6.23882628
       93     0.02834816    -6.24175252    -6.21340436    -6.33652455    -6.24175252
       94     0.02810653    -6.24464660    -6.21654007    -6.33414748    -6.24464660
       95     0.02778056    -6.24748757    -6.21970701    -6.33179993    -6.24748757
       96     0.02736892    -6.25025486    -6.22288594    -6.32947178    -6.25025486
       97     0.02687517    -6.25293084    -6.22605567    -6.32715386    -6.25293084
       98     0.02630773    -6.25550265    -6.22919492    -6.32483997    -6.25550265
       99     0.02567914    -6.25796325    -6.23228411    -6.32252833    -6.25796325
      100     0.02500481    -6.26031142    -6.23530661    -6.32022219    -6.26031142
      101     0.02430148    -6.26255117    -6.23824969    -6.31792994    -6.26255117
      102     0.02358564    -6.26469029    -6.24110465    -6.31566477    -6.26469029
      103     0.02287231    -6.26673853    -6.24386622    -6.31344408    -6.26673853
      104     0.02217275    -6.26870552    -6.24653277    -6.31128872    -6.26870552
      105     0.02149309    -6.27059823    -6.24910514    -6.30922291    -6.27059823
      106     0.02083356    -6.27241840    -6.25158484    -6.30727415    -6.27241840
      107     0.02018664    -6.27415987    -6.25397323    -6.30547393    -6.27415987
      108     0.01953566    -6.27580548    -6.25626982    -6.30385925    -6.27580548
      109     0.01885382    -6.27732466    -6.25847084    -6.30247421    -6.27732466
      110     0.01810509    -6.27867264    -6.26056755    -6.30137065    -6.27867264
      111     0.01724944    -6.27979466    -6.26254522    -6.30060440    -6.27979466
      112     0.01625504    -6.28063927    -6.26438423    -6.30022296    -6.28063927
      113     0.01511619    -6.28118021    -6.26606402    -6.30024509    -6.28118021
      114     0.01386359    -6.28143441    -6.26757082    -6.30064409    -6.28143441
      115     0.01255877    -6.28146012    -6.26890135    -6.30135100    -6.28146012
      116     0.03007433    -6.30227672    -6.27220239    -6.30227672    -6.28133530
      117     0.02835868    -6.30393880    -6.27558012    -6.30393880    -6.28040998
      118     0.02702887    -6.30601109    -6.27898222    -6.30601109    -6.27907802
      119     0.02596335    -6.30833821    -6.28237486    -6.30833821    -6.27748588
      120     0.02508913    -6.31081962    -6.28573049    -6.31081962    -6.27572647
      121     0.02436446    -6.31339427    -6.28902981    -6.31339427    -6.27385518
      122     0.02376356    -6.31602593    -6.29226237    -6.31602593    -6.27190462
      123     0.02326785    -6.31869334    -6.29542549    -6.31869334    -6.26989394
      124     0.02286183    -6.32138418    -6.29852235    -6.32138418    -6.26783427
      125     0.02253143    -6.32409125    -6.30155982    -6.32409125    -6.26573180
      126     0.02226355    -6.32681008    -6.30454653    -6.32681008    -6.26358948
      127     0.02204574    -6.32953736    -6.30749162    -6.32953736    -6.26140819
      128     0.02186676    -6.33227007    -6.31040331    -6.33227007    -6.25918718
      129     0.02171662    -6.33500502    -6.31328840    -6.33500502    -6.25692446
      130     0.02158610    -6.33773846    -6.31615236    -6.33773846    -6.25461719
      131     0.02146702    -6.34046607    -6.31899905    -6.34046607    -6.25226192
      132     0.02135219    -6.34318295    -6.32183076    -6.34318295    -6.24985483
      133     0.02123539    -6.34588377    -6.32464838    -6.34588377    -6.24739196
      134     0.02111146    -6.34856294    -6.32745148    -6.34856294    -6.24486956
      135     0.02097619    -6.35121479    -6.33023860    -6.35121479    -6.24228425
      136     0.02082637    -6.35383381    -6.33300744    -6.35383381    -6.23963334
      137     0.02065953    -6.35641476    -6.33575523    -6.35641476    -6.23691493
      138     0.02047418    -6.35895282    -6.33847864    -6.35895282    -6.23412811
      139     0.02026973    -6.36144357    -6.34117384    -6.36144357    -6.23127303
      140     0.02004616    -6.36388325    -6.34383709    -6.36388325    -6.22835090
      141     0.01980409    -6.36626873    -6.34646464    -6.36626873    -6.22536419
      142     0.01954472    -6.36859762    -6.34905290    -6.36859762    -6.22231659
      143     0.01927011    -6.37086839    -6.35159828    -6.37086839    -6.21921292
      144     0.01898256    -6.37308039    -6.35409783    -6.37308039    -6.21605907
      145     0.01868469    -6.37523419    -6.35654950    -6.37523419    -6.21286172
      146     0.01838036    -6.37733178    -6.35895142    -6.37733178    -6.20962833
      147     0.01807496    -6.37937756    -6.36130260    -6.37937756    -6.20636646
      148     0.01777644    -6.38137971    -6.36360327    -6.38137971    -6.20308284
      149     0.01749745    -6.38335271    -6.36585526    -6.38335271    -6.19978170
      150     0.01725910    -6.38532228    -6.36806318    -6.38532228    -6.19646111
      151     0.01709745    -6.38733397    -6.37023652    -6.38733397    -6.19310659
      152     0.01706794    -6.38946256    -6.37239462    -6.38946256    -6.18968466
      153     0.01721745    -6.39179153    -6.37457408    -6.39179153    -6.18616363
      154     0.01749022    -6.39429769    -6.37680747    -6.39429769    -6.18261446
      155     0.01770897    -6.39677835    -6.37906938    -6.39677835    -6.17925259
      156     0.01773039    -6.39905793    -6.38132754    -6.39905793    -6.17622464
      157     0.01753431    -6.40109467    -6.38356036    -6.40109467    -6.17352941
      158     0.01716316    -6.40290883    -6.38574567    -6.40290883    -6.17111095
      159     0.01666770    -6.40453133    -6.38786363    -6.40453133    -6.16891470
      160     0.01609067    -6.40598982    -6.38989915    -6.40598982    -6.16689990
      161     0.01546486    -6.40730657    -6.39184171    -6.40730657    -6.16503895
      162     0.01481464    -6.40849955    -6.39368491    -6.40849955    -6.16331388
      163     0.01415757    -6.40958343    -6.39542586    -6.40958343    -6.16171349
      164     0.01350603    -6.41057036    -6.39706433    -6.41057036    -6.16023102
      165     0.01286861    -6.41147053    -6.39860192    -6.41147053    -6.15886258
      166     0.01225091    -6.41229254    -6.40004163    -6.41229254    -6.15760590
      167     0.01165634    -6.41304365    -6.40138731    -6.41304365    -6.15645956
      168     0.01108648    -6.41373002    -6.40264354    -6.41373002    -6.15542239
      169     0.01054191    -6.41435685    -6.40381494    -6.41435685    -6.15449313
      170     0.01002249    -6.41492854    -6.40490605    -6.41492854    -6.15367015
      171     0.00952733    -6.41544883    -6.40592150    -6.41544883    -6.15295128
      172     0.00905517    -6.41592094    -6.40686577    -6.41592094    -6.15233384
      173     0.00860455    -6.41634764    -6.40774309    -6.41634764    -6.15181455
      174     0.00817401    -6.41673146    -6.40855745    -6.41673146    -6.15138964
      175     0.00776213    -6.41707465    -6.40931252    -6.41707465    -6.15105487
      176     0.00736750    -6.41737936    -6.41001186    -6.41737936    -6.15080560
      177     0.00698886    -6.41764762    -6.41065876    -6.41764762    -6.15063689
      178     0.00662508    -6.41788146    -6.41125638    -6.41788146    -6.15054351
      179     0.00627522    -6.41808280    -6.41180758    -6.41808280    -6.15052012
      180     0.00593847    -6.41825361    -6.41231514    -6.41825361    -6.15056109
      181     0.00561414    -6.41839580    -6.41278166    -6.41839580    -6.15066077
      182     0.00530164    -6.41851121    -6.41320957    -6.41851121    -6.15081345
      183     0.00500044    -6.41860163    -6.41360119    -6.41860163    -6.15101336
      184     0.00471006    -6.41866880    -6.41395874    -6.41866880    -6.15125475
      185     0.00443006    -6.41871433    -6.41428427    -6.41871433    -6.15153191
      186     0.00416001    -6.41873978    -6.41457977    -6.41873978    -6.15183925
      187     0.00389951    -6.41874666    -6.41484715    -6.41874666    -6.15217126
      188     0.00364821    -6.41873642    -6.41508821    -6.41873642    -6.15252264
      189     0.00340579    -6.41871048    -6.41530469    -6.41871048    -6.15288830
      190     0.00317202    -6.41867026    -6.41549824    -6.41867026    -6.15326346
      191     0.00294672    -6.41861719    -6.41567047    -6.41861719    -6.15364362
      192     0.00272984    -6.41855275    -6.41582291    -6.41855275    -6.15402467
      193     0.00252143    -6.41847848    -6.41595705    -6.41847848    -6.15440288
      194     0.00232165    -6.41839601    -6.41607436    -6.41839601    -6.15477492
      195     0.00213076    -6.41830702    -6.41617626    -6.41830702    -6.15513787
      196     0.00194914    -6.41821326    -6.41626412    -6.41821326    -6.15548921
      197     0.00177725    -6.41811654    -6.41633929    -6.41811654    -6.15582682
      198     0.00161558    -6.41801868    -6.41640310    -6.41801868    -6.15614892
      199     0.00146469    -6.41792150    -6.41645681    -6.41792150    -6.15645407
      200     0.00132515    -6.41782675    -6.41650160    -6.41782675    -6.15674108
      201     0.00119752    -6.41773612    -6.41653860    -6.41773612    -6.15700901
      202     0.00108231    -6.41765117    -6.41656886    -6.41765117    -6.15725710
      203     0.00097993    -6.41757328    -6.41659335    -6.41757328    -6.15748473
      204     0.00089072    -6.41750369    -6.41661297    -6.41750369    -6.15769140
      205     0.00081491    -6.41744337    -6.41662846    -6.41744337    -6.15787668
      206     0.00075262    -6.41739312    -6.41664050    -6.41739312    -6.15804020
      207     0.00070385    -6.41735348    -6.41664963    -6.41735348    -6.15818161
      208     0.00066850    -6.41732476    -6.41665626    -6.41732476    -6.15830063
      209     0.00064635    -6.41730705    -6.41666070    -6.41730705    -6.15839697
      210     0.00063711    -6.41730024    -6.41666313    -6.41730024    -6.15847043
      211     0.00064042    -6.41730405    -6.41666363    -6.41730405    -6.15852083
      212     0.00065588    -6.41731800    -6.41666212    -6.41731800    -6.15854809
      213     0.00068303    -6.41734151    -6.41665848    -6.41734151    -6.15855221
      214     0.00072143    -6.41737388    -6.41665245    -6.41737388    -6.15853331
      215     0.00077064    -6.41741433    -6.41664369    -6.41741433    -6.15849164
      216     0.00083023    -6.41746201    -6.41663178    -6.41746201    -6.15842760
      217     0.00089978    -6.41751602    -6.41661624    -6.41751602    -6.15834175
      218     0.00097894    -6.41757543    -6.41659649    -6.41757543    -6.15823480
      219     0.00106734    -6.41763930    -6.41657196    -6.41763930    -6.15810765
      220     0.00116466    -6.41770664    -6.41654198    -6.41770664    -6.15796135
      221     0.00127058    -6.41777645    -6.41650587    -6.41777645    -6.15779711
      222     0.00138477    -6.41784770    -6.41646293    -6.41784770    -6.15761628
      223     0.00150689    -6.41791934    -6.41641245    -6.41791934    -6.15742037
      224     0.00163654    -6.41799028    -6.41635374    -6.41799028    -6.15721099
      225     0.00177328    -6.41805939    -6.41628611    -6.41805939    -6.15698991
      226     0.00191662    -6.41812554    -6.41620892    -6.41812554    -6.15675898
      227     0.00206602    -6.41818754    -6.41612152    -6.41818754    -6.15652019
      228     0.00222083    -6.41824422    -6.41602339    -6.41824422    -6.15627566
      229     0.00238035    -6.41829442    -6.41591407    -6.41829442    -6.15602764
      230     0.00254383    -6.41833699    -6.41579316    -6.41833699    -6.15577853
      231     0.00271045    -6.41837087    -6.41566042    -6.41837087    -6.15553090
      232     0.00287939    -6.41839504    -6.41551565    -6.41839504    -6.15528745
      233     0.00304982    -6.41840863    -6.41535881    -6.41840863    -6.15505109
      234     0.00322096    -6.41841090    -6.41518994    -6.41841090    -6.15482489
      235     0.00339204    -6.41840122    -6.41500918    -6.41840122    -6.15461212
      236     0.00356239    -6.41837914    -6.41481675    -6.41837914    -6.15441619
      237     0.00373140    -6.41834445    -6.41461305    -6.41834445    -6.15424053
      238     0.00389856    -6.41829698    -6.41439842    -6.41829698    -6.15408877
      239     0.00406339    -6.41823676    -6.41417337    -6.41823676    -6.15396446
      240     0.00422550    -6.41816389    -6.41393839    -6.41816389    -6.15387109
      241     0.00438450    -6.41807857    -6.41369407    -6.41807857    -6.15381197
      242     0.00453997    -6.41798101    -6.41344104    -6.41798101    -6.15379011
      243     0.00469145    -6.41787133    -6.41317988    -6.41787133    -6.15380824
      244     0.00483835    -6.41774965    -6.41291130    -6.41774965    -6.15386853
      245     0.00497993    -6.41761596    -6.41263603    -6.41761596    -6.15397260
      246     0.00511527    -6.41747008    -6.41235481    -6.41747008    -6.15412144
      247     0.00524322    -6.41731169    -6.41206847    -6.41731169    -6.15431531
      248     0.00536240    -6.41714027    -6.41177787    -6.41714027    -6.15455376
      249     0.00547121    -6.41695512    -6.41148391    -6.41695512    -6.15483557
      250     0.00556777    -6.41675541    -6.41118764    -6.41675541    -6.15515878
      251     0.00565005    -6.41654017    -6.41089012    -6.41654017    -6.15552075
      252     0.00571601    -6.41630839    -6.41059238    -6.41630839    -6.15591817
      253     0.00576352    -6.41605904    -6.41029552    -6.41605904    -6.15634718
      254     0.00579054    -6.41579115    -6.41000061    -6.41579115    -6.15680347
      255     0.00579511    -6.41550388    -6.40970877    -6.41550388    -6.15728238
      256     0.00577556    -6.41519659    -6.40942103    -6.41519659    -6.15777900
      257     0.00573048    -6.41486891    -6.40913843    -6.41486891    -6.15828829
      258     0.00565890    -6.41452081    -6.40886191    -6.41452081    -6.15880516
      259     0.00556031    -6.41415266    -6.40859235    -6.41415266    -6.15932461
      260     0.00543477    -6.41376532    -6.40833055    -6.41376532    -6.15984172
      261     0.00528296    -6.41336013    -6.40807717    -6.41336013    -6.16035179
      262     0.00510596    -6.41293904    -6.40783308    -6.41293904    -6.16085031
      263     0.00490583    -6.41250462    -6.40759879    -6.41250462    -6.16133295
      264     0.00468559    -6.41206007    -6.40737448    -6.41206007    -6.16179567
      265     0.00444883    -6.41160924    -6.40716041    -6.41160924    -6.16223461
      266     0.00419991    -6.41115664    -6.40695673    -6.41115664    -6.16264611
      267     0.00394398    -6.41070744    -6.40676346    -6.41070744    -6.16302659
      268     0.00368694    -6.41026736    -6.40658042    -6.41026736    -6.16337263
      269     0.00343541    -6.40984267    -6.40640726    -6.40984267    -6.16368082
      270     0.00319669    -6.40944003    -6.40624334    -6.40944003    -6.16394786
      271     0.00297864    -6.40906638    -6.40608774    -6.40906638    -6.16417049
      272     0.00278965    -6.40872871    -6.40593906    -6.40872871    -6.16434563
      273     0.00263832    -6.40843387    -6.40579555    -6.40843387    -6.16447046
      274     0.00253337    -6.40818837    -6.40565500    -6.40818837    -6.16454246
      275     0.00248354    -6.40799812    -6.40551458    -6.40799812    -6.16455967
      276     0.00249728    -6.40786813    -6.40537085    -6.40786813    -6.16452078
      277     0.00258259    -6.40780243    -6.40521984    -6.40780243    -6.16442521
      278     0.00274675    -6.40780379    -6.40505704    -6.40780379    -6.16427321
      279     0.00299614    -6.40787366    -6.40487752    -6.40787366    -6.16406589
      280     0.00333584    -6.40801214    -6.40467630    -6.40801214    -6.16380508
      281     0.00376966    -6.40821787    -6.40444821    -6.40821787    -6.16349332
      282     0.00429982    -6.40848822    -6.40418840    -6.40848822    -6.16313357
      283     0.00492642    -6.40881929    -6.40389287    -6.40881929    -6.16272907
      284     0.00564735    -6.40920594    -6.40355859    -6.40920594    -6.16228318
      285     0.00645785    -6.40964186    -6.40318401    -6.40964186    -6.16179927
      286     0.00735014    -6.41011969    -6.40276955    -6.41011969    -6.16128054
      287     0.00831300    -6.41063099    -6.40231799    -6.41063099    -6.16073001
      288     0.00933150    -6.41116630    -6.40183480    -6.41116630    -6.16015055
      289     0.01038679    -6.41171523    -6.40132844    -6.41171523    -6.15954491
      290     0.01145615    -6.41226652    -6.40081037    -6.41226652    -6.15891585
      291     0.01251325    -6.41280824    -6.40029499    -6.41280824    -6.15826623
      292     0.01352885    -6.41332797    -6.39979912    -6.41332797    -6.15759924
      293     0.01447176    -6.41381317    -6.39934141    -6.41381317    -6.15691856
      294     0.01531014    -6.41425154    -6.39894140    -6.41425154    -6.15622857
      295     0.01601357    -6.41463153    -6.39861796    -6.41463153    -6.15553453
      296     0.01655510    -6.41494290    -6.39838780    -6.41494290    -6.15484276
      297     0.01691286    -6.41517726    -6.39826440    -6.41517726    -6.15416072
      298     0.01707205    -6.41532860    -6.39825655    -6.41532860    -6.15349704
      299     0.01702650    -6.41539374    -6.39836724    -6.41539374    -6.15286144
      300     0.01677935    -6.41537256    -6.39859321    -6.41537256    -6.15226456
