#     Density Matrix: population Re; see the manual for detail orders
        0     0.00000000     1.00000000
        1     0.00000000     1.00000000
        2     0.00000000     1.00000000
        3     0.00000000     1.00000000
        4     0.00000000     1.00000000
        5     0.00000000     1.00000000
        6     0.00000000     1.00000000
        7     0.00000000     1.00000000
        8     0.00000000     1.00000000
        9     0.00000000     1.00000000
       10     0.00000000     1.00000000
       11     0.00000000     1.00000000
       12     0.00000000     1.00000000
       13     0.00000000     1.00000000
       14     0.00003797     0.99996203
       15     0.00007462     0.99992538
       16     0.00000442     0.99999558
       17     0.00007041     0.99992959
       18     0.00002414     0.99997586
       19     0.00002985     0.99997015
       20     0.00007244     0.99992756
       21     0.00000523     0.99999477
       22     0.00005566     0.99994434
       23     0.00006352     0.99993648
       24     0.00000253     0.99999747
       25     0.00006507     0.99993493
       26     0.00006356     0.99993644
       27     0.00000215     0.99999785
       28     0.00005887     0.99994113
       29     0.00007674     0.99992326
       30     0.00000751     0.99999249
       31     0.00003506     0.99996494
       32     0.00009005     0.99990995
       33     0.00003630     0.99996370
       34     0.00000478     0.99999522
       35     0.00006945     0.99993055
       36     0.00008257     0.99991743
       37     0.00001669     0.99998331
       38     0.00001380     0.99998620
       39     0.00007716     0.99992284
       40     0.00007717     0.99992283
       41     0.00001613     0.99998387
       42     0.00001096     0.99998904
       43     0.00006730     0.99993270
       44     0.00008100     0.99991900
       45     0.00003008     0.99996992
       46     0.00000308     0.99999692
       47     0.00004199     0.99995801
       48     0.00008007     0.99991993
       49     0.00005749     0.99994251
       50     0.00001151     0.99998849
       51     0.00001089     0.99998911
       52     0.00005303     0.99994697
       53     0.00007537     0.99992463
       54     0.00004797     0.99995203
       55     0.00001023     0.99998977
       56     0.00001155     0.99998845
       57     0.00004698     0.99995302
       58     0.00006952     0.99993048
       59     0.00005229     0.99994771
       60     0.00001821     0.99998179
       61     0.00000740     0.99999260
       62     0.00002955     0.99997045
       63     0.00005702     0.99994298
       64     0.00005951     0.99994049
       65     0.00003634     0.99996366
       66     0.00001311     0.99998689
       67     0.00001231     0.99998769
       68     0.00003179     0.99996821
       69     0.00005058     0.99994942
       70     0.00005136     0.99994864
       71     0.00003545     0.99996455
       72     0.00001844     0.99998156
       73     0.00001426     0.99998574
       74     0.00002396     0.99997604
       75     0.00003747     0.99996253
       76     0.00004375     0.99995625
       77     0.00003939     0.99996061
       78     0.00002930     0.99997070
       79     0.00002130     0.99997870
       80     0.00002003     0.99997997
       81     0.00002469     0.99997531
       82     0.00003108     0.99996892
       83     0.00003504     0.99996496
       84     0.00003491     0.99996509
       85     0.00003170     0.99996830
       86     0.00002776     0.99997224
       87     0.00002513     0.99997487
       88     0.00002467     0.99997533
       89     0.00002598     0.99997402
       90     0.00002797     0.99997203
       91     0.00002956     0.99997044
       92     0.00003025     0.99996975
       93     0.00003028     0.99996972
       94     0.00003049     0.99996951
       95     0.00003184     0.99996816
       96     0.00003489     0.99996511
       97     0.00003934     0.99996066
       98     0.00004393     0.99995607
       99     0.00004675     0.99995325
      100     0.00004600     0.99995400
      101     0.00004137     0.99995863
      102     0.00003620     0.99996380
      103     0.00004165     0.99995835
      104     0.00008560     0.99991440
      105     0.00023411     0.99976589
      106     0.00064873     0.99935127
      107     0.00175543     0.99824457
      108     0.00481568     0.99518432
      109     0.01424634     0.98575366
      110     0.04938917     0.95061083
      111     0.20076018     0.79923982
      112     0.53693367     0.46306633
      113     0.79184259     0.20815741
      114     0.87955129     0.12044871
      115     0.90882425     0.09117575
      116     0.92024723     0.07975277
      117     0.92467636     0.07532364
      118     0.92600663     0.07399337
      119     0.92607002     0.07392998
      120     0.92592943     0.07407057
      121     0.92624545     0.07375455
      122     0.92733437     0.07266563
      123     0.92911953     0.07088047
      124     0.93109672     0.06890328
      125     0.93242630     0.06757370
      126     0.93223978     0.06776022
      127     0.93014697     0.06985303
      128     0.92673652     0.07326348
      129     0.92366824     0.07633176
      130     0.92295332     0.07704668
      131     0.92548310     0.07451690
      132     0.92974875     0.07025125
      133     0.93227054     0.06772946
      134     0.93040750     0.06959250
      135     0.92561530     0.07438470
      136     0.92311252     0.07688748
      137     0.92629936     0.07370064
      138     0.93139865     0.06860135
      139     0.93105027     0.06894973
      140     0.92525997     0.07474003
      141     0.92340701     0.07659299
      142     0.92930692     0.07069308
      143     0.93221989     0.06778011
      144     0.92569476     0.07430524
      145     0.92304016     0.07695984
      146     0.93103894     0.06896106
      147     0.93132167     0.06867833
      148     0.92179058     0.07820942
      149     0.92703626     0.07296374
      150     0.93463689     0.06536311
      151     0.92228874     0.07771126
      152     0.92457631     0.07542369
      153     0.93474412     0.06525588
      154     0.92359138     0.07640862
      155     0.92677416     0.07322584
      156     0.93102239     0.06897761
      157     0.92472305     0.07527695
      158     0.92906882     0.07093118
      159     0.92799609     0.07200391
      160     0.92654466     0.07345534
      161     0.92910503     0.07089497
      162     0.92670659     0.07329341
      163     0.92822584     0.07177416
      164     0.92778067     0.07221933
      165     0.92733314     0.07266686
      166     0.92832428     0.07167572
      167     0.92716248     0.07283752
      168     0.92819780     0.07180220
      169     0.92747667     0.07252333
      170     0.92780928     0.07219072
      171     0.92784845     0.07215155
      172     0.92751597     0.07248403
      173     0.92803224     0.07196776
      174     0.92744871     0.07255129
      175     0.92799577     0.07200423
      176     0.92756488     0.07243512
      177     0.92783048     0.07216952
      178     0.92774830     0.07225170
      179     0.92765746     0.07234254
      180     0.92788827     0.07211173
      181     0.92756611     0.07243389
      182     0.92792345     0.07207655
      183     0.92758757     0.07241243
      184     0.92785350     0.07214650
      185     0.92769285     0.07230715
      186     0.92773166     0.07226834
      187     0.92781237     0.07218763
      188     0.92763289     0.07236711
      189     0.92787572     0.07212428
      190     0.92761369     0.07238631
      191     0.92784957     0.07215043
      192     0.92767863     0.07232137
      193     0.92775921     0.07224079
      194     0.92777676     0.07222324
      195     0.92767197     0.07232803
      196     0.92783725     0.07216275
      197     0.92764813     0.07235187
      198     0.92782265     0.07217735
      199     0.92769476     0.07230524
      200     0.92775698     0.07224302
      201     0.92776330     0.07223670
      202     0.92770097     0.07229903
      203     0.92779599     0.07220401
      204     0.92769541     0.07230459
      205     0.92777814     0.07222186
      206     0.92772719     0.07227281
      207     0.92774454     0.07225546
      208     0.92775178     0.07224822
      209     0.92773527     0.07226473
      210     0.92774565     0.07225435
      211     0.92775104     0.07224896
      212     0.92772965     0.07227035
      213     0.92775764     0.07224236
      214     0.92773885     0.07226115
      215     0.92773184     0.07226816
      216     0.92777579     0.07222421
      217     0.92769407     0.07230593
      218     0.92780215     0.07219785
      219     0.92768961     0.07231039
      220     0.92777914     0.07222086
      221     0.92773869     0.07226131
      222     0.92771236     0.07228764
      223     0.92780943     0.07219057
      224     0.92765353     0.07234647
      225     0.92784199     0.07215801
      226     0.92765662     0.07234338
      227     0.92780101     0.07219899
      228     0.92772976     0.07227024
      229     0.92770829     0.07229171
      230     0.92782500     0.07217500
      231     0.92762872     0.07237128
      232     0.92787299     0.07212701
      233     0.92762279     0.07237721
      234     0.92783371     0.07216629
      235     0.92770229     0.07229771
      236     0.92772627     0.07227373
      237     0.92781987     0.07218013
      238     0.92761822     0.07238178
      239     0.92789809     0.07210191
      240     0.92758488     0.07241512
      241     0.92787765     0.07212235
      242     0.92765841     0.07234159
      243     0.92776037     0.07223963
      244     0.92780198     0.07219802
      245     0.92761421     0.07238579
      246     0.92792420     0.07207580
      247     0.92754073     0.07245927
      248     0.92793018     0.07206982
      249     0.92761040     0.07238960
      250     0.92779023     0.07220977
      251     0.92780020     0.07219980
      252     0.92758427     0.07241573
      253     0.92797961     0.07202039
      254     0.92747493     0.07252507
      255     0.92798406     0.07201594
      256     0.92758993     0.07241007
      257     0.92776110     0.07223890
      258     0.92787711     0.07212289
      259     0.92747796     0.07252204
      260     0.92807757     0.07192243
      261     0.92742642     0.07257358
      262     0.92794959     0.07205041
      263     0.92771115     0.07228885
      264     0.92758520     0.07241480
      265     0.92804267     0.07195733
      266     0.92739719     0.07260281
      267     0.92802212     0.07197788
      268     0.92761548     0.07238452
      269     0.92769475     0.07230525
      270     0.92792099     0.07207901
      271     0.92752720     0.07247280
      272     0.92790572     0.07209428
      273     0.92767930     0.07232070
      274     0.92772793     0.07227207
      275     0.92777195     0.07222805
      276     0.92776723     0.07223277
      277     0.92764587     0.07235413
      278     0.92787124     0.07212876
      279     0.92766879     0.07233121
      280     0.92768545     0.07231455
      281     0.92795724     0.07204276
      282     0.92742034     0.07257966
      283     0.92806931     0.07193069
      284     0.92752914     0.07247086
      285     0.92776221     0.07223779
      286     0.92793326     0.07206674
      287     0.92739439     0.07260561
      288     0.92815078     0.07184922
      289     0.92738417     0.07261583
      290     0.92796330     0.07203670
      291     0.92770419     0.07229581
      292     0.92760039     0.07239961
      293     0.92802266     0.07197734
      294     0.92739125     0.07260875
      295     0.92809067     0.07190933
      296     0.92746410     0.07253590
      297     0.92790315     0.07209685
      298     0.92772418     0.07227582
      299     0.92761983     0.07238017
      300     0.92798224     0.07201776
