#     Density Matrix: coherence Re-Im; see the manual for detail orders
        0     0.00000000     0.00000000
        1     0.00002117    -0.00008359
        2    -0.00003223    -0.00002638
        3     0.00003379    -0.00004540
        4    -0.00002868    -0.00005591
        5     0.00001530    -0.00001438
        6    -0.00000266    -0.00006263
        7    -0.00001212    -0.00000963
        8     0.00001852    -0.00004133
        9    -0.00002148    -0.00002486
       10     0.00001521    -0.00001339
       11    -0.00000782    -0.00003342
       12    -0.00000147    -0.00000413
       13     0.00000630    -0.00002322
       14    -0.00000822    -0.00001050
       15     0.00000630    -0.00000961
       16    -0.00000304    -0.00001465
       17     0.00000037    -0.00000593
       18     0.00000238    -0.00001260
       19    -0.00000157    -0.00001006
       20     0.00000313    -0.00001164
       21     0.00000086    -0.00001640
       22     0.00000197    -0.00001720
       23     0.00000369    -0.00002416
       24     0.00000231    -0.00002936
       25     0.00000467    -0.00003590
       26     0.00000451    -0.00004560
       27     0.00000487    -0.00005347
       28     0.00000663    -0.00006445
       29     0.00000626    -0.00007563
       30     0.00000772    -0.00008661
       31     0.00000862    -0.00009987
       32     0.00000894    -0.00011233
       33     0.00001089    -0.00012628
       34     0.00001085    -0.00014144
       35     0.00198707    -0.00210625
       36    -0.00099285    -0.00419497
       37    -0.00030813    -0.00055510
       38     0.00139176    -0.00311905
       39    -0.00090272    -0.00278116
       40     0.00058116    -0.00180005
       41     0.00044173    -0.00325095
       42    -0.00026629    -0.00255200
       43     0.00053552    -0.00254476
       44     0.00024579    -0.00310539
       45     0.00008269    -0.00276337
       46     0.00041969    -0.00285632
       47     0.00029945    -0.00309253
       48     0.00025011    -0.00298765
       49     0.00040131    -0.00303784
       50     0.00039968    -0.00317738
       51     0.00038738    -0.00320047
       52     0.00046456    -0.00325361
       53     0.00051443    -0.00337295
       54     0.00053567    -0.00347624
       55     0.00058306    -0.00357660
       56     0.00064077    -0.00370960
       57     0.00068361    -0.00386015
       58     0.00072339    -0.00401073
       59     0.00077058    -0.00417098
       60     0.00081653    -0.00434601
       61     0.00085625    -0.00452893
       62     0.00089316    -0.00471498
       63     0.00093020    -0.00490539
       64     0.00096662    -0.00510189
       65     0.00100142    -0.00530401
       66     0.00103547    -0.00551104
       67     0.00107064    -0.00572376
       68     0.00110843    -0.00594415
       69     0.00115440    -0.00617627
       70     0.00120402    -0.00642587
       71     0.00125152    -0.00668735
       72     0.00130513    -0.00695904
       73     0.00137199    -0.00724697
       74     0.00145429    -0.00755940
       75     0.00155135    -0.00790245
       76     0.00166330    -0.00827977
       77     0.00179296    -0.00869471
       78     0.00194556    -0.00915244
       79     0.00212759    -0.00966080
       80     0.00234606    -0.01023008
       81     0.00260884    -0.01087255
       82     0.00292591    -0.01160265
       83     0.00331076    -0.01243781
       84     0.00378198    -0.01339975
       85     0.00436523    -0.01451594
       86     0.00509606    -0.01582143
       87     0.00602410    -0.01736092
       88     0.00721970    -0.01919152
       89     0.00878407    -0.02138645
       90     0.01086527    -0.02403980
       91     0.01368431    -0.02727310
       92     0.01757760    -0.03124390
       93     0.02306841    -0.03615656
       94     0.03099386    -0.04227580
       95     0.04273638    -0.04994292
       96     0.06066842    -0.05959324
       97     0.08904447    -0.07177242
       98     0.13574542    -0.08714233
       99     0.21481425    -0.10645385
      100     0.33877992    -0.13039651
      101     0.46017755    -0.16163220
      102     0.43260432    -0.19408995
      103     0.31471717    -0.22596082
      104     0.20357374    -0.25298601
      105     0.10324943    -0.26950764
      106     0.00690901    -0.26872269
      107    -0.08531941    -0.24378662
      108    -0.16623807    -0.19001878
      109    -0.22339283    -0.10798165
      110    -0.24259485    -0.00659694
      111    -0.21373635     0.09541892
      112    -0.13802421     0.17211332
      113    -0.03348980     0.19849640
      114     0.06612795     0.16314065
      115     0.12287704     0.07924519
      116     0.11429281    -0.01506053
      117     0.05046538    -0.07325735
      118    -0.02645625    -0.06844699
      119    -0.06697622    -0.01416870
      120    -0.05011214     0.04251482
      121    -0.00092385     0.05754332
      122     0.03185252     0.02784684
      123     0.02270816    -0.00820772
      124    -0.00729155    -0.01355453
      125    -0.01963867     0.00772062
      126    -0.00585546     0.02212519
      127     0.00809869     0.01399401
      128     0.00383454     0.00195361
      129    -0.00580442     0.00417096
      130    -0.00445137     0.01174597
      131     0.00131729     0.01076552
      132     0.00014925     0.00663331
      133    -0.00306210     0.00823236
      134    -0.00179266     0.01087144
      135    -0.00065284     0.01020928
      136    -0.00214387     0.01062685
      137    -0.00251673     0.01307042
      138    -0.00205796     0.01460606
      139    -0.00223936     0.01588574
      140    -0.00099988     0.01620779
      141     0.00067536     0.01315186
      142     0.00050028     0.00930904
      143     0.00022737     0.00704322
      144     0.00030709     0.00518424
      145     0.00008620     0.00392098
      146     0.00009370     0.00315762
      147     0.00007391     0.00247379
      148     0.00002317     0.00205747
      149     0.00004509     0.00170829
      150     0.00001460     0.00143807
      151     0.00002028     0.00124618
      152     0.00001484     0.00107062
      153     0.00000829     0.00094779
      154     0.00001123     0.00083760
      155     0.00000491     0.00075115
      156     0.00000713     0.00067946
      157     0.00000396     0.00061693
      158     0.00000414     0.00056746
      159     0.00000334     0.00052208
      160     0.00000236     0.00048592
      161     0.00000259     0.00045290
      162     0.00000142     0.00042543
      163     0.00000178     0.00040120
      164     0.00000092     0.00037998
      165     0.00000104     0.00036192
      166     0.00000062     0.00034550
      167     0.00000009     0.00033226
      168     0.00000070     0.00031988
      169     0.00000000     0.00030859
      170     0.00000029     0.00029925
      171     0.00000046     0.00028960
      172    -0.00000016     0.00028178
      173     0.00000046     0.00027454
      174     0.00000012     0.00026736
      175     0.00000054     0.00026110
      176     0.00000064     0.00025413
      177     0.00000079     0.00024792
      178     0.00000127     0.00024080
      179     0.00000128     0.00023386
      180     0.00000193     0.00022623
      181     0.00000199     0.00021803
      182     0.00000260     0.00020947
      183     0.00000286     0.00019978
      184     0.00000327     0.00018985
      185     0.00000376     0.00017863
      186     0.00000397     0.00016702
      187     0.00000458     0.00015436
      188     0.00000469     0.00014096
      189     0.00000522     0.00012699
      190     0.00000541     0.00011198
      191     0.00000569     0.00009676
      192     0.00000602     0.00008054
      193     0.00000604     0.00006419
      194     0.00000641     0.00004726
      195     0.00000632     0.00003004
      196     0.00000656     0.00001283
      197     0.00000652    -0.00000480
      198     0.00000650    -0.00002200
      199     0.00000658    -0.00003945
      200     0.00000634    -0.00005638
      201     0.00000645    -0.00007311
      202     0.00000615    -0.00008947
      203     0.00000614    -0.00010512
      204     0.00000595    -0.00012054
      205     0.00000575    -0.00013496
      206     0.00000569    -0.00014903
      207     0.00000537    -0.00016218
      208     0.00000537    -0.00017467
      209     0.00000507    -0.00018651
      210     0.00000502    -0.00019742
      211     0.00000486    -0.00020787
      212     0.00000473    -0.00021737
      213     0.00000474    -0.00022647
      214     0.00000457    -0.00023484
      215     0.00000468    -0.00024273
      216     0.00000460    -0.00025025
      217     0.00000472    -0.00025726
      218     0.00000480    -0.00026419
      219     0.00000493    -0.00027076
      220     0.00000517    -0.00027742
      221     0.00000535    -0.00028401
      222     0.00000569    -0.00029077
      223     0.00000643    -0.00029832
      224     0.00000614    -0.00030607
      225     0.00000703    -0.00031340
      226     0.00000737    -0.00032243
      227     0.00000733    -0.00033036
      228     0.00000908    -0.00034021
      229     0.00000884    -0.00035141
      230     0.00001018    -0.00036249
      231     0.00001077    -0.00037614
      232     0.00001157    -0.00038958
      233     0.00001282    -0.00040556
      234     0.00001343    -0.00042222
      235     0.00001496    -0.00044083
      236     0.00001575    -0.00046117
      237     0.00001722    -0.00048302
      238     0.00001837    -0.00050723
      239     0.00001965    -0.00053291
      240     0.00002103    -0.00056097
      241     0.00002213    -0.00059067
      242     0.00002340    -0.00062225
      243     0.00002427    -0.00065534
      244     0.00002556    -0.00069003
      245     0.00002510    -0.00072531
      246     0.00002532    -0.00075884
      247     0.00002462    -0.00079250
      248     0.00002264    -0.00082194
      249     0.00002075    -0.00084762
      250     0.00001658    -0.00086650
      251     0.00001213    -0.00087579
      252     0.00000589    -0.00087414
      253    -0.00000179    -0.00085688
      254    -0.00001019    -0.00082263
      255    -0.00002037    -0.00076790
      256    -0.00003053    -0.00069058
      257    -0.00004126    -0.00059035
      258    -0.00005139    -0.00046622
      259    -0.00005998    -0.00032135
      260    -0.00006717    -0.00015853
      261    -0.00007120     0.00001649
      262    -0.00007279     0.00019627
      263    -0.00007137     0.00037408
      264    -0.00006710     0.00054101
      265    -0.00006136     0.00069088
      266    -0.00005374     0.00081796
      267    -0.00004603     0.00091808
      268    -0.00003844     0.00099065
      269    -0.00003138     0.00103508
      270    -0.00002576     0.00105413
      271    -0.00002090     0.00105071
      272    -0.00001754     0.00102857
      273    -0.00001509     0.00099245
      274    -0.00001351     0.00094597
      275    -0.00001206     0.00089272
      276    -0.00001263     0.00083672
      277    -0.00001238     0.00078239
      278    -0.00001270     0.00072914
      279    -0.00001344     0.00068107
      280    -0.00001388     0.00063781
      281    -0.00001482     0.00060088
      282    -0.00001550     0.00057038
      283    -0.00001639     0.00054633
      284    -0.00001717     0.00052868
      285    -0.00001795     0.00051690
      286    -0.00001864     0.00051064
      287    -0.00001983     0.00050996
      288    -0.00001953     0.00051350
      289    -0.00001960     0.00051874
      290    -0.00002054     0.00052804
      291    -0.00002006     0.00054006
      292    -0.00002003     0.00055300
      293    -0.00001953     0.00056742
      294    -0.00001882     0.00058164
      295    -0.00001800     0.00059585
      296    -0.00001678     0.00060895
      297    -0.00001554     0.00062071
      298    -0.00001435     0.00063105
      299    -0.00001189     0.00063874
      300    -0.00001021     0.00064240
