#     Density Matrix: coherence Re-Im; see the manual for detail orders
        0     0.00000000     0.00000000
        1     0.00005471    -0.00022388
        2    -0.00007201    -0.00007473
        3     0.00007244    -0.00012646
        4    -0.00004884    -0.00013446
        5     0.00002709    -0.00007376
        6    -0.00000374    -0.00012999
        7     0.00090633    -0.00124428
        8    -0.00060815    -0.00174059
        9     0.00054875    -0.00111803
       10     0.00005767    -0.00218532
       11     0.00018519    -0.00183573
       12     0.00030486    -0.00238578
       13     0.00019397    -0.00242072
       14     0.00034589    -0.00261742
       15     0.00031944    -0.00279383
       16     0.00037345    -0.00289447
       17     0.00041454    -0.00303596
       18     0.00043664    -0.00313986
       19     0.00047438    -0.00323798
       20     0.00050351    -0.00333911
       21     0.00052951    -0.00343435
       22     0.00055593    -0.00353304
       23     0.00057672    -0.00363672
       24     0.00059093    -0.00374190
       25     0.00059801    -0.00384689
       26     0.00059575    -0.00394800
       27     0.00058356    -0.00403967
       28     0.00056204    -0.00411678
       29     0.00053254    -0.00417459
       30     0.00049736    -0.00420962
       31     0.00045911    -0.00422001
       32     0.00042028    -0.00420562
       33     0.00038286    -0.00416791
       34     0.00034801    -0.00410950
       35     0.00031616    -0.00403369
       36     0.00028679    -0.00394387
       37     0.00025916    -0.00384277
       38     0.00023291    -0.00373314
       39     0.00020738    -0.00361750
       40     0.00018188    -0.00349768
       41     0.00015615    -0.00337481
       42     0.00013042    -0.00324983
       43     0.00010511    -0.00312366
       44     0.00008062    -0.00299700
       45     0.00005741    -0.00287030
       46     0.00003608    -0.00274391
       47     0.00001729    -0.00261825
       48     0.00000145    -0.00249390
       49    -0.00001131    -0.00237136
       50    -0.00002110    -0.00225106
       51    -0.00002815    -0.00213331
       52    -0.00003283    -0.00201844
       53    -0.00003571    -0.00190668
       54    -0.00003746    -0.00179806
       55    -0.00003874    -0.00169237
       56    -0.00004005    -0.00158923
       57    -0.00004172    -0.00148816
       58    -0.00004404    -0.00138861
       59    -0.00004716    -0.00128991
       60    -0.00005112    -0.00119130
       61    -0.00005580    -0.00109200
       62    -0.00006097    -0.00099134
       63    -0.00006637    -0.00088876
       64    -0.00007181    -0.00078386
       65    -0.00007712    -0.00067633
       66    -0.00008221    -0.00056597
       67    -0.00008697    -0.00045279
       68    -0.00009141    -0.00033695
       69    -0.00009560    -0.00021876
       70    -0.00009969    -0.00009857
       71    -0.00010379     0.00002322
       72    -0.00010793     0.00014611
       73    -0.00011213     0.00026950
       74    -0.00011629     0.00039267
       75    -0.00012035     0.00051477
       76    -0.00012429     0.00063496
       77    -0.00012802     0.00075236
       78    -0.00013137     0.00086600
       79    -0.00013418     0.00097474
       80    -0.00013639     0.00107732
       81    -0.00013809     0.00117253
       82    -0.00013941     0.00125924
       83    -0.00014039     0.00133640
       84    -0.00014097     0.00140288
       85    -0.00014118     0.00145762
       86    -0.00014104     0.00149970
       87    -0.00014374     0.00152980
       88    -0.00014532     0.00155049
       89    -0.00013963     0.00155589
       90    -0.00013096     0.00154136
       91    -0.00012396     0.00150906
       92    -0.00011804     0.00146385
       93    -0.00010884     0.00140736
       94    -0.00009346     0.00133715
       95    -0.00007284     0.00125047
       96    -0.00004972     0.00114742
       97    -0.00002559     0.00103049
       98     0.00000560     0.00090001
       99     0.00003897     0.00075225
      100     0.00006537     0.00059550
      101     0.00009029     0.00043652
      102     0.00011949     0.00027468
      103     0.00015373     0.00010632
      104     0.00018979    -0.00007008
      105     0.00022449    -0.00025239
      106     0.00025736    -0.00043713
      107     0.00029024    -0.00062213
      108     0.00032539    -0.00080751
      109     0.00036383    -0.00099479
      110     0.00040515    -0.00118533
      111     0.00044853    -0.00137963
      112     0.00049344    -0.00157744
      113     0.00053981    -0.00177828
      114     0.00058797    -0.00198180
      115     0.00063835    -0.00218795
      116     0.00069079    -0.00239670
      117     0.00074429    -0.00260747
      118     0.00079730    -0.00281877
      119     0.00084748    -0.00302809
      120     0.00089131    -0.00323158
      121     0.00092347    -0.00342364
      122     0.00093566    -0.00359631
      123     0.00091467    -0.00373824
      124     0.00083936    -0.00383306
      125     0.00067557    -0.00385721
      126     0.00036733    -0.00377653
      127    -0.00017834    -0.00354153
      128    -0.00111944    -0.00308048
      129    -0.00273165    -0.00228945
      130    -0.00551354    -0.00101820
      131    -0.01041265     0.00094991
      132    -0.01936336     0.00392628
      133    -0.03676578     0.00835875
      134    -0.07450673     0.01490225
      135    -0.24267413     0.03422469
      136    -0.48191420     0.05221345
      137    -0.37381426     0.07116949
      138    -0.20380843     0.08846533
      139    -0.12655887     0.10336966
      140    -0.07786176     0.11486414
      141    -0.03754116     0.12089703
      142     0.00019212     0.11884555
      143     0.03533231     0.10623615
      144     0.06448308     0.08185416
      145     0.08232525     0.04710185
      146     0.08360493     0.00709129
      147     0.06588371    -0.02938507
      148     0.03231845    -0.05187592
      149    -0.00715825    -0.05245390
      150    -0.03809650    -0.03070646
      151    -0.04777158     0.00351459
      152    -0.03303270     0.03295621
      153    -0.00439064     0.04214259
      154     0.01885000     0.02817985
      155     0.02181345     0.00430697
      156     0.00619499    -0.00967115
      157    -0.01097082    -0.00439746
      158    -0.01366913     0.01060540
      159    -0.00297536     0.01783314
      160     0.00590624     0.01162507
      161     0.00328998     0.00310626
      162    -0.00389898     0.00350305
      163    -0.00460713     0.00927974
      164    -0.00010114     0.01045648
      165     0.00101227     0.00704874
      166    -0.00174507     0.00630638
      167    -0.00235250     0.00868725
      168    -0.00069704     0.00924519
      169    -0.00080158     0.00834384
      170    -0.00186758     0.00914729
      171    -0.00160115     0.01051031
      172    -0.00135875     0.01095560
      173    -0.00179791     0.01178574
      174    -0.00155785     0.01281252
      175    -0.00082679     0.01260973
      176    -0.00028129     0.01128146
      177     0.00010214     0.00932793
      178     0.00017149     0.00730532
      179     0.00011019     0.00574341
      180     0.00010584     0.00453953
      181     0.00006368     0.00361746
      182     0.00004247     0.00295362
      183     0.00003589     0.00243086
      184     0.00001968     0.00203591
      185     0.00001812     0.00172894
      186     0.00001207     0.00148140
      187     0.00000906     0.00128815
      188     0.00000796     0.00112792
      189     0.00000527     0.00099849
      190     0.00000515     0.00089086
      191     0.00000368     0.00080050
      192     0.00000334     0.00072513
      193     0.00000323     0.00065976
      194     0.00000207     0.00060450
      195     0.00000222     0.00055743
      196     0.00000172     0.00051596
      197     0.00000148     0.00048064
      198     0.00000138     0.00044923
      199     0.00000100     0.00042213
      200     0.00000101     0.00039814
      201     0.00000068     0.00037707
      202     0.00000066     0.00035857
      203     0.00000006     0.00034256
      204     0.00000076     0.00032834
      205     0.00000019     0.00031458
      206     0.00000039     0.00030349
      207     0.00000093     0.00029150
      208    -0.00000005     0.00028168
      209     0.00000094     0.00027265
      210     0.00000044     0.00026326
      211     0.00000094     0.00025536
      212     0.00000112     0.00024623
      213     0.00000113     0.00023832
      214     0.00000181     0.00022928
      215     0.00000160     0.00022057
      216     0.00000241     0.00021135
      217     0.00000232     0.00020143
      218     0.00000292     0.00019158
      219     0.00000317     0.00018044
      220     0.00000342     0.00016951
      221     0.00000398     0.00015731
      222     0.00000397     0.00014500
      223     0.00000462     0.00013194
      224     0.00000458     0.00011822
      225     0.00000505     0.00010438
      226     0.00000519     0.00008955
      227     0.00000533     0.00007493
      228     0.00000567     0.00005943
      229     0.00000554     0.00004406
      230     0.00000593     0.00002837
      231     0.00000574     0.00001246
      232     0.00000595    -0.00000314
      233     0.00000590    -0.00001916
      234     0.00000582    -0.00003453
      235     0.00000593    -0.00005015
      236     0.00000564    -0.00006519
      237     0.00000579    -0.00007999
      238     0.00000547    -0.00009449
      239     0.00000549    -0.00010826
      240     0.00000532    -0.00012192
      241     0.00000513    -0.00013462
      242     0.00000512    -0.00014712
      243     0.00000480    -0.00015880
      244     0.00000487    -0.00016997
      245     0.00000457    -0.00018063
      246     0.00000458    -0.00019048
      247     0.00000445    -0.00020010
      248     0.00000435    -0.00020885
      249     0.00000440    -0.00021741
      250     0.00000425    -0.00022534
      251     0.00000441    -0.00023297
      252     0.00000433    -0.00024032
      253     0.00000452    -0.00024729
      254     0.00000460    -0.00025430
      255     0.00000476    -0.00026100
      256     0.00000502    -0.00026790
      257     0.00000520    -0.00027475
      258     0.00000600    -0.00028235
      259     0.00000554    -0.00029005
      260     0.00000645    -0.00029710
      261     0.00000670    -0.00030594
      262     0.00000708    -0.00031397
      263     0.00000737    -0.00032310
      264     0.00000831    -0.00033221
      265     0.00000888    -0.00034358
      266     0.00000925    -0.00035440
      267     0.00001035    -0.00036712
      268     0.00001056    -0.00038024
      269     0.00001174    -0.00039445
      270     0.00001216    -0.00041001
      271     0.00001312    -0.00042613
      272     0.00001387    -0.00044397
      273     0.00001454    -0.00046235
      274     0.00001547    -0.00048220
      275     0.00001597    -0.00050285
      276     0.00001675    -0.00052435
      277     0.00001763    -0.00054722
      278     0.00001727    -0.00057020
      279     0.00001780    -0.00059226
      280     0.00001759    -0.00061502
      281     0.00001688    -0.00063553
      282     0.00001638    -0.00065497
      283     0.00001452    -0.00067119
      284     0.00001294    -0.00068330
      285     0.00001014    -0.00069071
      286     0.00000688    -0.00069083
      287     0.00000311    -0.00068350
      288    -0.00000178    -0.00066621
      289    -0.00000673    -0.00063803
      290    -0.00001262    -0.00059786
      291    -0.00001854    -0.00054427
      292    -0.00002451    -0.00047773
      293    -0.00003049    -0.00039773
      294    -0.00003555    -0.00030575
      295    -0.00004017    -0.00020356
      296    -0.00004347    -0.00009334
      297    -0.00004558     0.00002115
      298    -0.00004653     0.00013696
      299    -0.00004596     0.00024991
      300    -0.00004458     0.00035656
