#    Step        Prob(0)        Prob(1)        
        0    -0.00000000     0.00000000
        1     0.00000001     0.00000000
        2     0.00000000     0.00000000
        3     0.00000003     0.00000000
        4     0.00000000     0.00000000
        5     0.00000003     0.00000000
        6     0.00000000     0.00000000
        7     0.00000001     0.00000000
        8     0.00000000     0.00000000
        9     0.00000000     0.00000000
       10     0.00000001     0.00000000
       11     0.00000000     0.00000000
       12     0.00000001     0.00000000
       13     0.00000000     0.00000000
       14     0.00000000     0.00000000
       15     0.00000000     0.00000000
       16     0.00006986     0.00000000
       17     0.00000000     0.00000000
       18     0.00003287     0.00000000
       19     0.00000538     0.00000000
       20     0.00000000     0.00000000
       21     0.00007033     0.00000000
       22     0.00000000     0.00000000
       23     0.00001205     0.00000000
       24     0.00004984     0.00000000
       25     0.00000000     0.00000000
       26     0.00002972     0.00000000
       27     0.00004425     0.00000000
       28     0.00000000     0.00000000
       29     0.00001116     0.00000000
       30     0.00005970     0.00000000
       31     0.00000000     0.00000000
       32     0.00000000     0.00000000
       33     0.00005825     0.00000000
       34     0.00001149     0.00000000
       35     0.00000000     0.00000000
       36     0.00000000     0.00000000
       37     0.00005369     0.00000000
       38     0.00000000     0.00000000
       39     0.00000000     0.00000000
       40     0.00000170     0.00000000
       41     0.00004532     0.00000000
       42     0.00000226     0.00000000
       43     0.00000000     0.00000000
       44     0.00000000     0.00000000
       45     0.00003402     0.00000000
       46     0.00001920     0.00000000
       47     0.00000000     0.00000000
       48     0.00000000     0.00000000
       49     0.00001222     0.00000000
       50     0.00002829     0.00000000
       51     0.00000000     0.00000000
       52     0.00000000     0.00000000
       53     0.00000000     0.00000000
       54     0.00001640     0.00000000
       55     0.00001867     0.00000000
       56     0.00000000     0.00000000
       57     0.00000000     0.00000000
       58     0.00000000     0.00000000
       59     0.00001315     0.00000000
       60     0.00001290     0.00000000
       61     0.00000000     0.00000000
       62     0.00000000     0.00000000
       63     0.00000000     0.00000000
       64     0.00000827     0.00000000
       65     0.00000935     0.00000000
       66     0.00000000     0.00000000
       67     0.00000000     0.00000000
       68     0.00000000     0.00000000
       69     0.00000357     0.00000000
       70     0.00000577     0.00000000
       71     0.00000085     0.00000000
       72     0.00000000     0.00000000
       73     0.00000000     0.00000000
       74     0.00000043     0.00000000
       75     0.00000135     0.00000000
       76     0.00000026     0.00000000
       77     0.00000025     0.00000000
       78     0.00000136     0.00000000
       79     0.00000057     0.00000000
       80     0.00000000     0.00000000
       81     0.00000000     0.00000000
       82     0.00000061     0.00000000
       83     0.00000547     0.00000000
       84     0.00000440     0.00000000
       85     0.00000000     0.00000000
       86     0.00000000     0.00000000
       87     0.00000000     0.00000000
       88     0.00000549     0.00000000
       89     0.00000866     0.00000000
       90     0.00000190     0.00000000
       91     0.00000000     0.00000000
       92     0.00000000     0.00000000
       93     0.00000000     0.00000000
       94     0.00000752     0.00000000
       95     0.00000653     0.00000000
       96     0.00000000     0.00000000
       97     0.00000000     0.00000000
       98     0.00000000     0.00000000
       99     0.00000060     0.00000000
      100     0.00000347     0.00000000
      101     0.00000210     0.00000000
      102     0.00000000     0.00000000
      103     0.00000000     0.00000000
      104     0.00000080     0.00000000
      105     0.00000037     0.00000000
      106     0.00000000     0.00000000
      107     0.00000000     0.00000000
      108     0.00000000     0.00000000
      109     0.00000335     0.00000000
      110     0.00000861     0.00000000
      111     0.00000880     0.00000000
      112     0.00000281     0.00000000
      113     0.00000000     0.00000000
      114     0.00000000     0.00000000
      115     0.00000000     0.00000000
      116     0.00000000     0.00000000
      117     0.00000851     0.00000000
      118     0.00001653     0.00000000
      119     0.00001832     0.00000000
      120     0.00001343     0.00000000
      121     0.00000429     0.00000000
      122     0.00000000     0.00000000
      123     0.00000000     0.00000000
      124     0.00000000     0.00000000
      125     0.00000000     0.00000000
      126     0.00000000     0.00000000
      127     0.00000000     0.00000000
      128     0.00000000     0.00000000
      129     0.00000027     0.00000000
      130     0.00000624     0.00000000
      131     0.00003687     0.00000000
      132     0.00016311     0.00000000
      133     0.00065526     0.00000000
      134     0.00277522     0.00000000
      135     0.01506200     0.00000000
      136     0.15618492     0.00000000
      137     1.00000000     0.00000000
      138     0.00000000     0.00000000
      139     0.00000000     0.00000000
      140     0.00000000     0.00000000
      141     0.00000000     0.00000000
      142     0.00000000     0.00000000
      143     0.00000000     0.00000000
      144     0.00000000     0.00000000
      145     0.00000000     0.00000000
      146     0.00000000     0.00000000
      147     0.00000000     0.00000000
      148     0.00000000     0.00000000
      149     0.00000000     0.00000000
      150     0.00000000     0.00000000
      151     0.00000000     0.00126058
      152     0.00000000     0.00221670
      153     0.00000000     0.00198317
      154     0.00000000     0.00033732
      155     0.00000000     0.00000000
      156     0.00000000     0.00000000
      157     0.00000000     0.00000000
      158     0.00000000     0.00184480
      159     0.00000000     0.00291002
      160     0.00000000     0.00034690
      161     0.00000000     0.00000000
      162     0.00000000     0.00000000
      163     0.00000000     0.00226884
      164     0.00000000     0.00311659
      165     0.00000000     0.00000000
      166     0.00000000     0.00000000
      167     0.00000000     0.00215723
      168     0.00000000     0.00379745
      169     0.00000000     0.00000000
      170     0.00000000     0.00000000
      171     0.00000000     0.00582755
      172     0.00000000     0.00000000
      173     0.00000000     0.00000000
      174     0.00000000     0.00656442
      175     0.00000000     0.00196327
      176     0.00000000     0.00000000
      177     0.00000000     0.00659608
      178     0.00000000     0.00000000
      179     0.00000000     0.00000000
      180     0.00000000     0.00418030
      181     0.00000000     0.00000000
      182     0.00000000     0.00034724
      183     0.00000000     0.00115723
      184     0.00000000     0.00000000
      185     0.00000000     0.00154444
      186     0.00000000     0.00000000
      187     0.00000000     0.00024080
      188     0.00000000     0.00032856
      189     0.00000000     0.00000000
      190     0.00000000     0.00077645
      191     0.00000000     0.00000000
      192     0.00000000     0.00048221
      193     0.00000000     0.00000000
      194     0.00000000     0.00000000
      195     0.00000000     0.00022414
      196     0.00000000     0.00000000
      197     0.00000000     0.00040211
      198     0.00000000     0.00000000
      199     0.00000000     0.00030393
      200     0.00000000     0.00000000
      201     0.00000000     0.00006301
      202     0.00000000     0.00005963
      203     0.00000000     0.00000000
      204     0.00000000     0.00022849
      205     0.00000000     0.00000000
      206     0.00000000     0.00024361
      207     0.00000000     0.00000000
      208     0.00000000     0.00012119
      209     0.00000000     0.00000000
      210     0.00000000     0.00000000
      211     0.00000000     0.00012548
      212     0.00000000     0.00000000
      213     0.00000000     0.00018968
      214     0.00000000     0.00000000
      215     0.00000000     0.00012884
      216     0.00000000     0.00000000
      217     0.00000000     0.00000000
      218     0.00000000     0.00006789
      219     0.00000000     0.00000000
      220     0.00000000     0.00013254
      221     0.00000000     0.00000000
      222     0.00000000     0.00009478
      223     0.00000000     0.00000000
      224     0.00000000     0.00000341
      225     0.00000000     0.00003572
      226     0.00000000     0.00000000
      227     0.00000000     0.00006464
      228     0.00000000     0.00000000
      229     0.00000000     0.00003447
      230     0.00000000     0.00000000
      231     0.00000000     0.00000000
      232     0.00000000     0.00000387
      233     0.00000000     0.00000279
      234     0.00000000     0.00000000
      235     0.00000000     0.00002604
      236     0.00000000     0.00000000
      237     0.00000000     0.00001793
      238     0.00000000     0.00000576
      239     0.00000000     0.00000000
      240     0.00000000     0.00007019
      241     0.00000000     0.00000000
      242     0.00000000     0.00009713
      243     0.00000000     0.00000000
      244     0.00000000     0.00003919
      245     0.00000000     0.00001541
      246     0.00000000     0.00000000
      247     0.00000000     0.00012343
      248     0.00000000     0.00000000
      249     0.00000000     0.00015296
      250     0.00000000     0.00000000
      251     0.00000000     0.00006659
      252     0.00000000     0.00000659
      253     0.00000000     0.00000000
      254     0.00000000     0.00014889
      255     0.00000000     0.00000000
      256     0.00000000     0.00020015
      257     0.00000000     0.00000000
      258     0.00000000     0.00011479
      259     0.00000000     0.00000000
      260     0.00000000     0.00000000
      261     0.00000000     0.00014886
      262     0.00000000     0.00000000
      263     0.00000000     0.00024789
      264     0.00000000     0.00000000
      265     0.00000000     0.00018404
      266     0.00000000     0.00000000
      267     0.00000000     0.00000000
      268     0.00000000     0.00014182
      269     0.00000000     0.00000000
      270     0.00000000     0.00030909
      271     0.00000000     0.00000000
      272     0.00000000     0.00026270
      273     0.00000000     0.00000000
      274     0.00000000     0.00000000
      275     0.00000000     0.00018145
      276     0.00000000     0.00000000
      277     0.00000000     0.00041468
      278     0.00000000     0.00000000
      279     0.00000000     0.00030190
      280     0.00000000     0.00000000
      281     0.00000000     0.00000000
      282     0.00000000     0.00035628
      283     0.00000000     0.00000000
      284     0.00000000     0.00050692
      285     0.00000000     0.00000000
      286     0.00000000     0.00011360
      287     0.00000000     0.00017988
      288     0.00000000     0.00000000
      289     0.00000000     0.00051158
      290     0.00000000     0.00000000
      291     0.00000000     0.00022456
      292     0.00000000     0.00003038
      293     0.00000000     0.00000000
      294     0.00000000     0.00028344
      295     0.00000000     0.00000000
      296     0.00000000     0.00009052
      297     0.00000000     0.00000000
      298     0.00000000     0.00001711
      299     0.00000000     0.00000000
      300     0.00000000     0.00021377
