#    Non-Adiabatic Coupling Matrix Elements: off-diagonal
         0    -0.00000194
         1    -0.00000592
         2    -0.00001002
         3    -0.00001412
         4    -0.00001808
         5    -0.00002182
         6    -0.00002527
         7    -0.00002836
         8    -0.00003104
         9    -0.00003328
        10    -0.00003506
        11    -0.00003634
        12    -0.00003711
        13    -0.00003735
        14    -0.00003708
        15    -0.00003632
        16    -0.00003514
        17    -0.00003361
        18    -0.00003187
        19    -0.00003006
        20    -0.00002833
        21    -0.00002690
        22    -0.00002581
        23    -0.00002521
        24    -0.00002517
        25    -0.00002573
        26    -0.00002694
        27    -0.00002879
        28    -0.00003130
        29    -0.00003448
        30    -0.00003834
        31    -0.00004289
        32    -0.00004815
        33    -0.00005414
        34    -0.00006087
        35    -0.00006838
        36    -0.00216176
        37    -0.00118778
        38    -0.00094803
        39    -0.00084346
        40    -0.00078899
        41    -0.00075769
        42    -0.00073774
        43    -0.00072310
        44    -0.00071034
        45    -0.00069758
        46    -0.00068398
        47    -0.00066941
        48    -0.00065412
        49    -0.00063854
        50    -0.00062311
        51    -0.00060814
        52    -0.00059380
        53    -0.00058014
        54    -0.00056711
        55    -0.00055460
        56    -0.00054255
        57    -0.00053102
        58    -0.00051948
        59    -0.00050863
        60    -0.00049826
        61    -0.00048840
        62    -0.00047914
        63    -0.00047050
        64    -0.00046251
        65    -0.00045515
        66    -0.00044840
        67    -0.00044221
        68    -0.00043650
        69    -0.00043120
        70    -0.00042622
        71    -0.00042149
        72    -0.00041691
        73    -0.00041241
        74    -0.00040789
        75    -0.00040329
        76    -0.00039852
        77    -0.00039462
        78    -0.00038928
        79    -0.00038357
        80    -0.00037739
        81    -0.00037071
        82    -0.00036343
        83    -0.00035550
        84    -0.00034684
        85    -0.00033738
        86    -0.00032703
        87    -0.00031569
        88    -0.00030325
        89    -0.00028953
        90    -0.00027431
        91    -0.00025741
        92    -0.00023843
        93    -0.00021689
        94    -0.00019218
        95    -0.00016352
        96    -0.00012985
        97    -0.00008974
        98    -0.00004125
        99     0.00001830
       100     0.00009269
       101     0.00018745
       102     0.00031076
       103     0.00047529
       104     0.00070135
       105     0.00102315
       106     0.00150142
       107     0.00225174
       108     0.00351165
       109     0.00581227
       110     0.01040031
       111     0.01955886
       112     0.02964701
       113     0.02554587
       114     0.01225903
       115     0.00622796
       116     0.00348530
       117     0.00207857
       118     0.00127589
       119     0.00077791
       120     0.00044786
       121     0.00021711
       122     0.00004839
       123    -0.00007979
       124    -0.00018050
       125    -0.00026205
       126    -0.00032989
       127    -0.00038772
       128    -0.00043813
       129    -0.00048297
       130    -0.00052358
       131    -0.00056098
       132    -0.00059621
       133    -0.00062937
       134    -0.00066117
       135    -0.00069204
       136    -0.00072232
       137    -0.00075234
       138    -0.00078238
       139    -0.00081272
       140    -0.00084365
       141    -0.00087549
       142    -0.00090830
       143    -0.00094324
       144    -0.00098059
       145    -0.00102102
       146    -0.00106524
       147    -0.00111488
       148    -0.00117074
       149    -0.00123479
       150    -0.00130934
       151    -0.00139739
       152    -0.00150283
       153    -0.00163063
       154    -0.00178671
       155    -0.00197700
       156    -0.00220388
       157    -0.00245618
       158    -0.00268968
       159    -0.00281192
       160    -0.00272757
       161    -0.00244206
       162    -0.00206523
       163    -0.00169940
       164    -0.00138901
       165    -0.00113994
       166    -0.00094373
       167    -0.00078948
       168    -0.00066753
       169    -0.00057028
       170    -0.00049198
       171    -0.00042830
       172    -0.00037600
       173    -0.00033265
       174    -0.00029639
       175    -0.00026579
       176    -0.00023978
       177    -0.00021748
       178    -0.00019805
       179    -0.00018137
       180    -0.00016680
       181    -0.00015402
       182    -0.00014276
       183    -0.00013280
       184    -0.00012395
       185    -0.00011608
       186    -0.00010907
       187    -0.00010281
       188    -0.00009720
       189    -0.00009218
       190    -0.00008768
       191    -0.00008363
       192    -0.00008000
       193    -0.00007688
       194    -0.00007391
       195    -0.00007121
       196    -0.00006876
       197    -0.00006651
       198    -0.00006429
       199    -0.00006236
       200    -0.00006056
       201    -0.00005886
       202    -0.00005723
       203    -0.00005566
       204    -0.00005413
       205    -0.00005262
       206    -0.00005112
       207    -0.00004961
       208    -0.00004808
       209    -0.00004653
       210    -0.00004493
       211    -0.00004329
       212    -0.00004159
       213    -0.00003982
       214    -0.00003798
       215    -0.00003606
       216    -0.00003404
       217    -0.00003193
       218    -0.00002972
       219    -0.00002739
       220    -0.00002493
       221    -0.00002234
       222    -0.00001960
       223    -0.00001671
       224    -0.00001367
       225    -0.00001045
       226    -0.00000706
       227    -0.00000349
       228     0.00000025
       229     0.00000417
       230     0.00000825
       231     0.00001248
       232     0.00001686
       233     0.00002136
       234     0.00002596
       235     0.00003064
       236     0.00003547
       237     0.00004027
       238     0.00004510
       239     0.00004993
       240     0.00005477
       241     0.00005960
       242     0.00006443
       243     0.00006925
       244     0.00007408
       245     0.00007892
       246     0.00008379
       247     0.00008872
       248     0.00009372
       249     0.00009869
       250     0.00010393
       251     0.00010952
       252     0.00011508
       253     0.00012070
       254     0.00012686
       255     0.00013325
       256     0.00013997
       257     0.00014707
       258     0.00015460
       259     0.00016258
       260     0.00017104
       261     0.00017996
       262     0.00018932
       263     0.00019906
       264     0.00020907
       265     0.00021919
       266     0.00022922
       267     0.00023885
       268     0.00024774
       269     0.00025546
       270     0.00026151
       271     0.00026531
       272     0.00026625
       273     0.00026369
       274     0.00025700
       275     0.00024561
       276     0.00022907
       277     0.00020712
       278     0.00017973
       279     0.00014720
       280     0.00011016
       281     0.00006958
       282     0.00002672
       283    -0.00001694
       284    -0.00005983
       285    -0.00010046
       286    -0.00013748
       287    -0.00016984
       288    -0.00019684
       289    -0.00021813
       290    -0.00023373
       291    -0.00024391
       292    -0.00024918
       293    -0.00025017
       294    -0.00024759
       295    -0.00024218
       296    -0.00023459
       297    -0.00022545
       298    -0.00021530
       299    -0.00020435
       300    -0.00019341
