#    Non-Adiabatic Coupling Matrix Elements: off-diagonal
         0     0.00000000     0.00000000     0.00000000
         1     0.00001200    -0.00005850    -0.00048440
         2     0.00001125    -0.00009430    -0.00063263
         3     0.00001030    -0.00012976    -0.00083352
         4     0.00000944    -0.00016382    -0.00111158
         5     0.00000895    -0.00019522    -0.00150420
         6     0.00000900    -0.00022261    -0.00207153
         7     0.00000966    -0.00024488    -0.00291656
         8     0.00001077    -0.00026115    -0.00422854
         9     0.00001197    -0.00027109    -0.00637913
        10     0.00001249    -0.00027483    -0.01015169
        11     0.00001092    -0.00027300    -0.01723247
        12     0.00000522    -0.00026637    -0.03036860
        13    -0.00000214    -0.00025574    -0.04638374
        14     0.00000296    -0.00024428    -0.04504215
        15     0.00002177    -0.00033912    -0.03709603
        16     0.00004934    -0.00031044    -0.01559960
        17     0.00003438    -0.00016208    -0.00517909
        18     0.00003438    -0.00015544    -0.00387046
        19     0.00003390    -0.00014909    -0.00298363
        20     0.00003290    -0.00014296    -0.00234662
        21     0.00003078    -0.00011519    -0.00186620
        22     0.00002909    -0.00013042    -0.00149307
        23     0.00002619    -0.00012380    -0.00118589
        24     0.00002192    -0.00011106    -0.00093187
        25     0.00001826    -0.00008987    -0.00071221
        26     0.00001465    -0.00009269    -0.00051152
        27     0.00000971    -0.00008846    -0.00032828
        28     0.00000431    -0.00008408    -0.00015071
        29    -0.00000143    -0.00007996     0.00002967
        30    -0.00000808    -0.00008812     0.00022153
        31    -0.00001359    -0.00007308     0.00044005
        32    -0.00002035    -0.00008162     0.00070499
        33    -0.00002623    -0.00008025     0.00104414
        34    -0.00003216    -0.00007880     0.00150899
        35    -0.00003777    -0.00007848     0.00219712
        36    -0.00004287    -0.00007941     0.00331215
        37    -0.00004689    -0.00008228     0.00533624
        38    -0.00004810    -0.00008839     0.00957480
        39    -0.00004037    -0.00009974     0.01956872
        40    -0.00000998    -0.00011259     0.03555287
        41     0.00002533    -0.00011531     0.03213180
        42     0.00004568    -0.00010882     0.01982725
        43     0.00005807    -0.00009589     0.01634680
        44     0.00008224    -0.00009400     0.01804696
        45     0.00009872    -0.00008738     0.01450507
        46     0.00011184    -0.00008341     0.01055977
        47     0.00012248    -0.00008116     0.00755747
        48     0.00013117    -0.00007995     0.00541820
        49     0.00013815    -0.00007952     0.00384485
        50     0.00014361    -0.00007972     0.00262883
        51     0.00014779    -0.00008042     0.00164305
        52     0.00015085    -0.00008150     0.00080922
        53     0.00015287    -0.00008302     0.00007534
        54     0.00015391    -0.00008492    -0.00059515
        55     0.00015403    -0.00008730    -0.00123084
        56     0.00015333    -0.00009004    -0.00185391
        57     0.00015189    -0.00009309    -0.00248239
        58     0.00014980    -0.00009634    -0.00313052
        59     0.00014712    -0.00009968    -0.00380862
        60     0.00014391    -0.00010304    -0.00452205
        61     0.00014025    -0.00010627    -0.00526974
        62     0.00013606    -0.00010950    -0.00604180
        63     0.00013114    -0.00011296    -0.00681673
        64     0.00012552    -0.00011648    -0.00755964
        65     0.00011949    -0.00011968    -0.00822271
        66     0.00011320    -0.00012243    -0.00875030
        67     0.00010670    -0.00012475    -0.00908952
        68     0.00010002    -0.00012668    -0.00920408
        69     0.00009320    -0.00012826    -0.00908500
        70     0.00008626    -0.00012960    -0.00875318
        71     0.00007912    -0.00013057    -0.00825530
        72     0.00007280    -0.00013137    -0.00764678
        73     0.00007098    -0.00012386    -0.00698194
        74     0.00006313    -0.00012663    -0.00630953
        75     0.00005537    -0.00012943    -0.00565853
        76     0.00004763    -0.00013249    -0.00504943
        77     0.00003988    -0.00013600    -0.00449199
        78     0.00003229    -0.00013934    -0.00398916
        79     0.00002580    -0.00013991    -0.00353960
        80     0.00002119    -0.00013219    -0.00314274
        81     0.00001664    -0.00013013    -0.00278808
        82     0.00001259    -0.00012806    -0.00247363
        83     0.00000913    -0.00012593    -0.00219402
        84     0.00000632    -0.00012361    -0.00194521
        85     0.00000635    -0.00011975    -0.00171994
        86     0.00000512    -0.00011666    -0.00151947
        87     0.00000459    -0.00011345    -0.00134031
        88     0.00000478    -0.00011010    -0.00117857
        89     0.00000573    -0.00010659    -0.00103195
        90     0.00000746    -0.00010295    -0.00089847
        91     0.00000999    -0.00009918    -0.00077643
        92     0.00001333    -0.00009533    -0.00066435
        93     0.00001750    -0.00009145    -0.00056094
        94     0.00002250    -0.00008758    -0.00046512
        95     0.00002833    -0.00008378    -0.00037587
        96     0.00003530    -0.00008175    -0.00029605
        97     0.00004296    -0.00007826    -0.00021586
        98     0.00005130    -0.00007501    -0.00014083
        99     0.00006027    -0.00007208    -0.00006963
       100     0.00006980    -0.00006951    -0.00000184
       101     0.00007983    -0.00006735     0.00006283
       102     0.00009029    -0.00006566     0.00012462
       103     0.00009999    -0.00006350     0.00018415
       104     0.00011223    -0.00006378     0.00024137
       105     0.00012355    -0.00006366     0.00029380
       106     0.00013500    -0.00006408     0.00034487
       107     0.00014524    -0.00006485     0.00039373
       108     0.00015671    -0.00006658     0.00043796
       109     0.00016947    -0.00006863     0.00048204
       110     0.00017937    -0.00007156     0.00052074
       111     0.00019045    -0.00007474     0.00055527
       112     0.00020129    -0.00007830     0.00058734
       113     0.00021336    -0.00008123     0.00061691
       114     0.00022366    -0.00008522     0.00063994
       115     0.00023365    -0.00008942     0.00066012
       116     0.00024175    -0.00009517     0.00067748
       117     0.00025107    -0.00009970     0.00068811
       118     0.00026010    -0.00010422     0.00069590
       119     0.00026889    -0.00010866     0.00069968
       120     0.00027744    -0.00011297     0.00069951
