#     Density Matrix: coherence Re-Im; see the manual for detail orders
        0     0.00000000     0.00000000
        1    -0.00007299    -0.00003783
        2    -0.00008263    -0.00010881
        3    -0.00001823    -0.00014237
        4     0.00006162    -0.00008920
        5     0.00007356     0.00002126
        6    -0.00000275     0.00008903
        7    -0.00008048     0.00004281
        8    -0.00005242    -0.00005829
        9     0.00005490    -0.00007813
       10     0.00008582    -0.00000207
       11     0.00052296    -0.00501862
       12     0.00073897    -0.00269527
       13    -0.00030186    -0.00242211
       14    -0.00072638    -0.00386852
       15     0.00061855    -0.00461941
       16     0.00053613    -0.00358393
       17    -0.00073277    -0.00503429
       18     0.00095798    -0.00571311
       19    -0.00049245    -0.00530403
       20     0.00078009    -0.00707879
       21    -0.00051816    -0.00645952
       22     0.00108202    -0.00771143
       23    -0.00052900    -0.00851903
       24     0.00048690    -0.00788787
       25     0.00110123    -0.01000158
       26    -0.00016461    -0.01084922
       27     0.00018654    -0.01056518
       28     0.00155575    -0.01184145
       29     0.00191154    -0.01419738
       30     0.00139577    -0.01608600
       31     0.00114660    -0.01726984
       32     0.00175185    -0.01840737
       33     0.00324199    -0.02008479
       34     0.00571050    -0.02254051
       35     0.00990883    -0.02581852
       36     0.01857287    -0.02991794
       37     0.04964246    -0.03498956
       38    -0.30010264    -0.03319850
       39    -0.49749737     0.00989613
       40    -0.48450966     0.12011949
       41    -0.41286209     0.28146339
       42    -0.23297855     0.44239093
       43     0.06792680     0.49479579
       44     0.38589134     0.31014745
       45     0.46950622    -0.10578253
       46     0.13491273    -0.43245057
       47    -0.32181472    -0.25493096
       48    -0.27457785     0.23321631
       49     0.20061945     0.24017860
       50     0.17673181    -0.20945333
       51    -0.22173828    -0.07904577
       52     0.05332789     0.19442231
       53     0.08674048    -0.16193997
       54    -0.13546029     0.07441304
       55     0.14037493    -0.03790777
       56    -0.12251436    -0.00515449
       57     0.11828901    -0.03329161
       58     0.00000000     0.00000000
       59    -0.01229169    -0.04364625
       60     0.01239201     0.01807523
       61    -0.02245309    -0.01741764
       62     0.02510375     0.01389767
       63    -0.02832000     0.00474196
       64     0.02686867     0.00387837
       65    -0.02734853     0.01652278
       66     0.02735288     0.00722978
       67    -0.02682196     0.00464680
       68     0.01980179     0.02962085
       69     0.00309140    -0.02019684
       70    -0.02476924     0.01773407
       71     0.01830873     0.02640976
       72     0.01439332    -0.01336057
       73    -0.02553508    -0.00247243
       74    -0.01665892     0.03838960
       75     0.02273004     0.03262038
       76     0.02018514    -0.00682903
       77    -0.01836216    -0.00824899
       78    -0.02162738     0.02932087
       79     0.01672093     0.03413391
       80     0.02392926    -0.00480333
       81    -0.01464206    -0.01376346
       82    -0.02427375     0.02454902
       83     0.01413250     0.03460031
       84     0.02446618    -0.00380654
       85    -0.01394460    -0.01428696
       86    -0.02445777     0.02397902
       87     0.01404112     0.03443301
       88     0.02562120    -0.00438795
       89    -0.01172810    -0.01762310
       90    -0.02476225     0.01782644
       91     0.01122343     0.03101907
       92     0.02799163    -0.00509585
       93    -0.00506906    -0.02575046
       94    -0.02809451     0.00395738
       95    -0.00189605     0.03008810
       96     0.02636618     0.00881513
       97     0.00842092    -0.02088656
       98    -0.02567956    -0.00696812
       99    -0.02048102     0.03053921
      100     0.01537792     0.03437392
      101     0.02504679     0.00144005
      102    -0.00606211    -0.01399995
      103    -0.02837013     0.01351651
      104    -0.00648436     0.04137192
      105     0.02594567     0.02602758
      106     0.01922802    -0.00949017
      107    -0.01574720    -0.01203546
      108    -0.02577191     0.02025604
      109     0.00330028     0.03747241
      110     0.02809879     0.01421538
      111     0.01401895    -0.01611425
      112    -0.01823954    -0.01315478
      113    -0.02673599     0.01673085
      114    -0.00300056     0.03552091
      115     0.02519511     0.02288167
      116     0.03221715    -0.00728677
      117     0.01894157    -0.03104180
      118     0.00361402    -0.03951459
      119     0.00364167    -0.04073911
      120     0.03197988    -0.04854867
      121     0.10735968    -0.07518044
      122     0.24353185    -0.12994430
      123     0.36002639    -0.21825439
      124     0.34857845    -0.33526411
      125     0.20693237    -0.45137052
      126    -0.04084369    -0.49586841
      127    -0.33041985    -0.36650717
      128    -0.48002610    -0.00993448
      129    -0.24339449     0.38281759
      130     0.26436453     0.31813921
      131     0.29150055    -0.19515308
      132    -0.17259467    -0.21363365
      133    -0.12469279     0.18741237
      134     0.19200905     0.02572658
      135    -0.07852492    -0.15211714
      136    -0.06870518     0.14941152
      137     0.14187840    -0.03669059
      138    -0.12248639    -0.06288464
      139     0.03707321     0.13311629
      140     0.05871459    -0.10540510
      141    -0.11453072     0.04127957
      142     0.09699111     0.06086934
      143     0.00000000     0.00000000
      144    -0.00302805     0.00684400
      145     0.00492111     0.00401776
      146    -0.00075682    -0.00245890
      147    -0.00386166     0.00450156
      148     0.00353391     0.00493744
      149     0.00221895    -0.00196486
      150    -0.00458984     0.00037829
      151    -0.00312664     0.00741874
      152     0.00250972     0.00768361
      153     0.00259683     0.00367792
      154    -0.00250111     0.00335680
      155    -0.00686975     0.00829873
      156    -0.00798791     0.01501141
      157    -0.00886586     0.02110061
      158    -0.01726456     0.02822478
      159    -0.04960447     0.04188705
      160    -0.14568217     0.07063901
      161    -0.33746636     0.12402794
      162    -0.44126600     0.21006198
      163    -0.37881748     0.32448119
      164    -0.22707541     0.44015003
      165     0.00870580     0.49422654
      166     0.28585301     0.40188584
      167     0.47454891     0.11893344
      168     0.40576303    -0.25906623
      169     0.03923605    -0.47198357
      170    -0.37748364    -0.28425749
      171    -0.43448317     0.19501005
      172    -0.01733725     0.47470894
      173     0.41689765     0.20012791
      174     0.31906025    -0.30635116
      175    -0.18061842    -0.38856868
      176    -0.42142662     0.02862264
      177    -0.15798170     0.38299678
      178     0.22247700     0.33462102
      179     0.37582875     0.07045490
      180     0.29525361    -0.13651826
      181    -0.21231460    -0.18067759
      182    -0.49335272    -0.06096195
      183    -0.41105996     0.21643597
      184     0.00778427     0.45790967
      185     0.44223327    -0.02955348
      186    -0.26517302    -0.30917828
      187     0.08717752     0.34637064
      188    -0.08973047    -0.22448422
      189     0.13390265     0.14073015
      190    -0.13587857     0.08337486
      191    -0.01084045    -0.10222185
      192     0.00000000     0.00000000
      193     0.00285453     0.00069165
      194     0.00115629     0.00381844
      195    -0.00252627     0.00300170
      196    -0.00185786    -0.00024524
      197     0.00202765     0.00215793
      198    -0.00051081     0.01219254
      199    -0.02935133     0.09510668
      200     0.00000000     0.00000000
      201     0.01377072     0.03863485
      202    -0.01183533    -0.00970062
      203     0.00208853     0.03884460
      204     0.01834570    -0.00777274
      205    -0.02213517    -0.00033224
      206    -0.00297483     0.02723977
      207     0.03431410     0.00769237
      208     0.05928712    -0.03561371
      209     0.10510665    -0.08628282
      210     0.23956686    -0.15545360
      211     0.38514566    -0.25345239
      212     0.33630990    -0.36807024
      213     0.13733804    -0.46494193
      214    -0.13975871    -0.46376241
      215    -0.40647365    -0.27095296
      216    -0.47956264     0.10158730
      217    -0.22067535     0.43540701
      218     0.23358166     0.42292245
      219     0.47714116     0.01512179
      220     0.23879287    -0.40704216
      221    -0.24683604    -0.39456262
      222    -0.45564733     0.03773669
      223    -0.17622737     0.41441456
      224     0.27191085     0.35782050
      225     0.45450838    -0.02555471
      226     0.28286099    -0.36655579
      227    -0.01857805    -0.46420556
      228    -0.23002380    -0.38198578
      229    -0.27286350    -0.25388578
      230    -0.18939207    -0.14753670
      231    -0.10206035    -0.07376427
      232     0.00000000     0.00000000
      233     0.03537882    -0.01583272
      234     0.02936745    -0.04459255
      235    -0.00765208    -0.05491954
      236    -0.04810522    -0.03133028
      237    -0.06819687     0.01535033
      238    -0.06699380     0.06380299
      239    -0.06354575     0.10333161
      240    -0.08299464     0.13923714
      241    -0.14288126     0.18450050
      242    -0.22434720     0.24918308
      243    -0.26024233     0.33297506
      244    -0.19442727     0.42245118
      245     0.00241164     0.47600831
      246     0.29268023     0.37338941
      247     0.47634976     0.01333756
      248     0.24179033    -0.42545069
      249    -0.34158043    -0.36500922
      250    -0.39543540     0.28824157
      251     0.27145801     0.35123789
      252     0.23781988    -0.27512123
      253    -0.30152146    -0.09418417
      254     0.02194794     0.28417377
      255     0.17229624    -0.11338283
      256    -0.19119873    -0.01793996
      257     0.08857062     0.15832611
      258     0.01279858    -0.12188607
      259    -0.07053772     0.11079524
      260     0.00000000     0.00000000
      261    -0.00312639     0.02339053
      262     0.00422385     0.00167951
      263    -0.00633769     0.02672223
      264     0.00410550     0.00526184
      265     0.00096799     0.02613137
      266    -0.00331607    -0.00212863
      267     0.01069057     0.01243572
      268    -0.01192786     0.00426340
      269     0.00803628    -0.00582895
      270     0.00096278     0.01625130
      271    -0.01046465    -0.00123011
      272     0.01139237     0.00628258
      273    -0.00966467     0.01899943
      274     0.00458474     0.00239204
      275    -0.00509103     0.02722640
      276     0.00555042     0.00775980
      277    -0.01120812     0.02709834
      278     0.01091948     0.02463141
      279    -0.00743502     0.01536174
      280    -0.00863051     0.03884578
      281     0.00986875     0.03613609
      282     0.00213620     0.02231649
      283    -0.01214995     0.03164868
      284    -0.00505138     0.04649966
      285     0.01077353     0.04220743
      286     0.01277884     0.02538891
      287     0.00156430     0.01618366
      288    -0.00585241     0.01971742
      289     0.00056596     0.02384171
      290     0.01502326     0.01598327
      291     0.02538920    -0.00465274
      292     0.02587757    -0.02951111
      293     0.02049695    -0.05052918
      294     0.01674632    -0.06635917
      295     0.00902476    -0.07812317
      296     0.01498288    -0.08567230
      297     0.02369531    -0.10579478
      298    -0.00550545    -0.11767153
      299     0.00000000     0.00000000
      300     0.04657890    -0.03497111
      301     0.01226090    -0.08434252
      302    -0.05420309    -0.04754969
      303    -0.02289272     0.03097478
      304     0.05117241    -0.00396243
      305    -0.00550375    -0.06605390
      306    -0.05070980     0.01590963
      307     0.04356691     0.02622586
      308    -0.00104321    -0.05794111
      309    -0.04086972     0.03582764
      310     0.05426474    -0.00327210
      311    -0.04899264    -0.02411607
      312     0.03801113     0.04020030
      313    -0.03271199    -0.04414548
      314     0.04099387     0.03434356
      315    -0.05258852    -0.01819340
      316     0.04398291    -0.03969317
      317     0.01661107     0.04599174
      318    -0.05337966     0.01000433
      319    -0.02213748    -0.05384963
      320     0.04443544    -0.03478370
      321     0.04129538     0.03438270
      322    -0.02831669     0.04566229
      323    -0.05025028    -0.02383290
      324     0.02034065    -0.05196788
      325     0.05037061     0.02151625
      326    -0.02676265     0.04826618
      327    -0.04354701    -0.03327549
      328     0.04232651    -0.03499616
      329     0.02252439     0.04934005
      330    -0.05390929    -0.00258203
      331     0.02906851    -0.06618154
      332     0.02682860     0.01729446
      333    -0.06218433    -0.03794579
      334     0.06327935    -0.01315934
      335    -0.06337127     0.01114435
      336     0.06170652    -0.01689204
      337    -0.06587694    -0.00024520
      338     0.05526986     0.03585433
      339    -0.02809002    -0.04928130
      340    -0.02824409     0.07322475
      341     0.06134067     0.00887896
      342    -0.03802867    -0.02985829
      343    -0.04489300     0.07691050
      344     0.05123581     0.06892455
      345     0.03942835    -0.01720756
      346    -0.04159243    -0.01539155
      347    -0.05668804     0.05747980
      348     0.00904474     0.09112294
      349     0.07001294     0.03905385
      350     0.05079844    -0.04245334
      351    -0.02963759    -0.05688226
      352    -0.06394729     0.01704284
      353     0.00901976     0.06551516
      354     0.06688948    -0.01055709
      355    -0.01964681    -0.06617200
      356    -0.05417721     0.03858555
      357     0.06234397     0.02403100
      358    -0.02483887    -0.06404094
      359    -0.01287212     0.06515943
      360     0.03180928    -0.05992256
      361    -0.03346033     0.05873492
      362     0.01522333    -0.06465534
      363     0.02428428     0.06482550
      364    -0.06543623    -0.01410895
      365     0.03570347    -0.05310378
      366     0.05772937     0.03879269
      367    -0.01596072     0.06853303
      368    -0.06414584     0.02192464
      369    -0.05708647    -0.03378892
      370    -0.01924481    -0.06335706
      371     0.02461220    -0.06184961
      372     0.05815334    -0.03317123
      373     0.06569649     0.01481958
      374     0.03217173     0.05990939
      375    -0.03326733     0.05968382
      376    -0.06664615    -0.00810294
      377    -0.00279548    -0.06566516
      378     0.06725829    -0.00078691
      379    -0.01001741     0.06795779
      380    -0.05909921    -0.03083753
      381     0.05596764    -0.03651872
      382    -0.00074884     0.06805123
      383    -0.05086462    -0.04319766
      384     0.06693790    -0.00136000
      385    -0.05277890     0.04475434
      386     0.02859944    -0.05862706
      387    -0.01023422     0.06628649
      388     0.00830525    -0.07055494
      389    -0.01370543     0.05958747
      390     0.02852517    -0.06769027
      391    -0.04578170     0.04398995
      392     0.05803404    -0.03686698
      393    -0.06669971     0.01092216
      394     0.06649954     0.00535651
      395    -0.06463768    -0.01903603
      396     0.06030958     0.03143926
      397    -0.05949566    -0.02868274
      398     0.06027846     0.03373027
      399    -0.06627822    -0.00959478
      400     0.04434015     0.05296624
      401    -0.01659392     0.01282468
      402     0.01846398     0.00070337
      403    -0.01835470     0.00279774
      404     0.01714034     0.01088759
      405    -0.01244623    -0.01051887
      406     0.00513169     0.02073211
      407     0.00451229    -0.01552826
      408    -0.01285442     0.01524529
      409     0.01840243    -0.00273636
      410    -0.01699712    -0.00595190
      411     0.01161818     0.01412678
      412    -0.00066601    -0.02082817
      413    -0.00780933     0.01244191
      414     0.01618559    -0.01608685
      415    -0.01784433    -0.00539722
      416     0.01827500    -0.00386220
      417    -0.01518873    -0.02026730
      418     0.01311409     0.00288106
      419    -0.01272536    -0.02358251
      420     0.01319189     0.00427540
      421    -0.01888633    -0.01044368
      422     0.01782662     0.00211112
      423    -0.01811247     0.00976716
      424     0.01485088    -0.00769401
      425    -0.00988131     0.01881918
      426     0.00557774    -0.01654726
      427     0.00108090     0.01865103
      428    -0.00603537    -0.01942155
      429     0.01259893     0.01099852
      430    -0.01635049    -0.01332020
      431     0.01917316    -0.00576511
      432    -0.01626125     0.00125523
      433     0.00955988    -0.02507991
      434     0.00214606     0.00925838
      435    -0.01332761    -0.02269418
      436     0.01844385    -0.00651951
      437    -0.01578150     0.00202937
      438     0.00644606    -0.02621231
      439     0.00538205     0.00855538
      440    -0.01329074    -0.02360976
      441     0.01768780    -0.00498982
      442    -0.01925651    -0.01003725
      443     0.01794977    -0.01138779
      444    -0.01913745    -0.00318771
      445     0.01804747    -0.00411716
      446    -0.01828469    -0.00937268
      447     0.00863308     0.01686421
      448     0.00273457    -0.01306753
      449    -0.02171326     0.01543108
      450     0.00347832     0.03557430
      451     0.00474665     0.02216444
      452    -0.02666724     0.03636019
      453    -0.04341817     0.08437908
      454    -0.02230793     0.12741115
      455     0.02925647     0.12478217
      456     0.00000000     0.00000000
      457    -0.03690742     0.03839167
      458     0.02368065     0.05755792
      459     0.03990744    -0.02675678
      460    -0.04625392    -0.01328881
      461     0.02121848     0.04635665
      462     0.00856357    -0.04799888
      463    -0.02742987     0.04184163
      464     0.03691308    -0.03329399
      465    -0.03914129     0.02949504
      466     0.03791750    -0.03410615
      467    -0.03031549     0.03602646
      468     0.01778047    -0.05087127
      469     0.00349626     0.04361268
      470    -0.02671929    -0.04916709
      471     0.04706513     0.00770901
      472    -0.04369883    -0.00325537
      473     0.02693514    -0.09707479
      474     0.00000000     0.00000000
      475    -0.01108632    -0.01013065
      476     0.00684831    -0.01587122
      477     0.00490262     0.00312768
      478    -0.01131418    -0.00933066
      479     0.00991852    -0.00700484
      480    -0.01099215     0.00484864
      481     0.00914745    -0.00158250
      482    -0.01199488     0.00645973
      483     0.00979469     0.01221454
      484    -0.00397622    -0.00365240
      485    -0.00377010     0.01616568
      486     0.01081555     0.00083019
      487    -0.00995708    -0.00065516
      488     0.00313104     0.01518202
      489     0.00451454    -0.00452940
      490    -0.01162930     0.01120581
      491     0.00894876     0.01479730
      492    -0.00585371     0.00340485
      493    -0.00583610     0.02760677
      494     0.00952427     0.01648235
      495    -0.01013117     0.01640285
      496     0.00315442     0.03243214
      497     0.00705398     0.00981222
      498    -0.00935068     0.01992496
      499     0.01197727     0.01592233
      500    -0.00826493     0.00411974
      501     0.00738722     0.01823441
      502    -0.00624995    -0.00054393
      503     0.00767069     0.01636085
      504    -0.00900930     0.00059280
      505     0.01179206     0.00627341
      506    -0.00926843     0.00634312
      507     0.00607886    -0.01191348
      508     0.00357085     0.00610555
      509    -0.00955184    -0.01196259
      510     0.01079766    -0.00900880
      511    -0.00638803     0.00405158
      512    -0.00212559    -0.01555935
      513     0.00842484     0.00367024
      514    -0.01123465    -0.00453833
      515     0.01028775    -0.00850149
      516    -0.00725172     0.00456377
      517     0.00481515    -0.01467993
      518    -0.00324915     0.00590005
      519     0.00438121    -0.01608667
      520    -0.00613996     0.00224692
      521     0.01136850    -0.01390830
      522    -0.00901235    -0.01569470
      523     0.00696490    -0.00731584
      524     0.00944026    -0.03203789
      525    -0.00940360    -0.03011216
      526     0.00101822    -0.01747928
      527     0.00905609    -0.03222481
      528    -0.00956588    -0.03260426
      529    -0.00466904    -0.01172942
      530     0.00997250    -0.02217853
      531    -0.00862526    -0.02611213
      532    -0.00276436    -0.00513083
      533     0.00916392    -0.02001238
      534    -0.01108920    -0.01692924
      535     0.00440361    -0.00214079
      536     0.00334109    -0.02217730
      537    -0.01013404    -0.00536906
      538     0.01041242    -0.00757921
      539    -0.00828828    -0.01626163
      540    -0.00048204     0.00624815
      541     0.00418124    -0.01087163
      542    -0.01207591     0.00785363
      543     0.00883754     0.01018657
      544    -0.01051446     0.00664097
      545     0.00183767     0.02929502
      546     0.00538443     0.00668929
      547    -0.00742247     0.02011349
      548     0.01131002     0.00905867
      549    -0.01033480     0.00763322
      550     0.01043143     0.01328512
      551    -0.00824815    -0.00016597
      552     0.00959157     0.01034813
      553    -0.00956361    -0.00211727
      554     0.01102843     0.00329004
      555    -0.01021503     0.00538907
      556     0.00541822    -0.00815335
      557     0.00419435     0.01154899
      558    -0.01099566     0.00114692
      559     0.00221216    -0.00909782
      560     0.01086639     0.00305488
      561     0.00268317     0.01252844
      562    -0.00702407     0.01023301
      563    -0.01079605     0.00318714
      564    -0.01010952    -0.00340534
      565    -0.00710363    -0.00845021
      566    -0.00207720    -0.01163238
      567     0.00520010    -0.01093768
      568     0.01100418    -0.00264531
      569     0.00421951     0.00905192
      570    -0.01072308     0.00192582
      571     0.00200650    -0.01131817
      572     0.00570429     0.01014298
      573    -0.01100465    -0.00095275
      574     0.01016208     0.00637439
      575    -0.01149089     0.01224486
      576     0.00985049     0.00713014
      577    -0.01040830     0.01576350
      578     0.01120786     0.01022095
      579    -0.01039730     0.00797082
      580     0.00748691     0.01869749
      581     0.00137645    -0.00180695
      582    -0.00868765     0.01347367
      583     0.01056451     0.01176274
      584     0.00490336    -0.00791420
      585    -0.00887867    -0.00198131
      586     0.00132903     0.00693697
      587     0.01186618    -0.00546145
      588     0.00086609    -0.01719492
      589    -0.01347971    -0.00663699
      590    -0.00835877     0.01164423
      591     0.00618356     0.01253443
      592     0.00380704     0.00198973
      593    -0.01073264     0.00820440
      594    -0.00493319     0.02552333
      595     0.01234373     0.01652268
      596     0.00052370    -0.00073143
      597    -0.00554328     0.01188768
      598     0.01466546    -0.00118295
      599    -0.00287478    -0.02134886
      600     0.00860654    -0.01631301
