#    Non-Adiabatic Coupling Matrix Elements: off-diagonal
         0    -0.00002269
         1    -0.00002248
         2    -0.00001966
         3    -0.00001481
         4    -0.00000892
         5    -0.00000318
         6     0.00000122
         7     0.00000327
         8     0.00000236
         9    -0.00000164
        10    -0.00000844
        11    -0.00104346
        12    -0.00075677
        13    -0.00074849
        14    -0.00078338
        15    -0.00082965
        16    -0.00087491
        17    -0.00091301
        18    -0.00094091
        19    -0.00095753
        20    -0.00096302
        21    -0.00095841
        22    -0.00094526
        23    -0.00092670
        24    -0.00090544
        25    -0.00088431
        26    -0.00086505
        27    -0.00084774
        28    -0.00083060
        29    -0.00081147
        30    -0.00078857
        31    -0.00076158
        32    -0.00073261
        33    -0.00070688
        34    -0.00069536
        35    -0.00072765
        36    -0.00093371
        37    -0.00263291
        38     0.03849110
        39     0.00144330
        40     0.00048741
        41     0.00022039
        42     0.00009130
        43     0.00002417
        44     0.00000099
        45     0.00001318
        46     0.00005427
        47     0.00011343
        48     0.00017895
        49     0.00024420
        50     0.00030435
        51     0.00036311
        52     0.00043568
        53     0.00055850
        54     0.00080771
        55     0.00132165
        56     0.00224614
        57     0.00359971
        58     0.00450513
        59     0.00277100
        60     0.00090717
        61    -0.00008133
        62    -0.00067226
        63    -0.00107057
        64    -0.00134307
        65    -0.00150131
        66    -0.00152065
        67    -0.00137426
        68    -0.00109239
        69    -0.00078798
        70    -0.00060344
        71    -0.00061119
        72    -0.00076905
        73    -0.00095639
        74    -0.00106451
        75    -0.00106465
        76    -0.00099933
        77    -0.00092362
        78    -0.00086506
        79    -0.00082430
        80    -0.00079559
        81    -0.00077869
        82    -0.00077089
        83    -0.00077191
        84    -0.00077652
        85    -0.00077613
        86    -0.00076071
        87    -0.00072187
        88    -0.00065598
        89    -0.00056495
        90    -0.00045572
        91    -0.00033972
        92    -0.00023280
        93    -0.00015499
        94    -0.00012645
        95    -0.00015937
        96    -0.00024977
        97    -0.00037620
        98    -0.00051116
        99    -0.00063756
       100    -0.00074401
       101    -0.00082841
       102    -0.00088449
       103    -0.00090571
       104    -0.00088874
       105    -0.00084347
       106    -0.00077919
       107    -0.00070845
       108    -0.00064270
       109    -0.00058761
       110    -0.00054756
       111    -0.00051946
       112    -0.00049117
       113    -0.00043863
       114    -0.00033855
       115    -0.00017502
       116     0.00006055
       117     0.00038914
       118     0.00088038
       119     0.00171581
       120     0.00332610
       121     0.00657254
       122     0.01137907
       123     0.01161930
       124     0.00724343
       125     0.00428631
       126     0.00286850
       127     0.00215998
       128     0.00172720
       129     0.00139413
       130     0.00107530
       131     0.00072307
       132     0.00034625
       133    -0.00000500
       134    -0.00028664
       135    -0.00047970
       136    -0.00058598
       137    -0.00063327
       138    -0.00066249
       139    -0.00069411
       140    -0.00071544
       141    -0.00069717
       142    -0.00062345
       143    -0.00050868
       144    -0.00038570
       145    -0.00028308
       146    -0.00021385
       147    -0.00017735
       148    -0.00016708
       149    -0.00017652
       150    -0.00020558
       151    -0.00024999
       152    -0.00030910
       153    -0.00037848
       154    -0.00044781
       155    -0.00050785
       156    -0.00058363
       157    -0.00079353
       158    -0.00143193
       159    -0.00322803
       160    -0.00809633
       161    -0.01659724
       162    -0.01228004
       163    -0.00368401
       164    -0.00133087
       165    -0.00015177
       166     0.00051809
       167     0.00093267
       168     0.00120016
       169     0.00137172
       170     0.00147134
       171     0.00150729
       172     0.00147785
       173     0.00137900
       174     0.00121505
       175     0.00101317
       176     0.00083266
       177     0.00077067
       178     0.00099804
       179     0.00199355
       180     0.00649559
       181     0.04334555
       182     0.01111684
       183     0.00217292
       184    -0.00032189
       185    -0.00139050
       186    -0.00209741
       187    -0.00271520
       188    -0.00349519
       189    -0.00564148
       190    -0.00804299
       191    -0.00165985
       192    -0.00061926
       193    -0.00031646
       194    -0.00027244
       195    -0.00033325
       196    -0.00046932
       197    -0.00079657
       198    -0.00189848
       199    -0.01687225
       200    -0.00442229
       201    -0.00250220
       202    -0.00191036
       203    -0.00155555
       204    -0.00117584
       205    -0.00065165
       206     0.00005488
       207     0.00100088
       208     0.00251998
       209     0.00583413
       210     0.01408506
       211     0.01826318
       212     0.01124268
       213     0.00495315
       214     0.00230520
       215     0.00109449
       216     0.00045751
       217     0.00008728
       218    -0.00014376
       219    -0.00029555
       220    -0.00040397
       221    -0.00049127
       222    -0.00057227
       223    -0.00066944
       224    -0.00084402
       225    -0.00123815
       226    -0.00213549
       227    -0.00409843
       228    -0.00799493
       229    -0.01221713
       230    -0.00990486
       231    -0.00523987
       232    -0.00257511
       233    -0.00126109
       234    -0.00055527
       235    -0.00008390
       236     0.00035377
       237     0.00090297
       238     0.00171844
       239     0.00302888
       240     0.00516672
       241     0.00817466
       242     0.01025457
       243     0.00909997
       244     0.00789880
       245     0.00378379
       246     0.00180751
       247     0.00074623
       248     0.00006347
       249    -0.00046818
       250    -0.00095013
       251    -0.00141915
       252    -0.00187583
       253    -0.00229604
       254    -0.00264327
       255    -0.00285927
       256    -0.00287874
       257    -0.00267542
       258    -0.00231215
       259    -0.00192580
       260    -0.00165803
       261    -0.00162125
       262    -0.00189017
       263    -0.00240904
       264    -0.00274619
       265    -0.00238381
       266    -0.00160893
       267    -0.00096844
       268    -0.00064343
       269    -0.00060833
       270    -0.00079094
       271    -0.00111696
       272    -0.00151055
       273    -0.00189134
       274    -0.00219004
       275    -0.00237942
       276    -0.00248613
       277    -0.00255549
       278    -0.00261188
       279    -0.00265699
       280    -0.00267981
       281    -0.00266668
       282    -0.00260685
       283    -0.00249652
       284    -0.00233541
       285    -0.00212231
       286    -0.00185195
       287    -0.00151528
       288    -0.00110677
       289    -0.00062730
       290    -0.00009687
       291     0.00047738
       292     0.00112599
       293     0.00188828
       294     0.00271546
       295     0.00254540
       296     0.00485368
       297     0.00451014
       298     0.00388171
       299     0.00326338
       300     0.00275573
       301     0.00234393
       302     0.00199112
       303     0.00166824
       304     0.00136345
       305     0.00107683
       306     0.00081185
       307     0.00057140
       308     0.00035578
       309     0.00016724
       310     0.00001396
       311    -0.00008220
       312    -0.00007824
       313     0.00008727
       314     0.00046119
       315     0.00099195
       316     0.00141702
       317     0.00141249
       318     0.00109774
       319     0.00078889
       320     0.00058286
       321     0.00045718
       322     0.00037016
       323     0.00029017
       324     0.00020034
       325     0.00009365
       326    -0.00002420
       327    -0.00011595
       328    -0.00008553
       329     0.00019756
       330     0.00090861
       331     0.00323458
       332     0.00652216
       333     0.00262041
       334     0.00153038
       335     0.00085836
       336     0.00030652
       337    -0.00020441
       338    -0.00069020
       339    -0.00114422
       340    -0.00156155
       341    -0.00194276
       342    -0.00225955
       343    -0.00243467
       344    -0.00243438
       345    -0.00231172
       346    -0.00209741
       347    -0.00177714
       348    -0.00136471
       349    -0.00092288
       350    -0.00052658
       351    -0.00022528
       352    -0.00002969
       353     0.00007806
       354     0.00012785
       355     0.00014785
       356     0.00015686
       357     0.00016185
       358     0.00015910
       359     0.00013809
       360     0.00008630
       361    -0.00000864
       362    -0.00016135
       363    -0.00038451
       364    -0.00066275
       365    -0.00090328
       366    -0.00096217
       367    -0.00081718
       368    -0.00059543
       369    -0.00040443
       370    -0.00027249
       371    -0.00018874
       372    -0.00014772
       373    -0.00016261
       374    -0.00022702
       375    -0.00030000
       376    -0.00035040
       377    -0.00036959
       378    -0.00035616
       379    -0.00031254
       380    -0.00024927
       381    -0.00018559
       382    -0.00014939
       383    -0.00017897
       384    -0.00031004
       385    -0.00048664
       386    -0.00043672
       387     0.00001807
       388     0.00056347
       389     0.00089114
       390     0.00094603
       391     0.00079951
       392     0.00055459
       393     0.00028943
       394     0.00004677
       395    -0.00016138
       396    -0.00034353
       397    -0.00052840
       398    -0.00077999
       399    -0.00134213
       400    -0.00875619
       401    -0.00090795
       402    -0.00064871
       403    -0.00053192
       404    -0.00046249
       405    -0.00041175
       406    -0.00036612
       407    -0.00031712
       408    -0.00025557
       409    -0.00017144
       410    -0.00005551
       411     0.00009819
       412     0.00028974
       413     0.00051222
       414     0.00075192
       415     0.00099041
       416     0.00120713
       417     0.00138164
       418     0.00149407
       419     0.00150995
       420     0.00128752
       421     0.00050992
       422    -0.00025081
       423    -0.00063240
       424    -0.00068063
       425    -0.00051673
       426    -0.00025852
       427     0.00002316
       428     0.00029931
       429     0.00056505
       430     0.00082461
       431     0.00108302
       432     0.00134118
       433     0.00158163
       434     0.00173814
       435     0.00172297
       436     0.00158714
       437     0.00150087
       438     0.00155170
       439     0.00171615
       440     0.00188227
       441     0.00187466
       442     0.00163414
       443     0.00128739
       444     0.00093767
       445     0.00059838
       446     0.00024672
       447    -0.00013970
       448    -0.00057863
       449    -0.00110541
       450    -0.00178367
       451    -0.00269925
       452    -0.00388156
       453    -0.00508594
       454    -0.00561561
       455    -0.00493243
       456    -0.00350249
       457    -0.00213017
       458    -0.00116177
       459    -0.00058930
       460    -0.00029697
       461    -0.00016935
       462    -0.00011674
       463    -0.00007839
       464    -0.00001438
       465     0.00009664
       466     0.00026349
       467     0.00048343
       468     0.00074474
       469     0.00103632
       470     0.00137975
       471     0.00191449
       472     0.00354558
       473     0.00953923
       474     0.00223251
       475     0.00149058
       476     0.00140816
       477     0.00142969
       478     0.00118351
       479     0.00065726
       480     0.00006804
       481    -0.00042798
       482    -0.00073726
       483    -0.00083260
       484    -0.00077060
       485    -0.00065003
       486    -0.00054611
       487    -0.00049374
       488    -0.00051551
       489    -0.00063782
       490    -0.00087254
       491    -0.00120151
       492    -0.00157681
       493    -0.00194155
       494    -0.00223525
       495    -0.00239969
       496    -0.00239856
       497    -0.00224085
       498    -0.00198521
       499    -0.00171196
       500    -0.00149530
       501    -0.00137291
       502    -0.00132773
       503    -0.00128006
       504    -0.00114063
       505    -0.00084193
       506    -0.00032046
       507     0.00035530
       508     0.00091724
       509     0.00119777
       510     0.00120458
       511     0.00103002
       512     0.00082029
       513     0.00068050
       514     0.00063161
       515     0.00064303
       516     0.00067768
       517     0.00071492
       518     0.00074950
       519     0.00080464
       520     0.00092111
       521     0.00113863
       522     0.00146762
       523     0.00186646
       524     0.00224624
       525     0.00250438
       526     0.00259536
       527     0.00253657
       528     0.00239016
       529     0.00221794
       530     0.00205224
       531     0.00189718
       532     0.00174958
       533     0.00161261
       534     0.00149617
       535     0.00140656
       536     0.00133987
       537     0.00126846
       538     0.00114724
       539     0.00092981
       540     0.00059557
       541     0.00015049
       542    -0.00039635
       543    -0.00104866
       544    -0.00175494
       545    -0.00222907
       546    -0.00210936
       547    -0.00170915
       548    -0.00145606
       549    -0.00133548
       550    -0.00117638
       551    -0.00091855
       552    -0.00064211
       553    -0.00043315
       554    -0.00031536
       555    -0.00026825
       556    -0.00026468
       557    -0.00028364
       558    -0.00031909
       559    -0.00036986
       560    -0.00043008
       561    -0.00048058
       562    -0.00048613
       563    -0.00040572
       564    -0.00022251
       565     0.00001888
       566     0.00021804
       567     0.00030505
       568     0.00030665
       569     0.00028037
       570     0.00023064
       571     0.00009862
       572    -0.00017645
       573    -0.00059493
       574    -0.00108347
       575    -0.00151441
       576    -0.00175084
       577    -0.00174645
       578    -0.00159355
       579    -0.00140228
       580    -0.00120976
       581    -0.00100738
       582    -0.00077704
       583    -0.00050979
       584    -0.00021564
       585     0.00007158
       586     0.00029671
       587     0.00040243
       588     0.00035780
       589     0.00017223
       590    -0.00011508
       591    -0.00045460
       592    -0.00079613
       593    -0.00108566
       594    -0.00125905
       595    -0.00124778
       596    -0.00100076
       597    -0.00049128
       598     0.00032971
       599     0.00161153
       600     0.00358378
