#    Step        Prob(0)        Prob(1)        Prob(2)        
        0    -0.00000000    -0.00000000     0.00000000
        1     0.00000002     0.00000461     0.00000000
        2     0.00000002     0.00001042     0.00000000
        3     0.00000007     0.00000897     0.00000000
        4     0.00000003     0.00000125     0.00000000
        5     0.00000012     0.00000000     0.00000000
        6     0.00000004     0.00000000     0.00000000
        7     0.00000014     0.00001105     0.00000000
        8     0.00000003     0.00007128     0.00000000
        9     0.00000015     0.00027968     0.00000000
       10     0.00000001     0.00149596     0.00000000
       11     0.00000010     0.03066134     0.00000000
       12     0.00000012     0.11268790     0.00000000
       13     0.00000139     0.00000000     0.99999861
       14     0.00000000     0.00000000     0.00000000
       15     0.00000155     0.00000000     0.00000000
       16     0.00000024     0.00054828     0.00000000
       17     0.00000000     0.00063081     0.00000000
       18     0.00000314     0.00038655     0.00000000
       19     0.00000000     0.00006831     0.00000000
       20     0.00000044     0.00000000     0.00000000
       21     0.00000193     0.00000000     0.00000000
       22     0.00000000     0.00000000     0.00000000
       23     0.00000193     0.00000000     0.00000000
       24     0.00000069     0.00000000     0.00000000
       25     0.00000000     0.00009622     0.00000000
       26     0.00000220     0.00045341     0.00000000
       27     0.00000019     0.00089818     0.00000000
       28     0.00000000     0.00144530     0.00000000
       29     0.00000191     0.00213039     0.00000000
       30     0.00000035     0.00302428     0.00000000
       31     0.00000000     0.00425980     0.00000000
       32     0.00000129     0.00609210     0.00000000
       33     0.00000089     0.00904969     0.00000000
       34     0.00000000     0.01435100     0.00000000
       35     0.00000037     0.02537508     0.00000000
       36     0.00000144     0.05379489     0.00000000
       37     0.00000000     0.00000000     0.00000000
       38     0.00000000     0.00000000     0.00000000
       39     0.00000123     0.00000000     0.00000000
       40     0.00000000     0.00000000     0.00000000
       41     0.00000000     0.00000000     0.00000000
       42     0.00000054     0.00000000     0.00000000
       43     0.00000075     0.00000000     0.00000000
       44     0.00000000     0.00000000     0.00000000
       45     0.00000041     0.00000000     0.00041258
       46     0.00000000     0.00000000     0.00055721
       47     0.00000000     0.00000000     0.00059868
       48     0.00000026     0.00000000     0.00059779
       49     0.00000026     0.00000000     0.00057783
       50     0.00000000     0.00000000     0.00054772
       51     0.00000000     0.00000000     0.00051045
       52     0.00000038     0.00000000     0.00046709
       53     0.00000011     0.00000000     0.00041768
       54     0.00000000     0.00000000     0.00036264
       55     0.00000003     0.00000000     0.00030286
       56     0.00000046     0.00000000     0.00023962
       57     0.00000000     0.00000000     0.00017498
       58     0.00000000     0.00000000     0.00011169
       59     0.00000019     0.00000000     0.00005274
       60     0.00000053     0.00000000     0.00000119
       61     0.00000000     0.00000000     0.00000000
       62     0.00000000     0.00000000     0.00000000
       63     0.00000032     0.00000000     0.00000000
       64     0.00000060     0.00000000     0.00000000
       65     0.00000000     0.00000000     0.00000000
       66     0.00000000     0.00000000     0.00000000
       67     0.00000035     0.00000000     0.00000000
       68     0.00000066     0.00000000     0.00000000
       69     0.00000000     0.00000000     0.00000000
       70     0.00000000     0.00000000     0.00000000
       71     0.00000025     0.00000000     0.00000000
       72     0.00000072     0.00000000     0.00000000
       73     0.00000000     0.00000000     0.00000000
       74     0.00000000     0.00000000     0.00000444
       75     0.00000008     0.00000000     0.00003606
       76     0.00000096     0.00000000     0.00009421
       77     0.00000000     0.00000000     0.00018071
       78     0.00000000     0.00000000     0.00029041
       79     0.00000000     0.00000000     0.00040958
       80     0.00000151     0.00000000     0.00051599
       81     0.00000086     0.00000000     0.00058119
       82     0.00000000     0.00000000     0.00057527
       83     0.00000000     0.00000000     0.00047296
       84     0.00000198     0.00000000     0.00026146
       85     0.00000215     0.00000000     0.00000000
       86     0.00000010     0.00000000     0.00000000
       87     0.00000000     0.00000000     0.00000000
       88     0.00000111     0.00000000     0.00000000
       89     0.00000244     0.00000000     0.00000000
       90     0.00000075     0.00000000     0.00000000
       91     0.00000000     0.00000000     0.00000000
       92     0.00000000     0.00000000     0.00000000
       93     0.00000126     0.00000000     0.00003477
       94     0.00000186     0.00000000     0.00075664
       95     0.00000000     0.00000000     0.00138166
       96     0.00000000     0.00000000     0.00175086
       97     0.00000036     0.00000000     0.00174190
       98     0.00000337     0.00000000     0.00131207
       99     0.00000359     0.00000000     0.00052803
      100     0.00000100     0.00000000     0.00000000
      101     0.00000000     0.00000000     0.00000000
      102     0.00000053     0.00000000     0.00000000
      103     0.00000266     0.00000000     0.00000000
      104     0.00000227     0.00000000     0.00000000
      105     0.00000000     0.00000000     0.00000000
      106     0.00000000     0.00000000     0.00085590
      107     0.00000000     0.00000000     0.00164642
      108     0.00000311     0.00000000     0.00180189
      109     0.00000512     0.00000000     0.00120681
      110     0.00000354     0.00000000     0.00005965
      111     0.00000048     0.00000000     0.00000000
      112     0.00000000     0.00000000     0.00000000
      113     0.00000127     0.00000000     0.00000000
      114     0.00000384     0.00000000     0.00000000
      115     0.00000437     0.00000000     0.00086778
      116     0.00000265     0.00000000     0.00185808
      117     0.00000110     0.00000000     0.00174935
      118     0.00000213     0.00000000     0.00050591
      119     0.00000552     0.00000000     0.00000000
      120     0.00000870     0.00000000     0.00000000
