#     Density Matrix: population Re; see the manual for detail orders
        0     0.00000000     1.00000000
        1     0.00000000     1.00000000
        2     0.00000000     1.00000000
        3     0.00000000     1.00000000
        4     0.00000000     1.00000000
        5     0.00000000     1.00000000
        6     0.00000000     1.00000000
        7     0.00000000     1.00000000
        8     0.00000000     1.00000000
        9     0.00000000     1.00000000
       10     0.00000000     1.00000000
       11     0.00000000     1.00000000
       12     0.00000000     1.00000000
       13     0.00000000     1.00000000
       14     0.00000000     1.00000000
       15     0.00000000     1.00000000
       16     0.00000000     1.00000000
       17     0.00000000     1.00000000
       18     0.00000000     1.00000000
       19     0.00000000     1.00000000
       20     0.00000001     0.99999999
       21     0.00000001     0.99999999
       22     0.00000001     0.99999999
       23     0.00001334     0.99998666
       24     0.00002493     0.99997507
       25     0.00000136     0.99999864
       26     0.00003363     0.99996637
       27     0.00000561     0.99999439
       28     0.00002112     0.99997888
       29     0.00003405     0.99996595
       30     0.00000063     0.99999937
       31     0.00003917     0.99996083
       32     0.00002701     0.99997299
       33     0.00000340     0.99999660
       34     0.00004393     0.99995607
       35     0.00002603     0.99997397
       36     0.00000242     0.99999758
       37     0.00003912     0.99996088
       38     0.00003247     0.99996753
       39     0.00000073     0.99999927
       40     0.00002511     0.99997489
       41     0.00004019     0.99995981
       42     0.00000866     0.99999134
       43     0.00000623     0.99999377
       44     0.00003480     0.99996520
       45     0.00002697     0.99997303
       46     0.00000124     0.99999876
       47     0.00001221     0.99998779
       48     0.00003270     0.99996730
       49     0.00001921     0.99998079
       50     0.00000039     0.99999961
       51     0.00001212     0.99998788
       52     0.00002820     0.99997180
       53     0.00001732     0.99998268
       54     0.00000116     0.99999884
       55     0.00000855     0.99999145
       56     0.00002347     0.99997653
       57     0.00001860     0.99998140
       58     0.00000359     0.99999641
       59     0.00000427     0.99999573
       60     0.00001767     0.99998233
       61     0.00002028     0.99997972
       62     0.00000844     0.99999156
       63     0.00000198     0.99999802
       64     0.00001038     0.99998962
       65     0.00001911     0.99998089
       66     0.00001453     0.99998547
       67     0.00000444     0.99999556
       68     0.00000412     0.99999588
       69     0.00001301     0.99998699
       70     0.00001726     0.99998274
       71     0.00001110     0.99998890
       72     0.00000402     0.99999598
       73     0.00000563     0.99999437
       74     0.00001252     0.99998748
       75     0.00001474     0.99998526
       76     0.00000999     0.99999001
       77     0.00000530     0.99999470
       78     0.00000621     0.99999379
       79     0.00001017     0.99998983
       80     0.00001167     0.99998833
       81     0.00000983     0.99999017
       82     0.00000794     0.99999206
       83     0.00000779     0.99999221
       84     0.00000802     0.99999198
       85     0.00000769     0.99999231
       86     0.00000831     0.99999169
       87     0.00001070     0.99998930
       88     0.00001236     0.99998764
       89     0.00001020     0.99998980
       90     0.00000560     0.99999440
       91     0.00000412     0.99999588
       92     0.00000895     0.99999105
       93     0.00001617     0.99998383
       94     0.00001816     0.99998184
       95     0.00001216     0.99998784
       96     0.00000393     0.99999607
       97     0.00000215     0.99999785
       98     0.00000943     0.99999057
       99     0.00001942     0.99998058
      100     0.00002297     0.99997703
      101     0.00001683     0.99998317
      102     0.00000651     0.99999349
      103     0.00000102     0.99999898
      104     0.00000497     0.99999503
      105     0.00001495     0.99998505
      106     0.00002295     0.99997705
      107     0.00002292     0.99997708
      108     0.00001523     0.99998477
      109     0.00000572     0.99999428
      110     0.00000106     0.99999894
      111     0.00000414     0.99999586
      112     0.00001262     0.99998738
      113     0.00002099     0.99997901
      114     0.00002419     0.99997581
      115     0.00002055     0.99997945
      116     0.00001230     0.99998770
      117     0.00000408     0.99999592
      118     0.00000047     0.99999953
      119     0.00000385     0.99999615
      120     0.00001347     0.99998653
      121     0.00002590     0.99997410
      122     0.00003651     0.99996349
      123     0.00004133     0.99995867
      124     0.00003866     0.99996134
      125     0.00002982     0.99997018
      126     0.00001904     0.99998096
      127     0.00001253     0.99998747
      128     0.00001708     0.99998292
      129     0.00003867     0.99996133
      130     0.00008168     0.99991832
      131     0.00014868     0.99985132
      132     0.00024136     0.99975864
      133     0.00036232     0.99963768
      134     0.00051798     0.99948202
      135     0.00072272     0.99927728
      136     0.00100529     0.99899471
      137     0.00141874     0.99858126
      138     0.00205683     0.99794317
      139     0.00308212     0.99691788
      140     0.00477468     0.99522532
      141     0.00761579     0.99238421
      142     0.01242661     0.98757339
      143     0.02057574     0.97942426
      144     0.03422276     0.96577724
      145     0.05639991     0.94360009
      146     0.09040518     0.90959482
      147     0.15314472     0.84685528
      148     0.24331098     0.75668902
      149     0.32232243     0.67767757
      150     0.37958765     0.62041235
      151     0.41928407     0.58071593
      152     0.45028251     0.54971749
      153     0.48179476     0.51820524
      154     0.52249937     0.47750063
      155     0.58029789     0.41970211
      156     0.66286352     0.33713648
      157     0.73744395     0.26255605
      158     0.79870247     0.20129753
      159     0.84628629     0.15371371
      160     0.88223955     0.11776045
      161     0.90902127     0.09097873
      162     0.92875069     0.07124931
      163     0.94314188     0.05685812
      164     0.95364302     0.04635698
      165     0.96152862     0.03847138
      166     0.96785209     0.03214791
      167     0.97328753     0.02671247
      168     0.97801186     0.02198814
      169     0.98178673     0.01821327
      170     0.98429283     0.01570717
      171     0.98559730     0.01440270
      172     0.98639831     0.01360169
      173     0.98763842     0.01236158
      174     0.98966421     0.01033579
      175     1.00000000     0.00000000
      176     0.99996302     0.00003698
      177     0.99989152     0.00010848
      178     0.99987611     0.00012389
      179     0.99994414     0.00005586
      180     0.99999949     0.00000051
      181     0.99994893     0.00005107
      182     0.99986479     0.00013521
      183     0.99989223     0.00010777
      184     0.99998743     0.00001257
      185     0.99996332     0.00003668
      186     0.99985209     0.00014791
      187     0.99988119     0.00011881
      188     0.99999159     0.00000841
      189     0.99991736     0.00008264
      190     0.99980538     0.00019462
      191     0.99992355     0.00007645
      192     0.99996165     0.00003835
      193     0.99976980     0.00023020
      194     0.99983248     0.00016752
      195     0.99996224     0.00003776
      196     0.99975434     0.00024566
      197     0.99981066     0.00018934
      198     0.99997742     0.00002258
      199     0.99982239     0.00017761
      200     0.99991109     0.00008891
      201     0.99998555     0.00001445
      202     0.99988749     0.00011251
      203     0.99997894     0.00002106
      204     0.99996119     0.00003881
      205     0.99993517     0.00006483
      206     0.99999135     0.00000865
      207     0.99994418     0.00005582
      208     0.99997226     0.00002774
      209     0.99997211     0.00002789
      210     0.99995416     0.00004584
      211     0.99998224     0.00001776
      212     0.99995631     0.00004369
      213     0.99997443     0.00002557
      214     0.99996823     0.00003177
      215     0.99996407     0.00003593
      216     0.99997611     0.00002389
      217     0.99996091     0.00003909
      218     0.99997566     0.00002434
      219     0.99996474     0.00003526
      220     0.99997043     0.00002957
      221     0.99997046     0.00002954
      222     0.99996574     0.00003426
      223     0.99997370     0.00002630
      224     0.99996453     0.00003547
      225     0.99997319     0.00002681
      226     0.99996658     0.00003342
      227     0.99997030     0.00002970
      228     0.99996982     0.00003018
      229     0.99996738     0.00003262
      230     0.99997208     0.00002792
      231     0.99996615     0.00003385
      232     0.99997225     0.00002775
      233     0.99996703     0.00003297
      234     0.99997061     0.00002939
      235     0.99996915     0.00003085
      236     0.99996843     0.00003157
      237     0.99997107     0.00002893
      238     0.99996710     0.00003290
      239     0.99997167     0.00002833
      240     0.99996731     0.00003269
      241     0.99997076     0.00002924
      242     0.99996875     0.00003125
      243     0.99996908     0.00003092
      244     0.99997039     0.00002961
      245     0.99996778     0.00003222
      246     0.99997115     0.00002885
      247     0.99996767     0.00003233
      248     0.99997066     0.00002934
      249     0.99996866     0.00003134
      250     0.99996940     0.00003060
      251     0.99996994     0.00003006
      252     0.99996834     0.00003166
      253     0.99997061     0.00002939
      254     0.99996817     0.00003183
      255     0.99997031     0.00002969
      256     0.99996883     0.00003117
      257     0.99996948     0.00003052
      258     0.99996966     0.00003034
      259     0.99996885     0.00003115
      260     0.99996999     0.00003001
      261     0.99996885     0.00003115
      262     0.99996973     0.00003027
      263     0.99996924     0.00003076
      264     0.99996937     0.00003063
      265     0.99996944     0.00003056
      266     0.99996940     0.00003060
      267     0.99996920     0.00003080
      268     0.99996976     0.00003024
      269     0.99996888     0.00003112
      270     0.99996985     0.00003015
      271     0.99996914     0.00003086
      272     0.99996920     0.00003080
      273     0.99997009     0.00002991
      274     0.99996814     0.00003186
      275     0.99997094     0.00002906
      276     0.99996777     0.00003223
      277     0.99997056     0.00002944
      278     0.99996892     0.00003108
      279     0.99996873     0.00003127
      280     0.99997103     0.00002897
      281     0.99996677     0.00003323
      282     0.99997225     0.00002775
      283     0.99996666     0.00003334
      284     0.99997096     0.00002904
      285     0.99996914     0.00003086
      286     0.99996763     0.00003237
      287     0.99997249     0.00002751
      288     0.99996503     0.00003497
      289     0.99997344     0.00002656
      290     0.99996609     0.00003391
      291     0.99997023     0.00002977
      292     0.99997074     0.00002926
      293     0.99996505     0.00003495
      294     0.99997485     0.00002515
      295     0.99996315     0.00003685
      296     0.99997340     0.00002660
      297     0.99996774     0.00003226
      298     0.99996629     0.00003371
      299     0.99997512     0.00002488
      300     0.99996066     0.00003934
