#    Non-Adiabatic Coupling Matrix Elements: off-diagonal
         0    -0.00003481
         1    -0.00003393
         2    -0.00003270
         3    -0.00003116
         4    -0.00002949
         5    -0.00002762
         6    -0.00002573
         7    -0.00002392
         8    -0.00002228
         9    -0.00002089
        10    -0.00001983
        11    -0.00001913
        12    -0.00001883
        13     0.01135323
        14     0.00122531
        15     0.00095290
        16     0.00087866
        17     0.00085734
        18     0.00085599
        19     0.00086194
        20     0.00086951
        21     0.00087600
        22     0.00088030
        23     0.00088198
        24     0.00088135
        25     0.00087857
        26     0.00087394
        27     0.00086763
        28     0.00085973
        29     0.00085011
        30     0.00083907
        31     0.00082643
        32     0.00081232
        33     0.00079660
        34     0.00077948
        35     0.00076108
        36     0.00074155
        37     0.00072109
        38     0.00069990
        39     0.00067821
        40     0.00065623
        41     0.00063419
        42     0.00061229
        43     0.00059072
        44     0.00056963
        45     0.00054915
        46     0.00052938
        47     0.00051037
        48     0.00049216
        49     0.00047476
        50     0.00045816
        51     0.00044233
        52     0.00042722
        53     0.00041282
        54     0.00039906
        55     0.00038681
        56     0.00037425
        57     0.00036220
        58     0.00035065
        59     0.00033957
        60     0.00032894
        61     0.00031874
        62     0.00030896
        63     0.00029959
        64     0.00029061
        65     0.00028201
        66     0.00027379
        67     0.00026592
        68     0.00025842
        69     0.00025125
        70     0.00024442
        71     0.00023789
        72     0.00023165
        73     0.00022566
        74     0.00021987
        75     0.00021419
        76     0.00020852
        77     0.00020273
        78     0.00019663
        79     0.00018999
        80     0.00018248
        81     0.00017369
        82     0.00016306
        83     0.00014985
        84     0.00013306
        85     0.00011129
        86     0.00008258
        87     0.00004402
        88    -0.00000876
        89    -0.00008263
        90    -0.00018901
        91    -0.00034797
        92    -0.00059750
        93    -0.00101680
        94    -0.00179374
        95    -0.00346407
        96    -0.00804750
        97    -0.02700200
        98    -0.06953088
        99    -0.01872252
       100    -0.00593639
       101    -0.00255124
       102    -0.00123299
       103    -0.00058997
       104    -0.00022740
       105    -0.00000076
       106     0.00015263
       107     0.00026342
       108     0.00034799
       109     0.00041577
       110     0.00047247
       111     0.00052170
       112     0.00056588
       113     0.00060665
       114     0.00064518
       115     0.00068270
       116     0.00071912
       117     0.00075529
       118     0.00079164
       119     0.00082852
       120     0.00086628
       121     0.00090527
       122     0.00094584
       123     0.00098839
       124     0.00103305
       125     0.00108113
       126     0.00113319
       127     0.00119027
       128     0.00125350
       129     0.00132522
       130     0.00140709
       131     0.00150226
       132     0.00161463
       133     0.00174912
       134     0.00191174
       135     0.00210872
       136     0.00234328
       137     0.00260646
       138     0.00285749
       139     0.00300350
       140     0.00293431
       141     0.00263671
       142     0.00222504
       143     0.00181997
       144     0.00147676
       145     0.00120331
       146     0.00098985
       147     0.00082347
       148     0.00069297
       149     0.00058963
       150     0.00050691
       151     0.00044000
       152     0.00038531
       153     0.00034016
       154     0.00030254
       155     0.00027091
       156     0.00024411
       157     0.00022121
       158     0.00020135
       159     0.00018433
       160     0.00016952
       161     0.00015657
       162     0.00014520
       163     0.00013518
       164     0.00012632
       165     0.00011847
       166     0.00011149
       167     0.00010528
       168     0.00009973
       169     0.00009494
       170     0.00009041
       171     0.00008639
       172     0.00008270
       173     0.00007913
       174     0.00007600
       175     0.00007306
       176     0.00007028
       177     0.00006761
       178     0.00006501
       179     0.00006244
       180     0.00005988
       181     0.00005729
       182     0.00005466
       183     0.00005195
       184     0.00004916
       185     0.00004627
       186     0.00004327
       187     0.00004015
       188     0.00003691
       189     0.00003356
       190     0.00003010
       191     0.00002653
       192     0.00002287
       193     0.00001912
       194     0.00001529
       195     0.00001142
       196     0.00000750
       197     0.00000356
       198    -0.00000038
       199    -0.00000431
       200    -0.00000821
       201    -0.00001206
       202    -0.00001584
       203    -0.00001955
       204    -0.00002316
       205    -0.00002666
       206    -0.00003005
       207    -0.00003332
       208    -0.00003645
       209    -0.00003946
       210    -0.00004233
       211    -0.00004507
       212    -0.00004768
       213    -0.00005017
       214    -0.00005254
       215    -0.00005481
       216    -0.00005699
       217    -0.00005909
       218    -0.00006113
       219    -0.00006311
       220    -0.00006507
       221    -0.00006702
       222    -0.00006896
       223    -0.00007093
       224    -0.00007307
       225    -0.00007513
       226    -0.00007727
       227    -0.00007949
       228    -0.00008182
       229    -0.00008410
       230    -0.00008667
       231    -0.00008940
       232    -0.00009230
       233    -0.00009539
       234    -0.00009869
       235    -0.00010219
       236    -0.00010593
       237    -0.00010990
       238    -0.00011412
       239    -0.00011857
       240    -0.00012324
       241    -0.00012811
       242    -0.00013315
       243    -0.00013830
       244    -0.00014368
       245    -0.00014880
       246    -0.00015372
       247    -0.00015828
       248    -0.00016231
       249    -0.00016557
       250    -0.00016782
       251    -0.00016879
       252    -0.00016817
       253    -0.00016566
       254    -0.00016094
       255    -0.00015377
       256    -0.00014392
       257    -0.00013124
       258    -0.00011569
       259    -0.00009735
       260    -0.00007644
       261    -0.00005333
       262    -0.00002853
       263    -0.00000265
       264     0.00002361
       265     0.00004954
       266     0.00007444
       267     0.00009769
       268     0.00011876
       269     0.00013728
       270     0.00015303
       271     0.00016592
       272     0.00017600
       273     0.00018343
       274     0.00018845
       275     0.00019137
       276     0.00019251
       277     0.00019193
       278     0.00019054
       279     0.00018837
       280     0.00018570
       281     0.00018280
       282     0.00017987
       283     0.00017710
       284     0.00017461
       285     0.00017252
       286     0.00017090
       287     0.00016978
       288     0.00016919
       289     0.00016911
       290     0.00016956
       291     0.00017076
       292     0.00017202
       293     0.00017322
       294     0.00017521
       295     0.00017717
       296     0.00017916
       297     0.00018109
       298     0.00018286
       299     0.00018434
       300     0.00018540
