#    Non-Adiabatic Coupling Matrix Elements: off-diagonal
         0     0.00000000     0.00000000     0.00000000
         1     0.00000265     0.00007863    -0.00005730
         2    -0.00000447     0.00010524    -0.00011224
         3    -0.00001133     0.00013384    -0.00016352
         4    -0.00001762     0.00016392    -0.00021447
         5    -0.00002300     0.00019413    -0.00026986
         6    -0.00002713     0.00022252    -0.00033702
         7    -0.00002970     0.00024706    -0.00042735
         8    -0.00003051     0.00026611    -0.00055970
         9    -0.00002950     0.00027871    -0.00076834
        10    -0.00002677     0.00028461    -0.00112367
        11    -0.00002252     0.00028433    -0.00179502
        12    -0.00001679     0.00027893    -0.00328931
        13    -0.00000835     0.00026995    -0.00778267
        14     0.00001774     0.00025719    -0.03572536
        15    -0.00007531     0.00022242     0.09817082
        16     0.00001996     0.00023312    -0.02925208
        17     0.00000849     0.00022504    -0.00711992
        18     0.00000943     0.00021673    -0.00308980
        19     0.00001178     0.00020834    -0.00166328
        20     0.00001419     0.00019952    -0.00098311
        21     0.00001671     0.00019342    -0.00059483
        22     0.00001789     0.00019159    -0.00033850
        23     0.00001852     0.00017469    -0.00014731
        24     0.00001880     0.00016316     0.00001204
        25     0.00001845     0.00015377     0.00016300
        26     0.00001753     0.00014533     0.00032560
        27     0.00001607     0.00013766     0.00052536
        28     0.00001412     0.00013079     0.00080715
        29     0.00001166     0.00012466     0.00127189
        30     0.00000842     0.00011935     0.00220792
        31     0.00000311     0.00011471     0.00478623
        32    -0.00001487     0.00010824     0.01860143
        33    -0.00009252     0.00004857     0.07862297
        34    -0.00009987     0.00002752     0.01936798
        35    -0.00009879     0.00001740     0.00458792
        36    -0.00009715     0.00001160     0.00203338
        37    -0.00009571     0.00000766     0.00119226
        38    -0.00009461     0.00000490     0.00082220
        39    -0.00009383     0.00000301     0.00062875
        40    -0.00009335     0.00000186     0.00051392
        41    -0.00009314     0.00000134     0.00043782
        42    -0.00009318     0.00000143     0.00038191
        43    -0.00009343     0.00000208     0.00033674
        44    -0.00009396     0.00000327     0.00029725
        45    -0.00009468     0.00000493     0.00026058
        46    -0.00009560     0.00000704     0.00022513
        47    -0.00009664     0.00000954     0.00019013
        48    -0.00009788     0.00001238     0.00015519
        49    -0.00009927     0.00001550     0.00012022
        50    -0.00010079     0.00001884     0.00008536
        51    -0.00010240     0.00002237     0.00005080
        52    -0.00010416     0.00002602     0.00001691
        53    -0.00010599     0.00002974    -0.00001602
        54    -0.00010790     0.00003349    -0.00004762
        55    -0.00010991     0.00003721    -0.00007753
        56    -0.00011199     0.00004089    -0.00010545
        57    -0.00011422     0.00004447    -0.00013105
        58    -0.00011653     0.00004793    -0.00015410
        59    -0.00011898     0.00005127    -0.00017439
        60    -0.00012158     0.00005446    -0.00019178
        61    -0.00012433     0.00005750    -0.00020617
        62    -0.00012722     0.00006039    -0.00021758
        63    -0.00013033     0.00006312    -0.00022595
        64    -0.00013367     0.00006570    -0.00023140
        65    -0.00013719     0.00006818    -0.00023414
        66    -0.00014086     0.00007059    -0.00023445
        67    -0.00014466     0.00007298    -0.00023264
        68    -0.00014865     0.00007536    -0.00022905
        69    -0.00015271     0.00007780    -0.00022413
        70    -0.00015697     0.00008033    -0.00021834
        71    -0.00016125     0.00008300    -0.00021216
        72    -0.00016566     0.00008586    -0.00020613
        73    -0.00017017     0.00008895    -0.00020077
        74    -0.00017472     0.00009234    -0.00019661
        75    -0.00017933     0.00009606    -0.00019417
        76    -0.00018399     0.00010014    -0.00019391
        77    -0.00018868     0.00010464    -0.00019624
        78    -0.00019340     0.00010956    -0.00020155
        79    -0.00019815     0.00011494    -0.00021011
        80    -0.00020283     0.00012079    -0.00022212
        81    -0.00020750     0.00012710    -0.00023771
        82    -0.00021209     0.00013388    -0.00025692
        83    -0.00021677     0.00014118    -0.00027982
        84    -0.00022137     0.00014890    -0.00030616
        85    -0.00022577     0.00015704    -0.00033570
        86    -0.00023001     0.00016557    -0.00036817
        87    -0.00023408     0.00017446    -0.00040324
        88    -0.00023792     0.00018368    -0.00044051
        89    -0.00024152     0.00019321    -0.00047956
        90    -0.00024487     0.00020300    -0.00051994
        91    -0.00024792     0.00021303    -0.00056116
        92    -0.00025070     0.00022328    -0.00060277
        93    -0.00025321     0.00023370    -0.00064431
        94    -0.00025547     0.00024428    -0.00068533
        95    -0.00025749     0.00025499    -0.00072540
        96    -0.00025932     0.00026582    -0.00076411
        97    -0.00026098     0.00027672    -0.00080109
        98    -0.00026255     0.00028768    -0.00083599
        99    -0.00026409     0.00029866    -0.00086852
       100    -0.00026563     0.00030960    -0.00089841
       101    -0.00026723     0.00032048    -0.00092542
       102    -0.00026895     0.00033123    -0.00094940
       103    -0.00027083     0.00034180    -0.00097022
       104    -0.00027291     0.00035210    -0.00098782
       105    -0.00027522     0.00036208    -0.00100221
       106    -0.00027779     0.00037166    -0.00101343
       107    -0.00028062     0.00038077    -0.00102160
       108    -0.00028372     0.00038933    -0.00102688
       109    -0.00028709     0.00039728    -0.00102951
       110    -0.00029069     0.00040458    -0.00102973
       111    -0.00029451     0.00041116    -0.00102782
       112    -0.00029852     0.00041700    -0.00102413
       113    -0.00030271     0.00042207    -0.00101895
       114    -0.00030703     0.00042637    -0.00101264
       115    -0.00031148     0.00042990    -0.00100549
       116    -0.00031601     0.00043269    -0.00099782
       117    -0.00032065     0.00043477    -0.00098989
       118    -0.00032537     0.00043619    -0.00098196
       119    -0.00033022     0.00043702    -0.00097425
       120    -0.00033521     0.00043734    -0.00096695
