#     Density Matrix: coherence Re-Im; see the manual for detail orders
        0     0.00000000     0.00000000     0.00000000     0.00000000     0.00000000     0.00000000
        1     0.00000013    -0.00000012     0.00008122    -0.00016231     0.00088337    -0.00033390
        2     0.00000034    -0.00000046    -0.00002007    -0.00019725     0.00212393    -0.00195798
        3     0.00000127    -0.00000051     0.00003558    -0.00029925     0.00217055    -0.00399815
        4     0.00000160    -0.00000045     0.00000346    -0.00030742     0.00152471    -0.00520032
        5     0.00000208    -0.00000046     0.00001051    -0.00037039     0.00139483    -0.00558333
        6     0.00000240    -0.00000085     0.00000723    -0.00039110     0.00229333    -0.00608669
        7     0.00000323    -0.00000163     0.00000886    -0.00042776     0.00396038    -0.00746042
        8     0.00000461    -0.00000269     0.00001248    -0.00045591     0.00616420    -0.00993859
        9     0.00000684    -0.00000428     0.00001751    -0.00048748     0.00926165    -0.01368948
       10     0.00001036    -0.00000701     0.00002325    -0.00051690     0.01442985    -0.01938164
       11     0.00001639    -0.00001239     0.00002958    -0.00054444     0.02429192    -0.02874369
       12     0.00023927    -0.00020989     0.00001876    -0.00030346     0.35192007    -0.35444183
       13     0.00035587    -0.00001344     0.00000472    -0.00018926     0.02597725    -0.41365991
       14     0.00016889     0.00007930    -0.00013833    -0.00024638    -0.37419143    -0.26725211
       15     0.00016806    -0.00008229     0.00010092    -0.00076081     0.12750064    -0.19158871
       16     0.00008596    -0.00015223    -0.00006919    -0.00017370     0.31281408    -0.38861529
       17     0.00039543     0.00007419     0.00009978    -0.00026157     0.08345574    -0.46134504
       18     0.00041398     0.00008259    -0.00003608    -0.00024175    -0.14668748    -0.40807875
       19     0.00018330     0.00021998     0.00001275    -0.00015054    -0.29364039    -0.29003407
       20     0.00009786     0.00032415     0.00001673    -0.00016674    -0.36720154    -0.15230719
       21     0.00001889     0.00028414    -0.00000199    -0.00013394    -0.38466035    -0.01983282
       22    -0.00009139     0.00023849     0.00001253    -0.00011443    -0.36233162     0.09517261
       23    -0.00015003     0.00021064     0.00000887    -0.00011198    -0.31345424     0.18784736
       24    -0.00017020     0.00015531     0.00000267    -0.00009687    -0.24807596     0.25723408
       25    -0.00018836     0.00009116     0.00000580    -0.00008536    -0.17363037     0.30422724
       26    -0.00021109     0.00003881     0.00000849    -0.00008517    -0.09549435     0.33056590
       27    -0.00020039     0.00003078    -0.00000794    -0.00007872    -0.01756715     0.33821676
       28    -0.00013728    -0.00000147    -0.00000844    -0.00005190     0.05714073     0.32907794
       29    -0.00012410    -0.00005779     0.00000223    -0.00005155     0.12622462     0.30490750
       30    -0.00012108    -0.00004753    -0.00001139    -0.00004699     0.18760826     0.26736014
       31    -0.00006379    -0.00003800    -0.00000792    -0.00002612     0.23928334     0.21814801
       32    -0.00003264    -0.00006738     0.00000181    -0.00002720     0.27939463     0.15900470
       33    -0.00004040    -0.00005811    -0.00000794    -0.00002431     0.30606923     0.09194912
       34    -0.00001761    -0.00001951    -0.00000588    -0.00000738     0.31745536     0.01947955
       35     0.00001416    -0.00001661     0.00000394    -0.00000673     0.31192343    -0.05528523
       36     0.00000056    -0.00002139    -0.00000291    -0.00000703     0.28833942    -0.12836486
       37    -0.00005016     0.00000810    -0.00001213     0.00001325     0.24642088    -0.19507619
       38    -0.00003435     0.00006235     0.00001029     0.00002277     0.18725628    -0.25013885
       39    -0.00001032     0.00000018    -0.00000126     0.00000335     0.11370248    -0.28794024
       40    -0.00010361    -0.00004320    -0.00001817     0.00003357     0.03074651    -0.30323890
       41    -0.00011834    -0.00000132     0.00000666     0.00003841    -0.05404471    -0.29218751
       42    -0.00005466    -0.00003773    -0.00000265     0.00002064    -0.13078864    -0.25356701
       43    -0.00005166    -0.00011596    -0.00001335     0.00003432    -0.18832296    -0.19007030
       44    -0.00006315    -0.00011748     0.00000082     0.00003437    -0.21557512    -0.10931246
       45    -0.00001099    -0.00009236    -0.00000000     0.00001994    -0.20353957    -0.02422117
       46     0.00003682    -0.00009514    -0.00000091     0.00001616    -0.14727557     0.04768154
       47     0.00002971    -0.00006966     0.00000466     0.00000586    -0.04652735     0.08615154
       48    -0.00000320     0.00000202    -0.00000046    -0.00000003     0.09670318     0.07018373
       49    -0.00005293     0.00007179    -0.00001443     0.00002308     0.27834558    -0.02138911
       50    -0.00016175     0.00009738    -0.00007206     0.00010954     0.42247195    -0.20254329
       51    -0.00029663     0.00000019    -0.00017704     0.00032703     0.23235170    -0.42855424
       52    -0.00034585    -0.00022040    -0.00008495     0.00044501    -0.18396761    -0.46226988
       53    -0.00026603    -0.00022437     0.00005860     0.00023448    -0.37988448    -0.27421393
       54    -0.00001700    -0.00016044     0.00000252     0.00007382    -0.37750221    -0.02701526
       55     0.00013706    -0.00016904    -0.00000553     0.00007098    -0.24331655     0.16771948
       56     0.00010788    -0.00005774     0.00001001     0.00003094    -0.04407583     0.24428800
       57     0.00007425     0.00011826    -0.00001279     0.00003208     0.13745585     0.18819378
       58     0.00004935     0.00014647     0.00000562     0.00003740     0.22731471     0.04040001
       59    -0.00007270     0.00007876    -0.00000500     0.00002524     0.19354397    -0.11857806
       60    -0.00015212     0.00006188     0.00000307     0.00003712     0.06453222    -0.20583231
       61    -0.00007358     0.00001014     0.00000825     0.00001286    -0.08289841    -0.17908327
       62    -0.00001093    -0.00008187    -0.00000334     0.00001459    -0.16431791    -0.06139917
       63    -0.00000337    -0.00004675     0.00000389     0.00000634    -0.13742325     0.07126132
       64     0.00004855     0.00005595    -0.00000921     0.00000515    -0.02835908     0.13669670
       65     0.00006609     0.00007229    -0.00000159     0.00001293     0.08494689     0.09929129
       66    -0.00002150     0.00006839    -0.00000232     0.00000883     0.12524091    -0.00593826
       67    -0.00007363     0.00010646     0.00000538     0.00001488     0.06984794    -0.09810358
       68    -0.00002976     0.00008195     0.00001006     0.00000055    -0.03306946    -0.10917752
       69    -0.00001119     0.00002887     0.00000218    -0.00000254    -0.10079057    -0.03552704
       70    -0.00001443     0.00006788    -0.00000288    -0.00000643    -0.08117233     0.05919809
       71     0.00002053     0.00013356    -0.00001282     0.00000264     0.00484368     0.09581291
       72     0.00001953     0.00014005    -0.00000493     0.00001230     0.08059611     0.04615601
       73    -0.00003443     0.00015062     0.00000363     0.00001358     0.07981581    -0.04215464
       74    -0.00003941     0.00017889     0.00001556     0.00000454     0.00589006    -0.08760886
       75    -0.00000606     0.00017095     0.00000889    -0.00001189    -0.07079870    -0.04911343
       76    -0.00001053     0.00017262    -0.00000532    -0.00001395    -0.07803557     0.03537524
       77    -0.00001125     0.00022544    -0.00001904    -0.00000333    -0.01044060     0.08435732
       78     0.00000534     0.00025472    -0.00001289     0.00001687     0.06467436     0.05160157
       79    -0.00001264     0.00025577     0.00000635     0.00001933     0.07370730    -0.02830926
       80    -0.00003570     0.00028088     0.00002088     0.00000547     0.00981576    -0.07516274
       81    -0.00002047     0.00031400     0.00001505    -0.00001862    -0.06179639    -0.04362362
       82    -0.00000371     0.00032152    -0.00001032    -0.00002296    -0.07059069     0.03271918
       83    -0.00001789     0.00033828    -0.00002623    -0.00000513    -0.01097274     0.07763775
       84    -0.00002270     0.00037721    -0.00002017     0.00001986     0.05536840     0.04984778
       85    -0.00001131     0.00039410     0.00000670     0.00002564     0.06423824    -0.01876827
       86    -0.00001992     0.00039849     0.00002361     0.00000574     0.01137667    -0.05958674
       87    -0.00003020     0.00042451     0.00001690    -0.00001970    -0.04879804    -0.03617941
       88    -0.00001263     0.00044285    -0.00001020    -0.00002711    -0.06025501     0.02465245
       89    -0.00001287     0.00043709    -0.00002820    -0.00000854    -0.01755217     0.06473440
       90    -0.00003527     0.00046007    -0.00002499     0.00001459     0.03551658     0.05138357
       91    -0.00002696     0.00049149    -0.00000283     0.00002536     0.05162644     0.00291483
       92    -0.00001904     0.00049125     0.00001662     0.00001120     0.02141842    -0.03459675
       93    -0.00003493     0.00049845     0.00001616    -0.00001106    -0.02429722    -0.03067130
       94    -0.00003510     0.00052340    -0.00000194    -0.00002463    -0.04650101     0.00681219
       95    -0.00002147     0.00053321    -0.00002306    -0.00001746    -0.03085658     0.04437084
       96    -0.00002493     0.00053497    -0.00002893     0.00000148     0.00525720     0.05368168
       97    -0.00003475     0.00055125    -0.00001898     0.00001636     0.03166348     0.03237037
       98    -0.00003183     0.00056609    -0.00000162     0.00001703     0.03012169     0.00116960
       99    -0.00002704     0.00056700     0.00000854     0.00000363     0.00566339    -0.01532416
      100    -0.00002882     0.00056458     0.00000455    -0.00001179    -0.02122453    -0.00696820
      101    -0.00002867     0.00056805    -0.00000910    -0.00001855    -0.03171908     0.01760262
      102    -0.00002212     0.00057258    -0.00002256    -0.00001286    -0.02086169     0.04011745
      103    -0.00001610     0.00057112    -0.00002654     0.00000005     0.00139318     0.04633811
      104    -0.00001791     0.00056559    -0.00001998     0.00001031     0.01929398     0.03465118
      105    -0.00002010     0.00056287    -0.00000880     0.00001222     0.02222244     0.01482499
      106    -0.00002353     0.00055949    -0.00000037     0.00000575     0.01028954     0.00022871
      107    -0.00001178     0.00055230     0.00000055    -0.00000406    -0.00736598    -0.00084655
      108    -0.00000587     0.00052695    -0.00000549    -0.00001017    -0.01917750     0.01063231
      109    -0.00001353     0.00052067    -0.00001335    -0.00000992    -0.01835048     0.02608410
      110    -0.00000179     0.00052111    -0.00001847    -0.00000345    -0.00648332     0.03541749
      111     0.00001153     0.00050200    -0.00001654     0.00000466     0.00851760     0.03310223
      112     0.00000442     0.00047599    -0.00000987     0.00000851     0.01766878     0.02088117
      113     0.00000167     0.00045568    -0.00000275     0.00000734     0.01608224     0.00608593
      114    -0.00000668     0.00043026     0.00000127     0.00000247     0.00570276    -0.00305083
      115    -0.00000989     0.00042131     0.00000109    -0.00000272    -0.00650447    -0.00242501
      116     0.00001224     0.00039699    -0.00000256    -0.00000517    -0.01320685     0.00603367
      117     0.00001884     0.00035633    -0.00000588    -0.00000354    -0.01077954     0.01591241
      118     0.00000622     0.00033131    -0.00000676    -0.00000029    -0.00126556     0.02036539
      119     0.00000090     0.00032365    -0.00000525     0.00000297     0.00912345     0.01622632
      120     0.00001288     0.00030451    -0.00000158     0.00000434     0.01399319     0.00576745
