#    Step        Prob(0)        Prob(1)        
        0     0.00000000     0.00000000
        1     0.00000000     0.00000000
        2     0.00000000     0.00000000
        3     0.00000000     0.00000000
        4     0.00000000     0.00000000
        5     0.00000000     0.00000000
        6     0.00000000     0.00000000
        7     0.00000000     0.00000000
        8     0.00000001     0.00000000
        9     0.00000000     0.00000000
       10     0.00000001     0.00000000
       11     0.00000000     0.00000000
       12     0.00000000     0.00000000
       13     0.00000000     0.00000000
       14     0.00000000     0.00000000
       15     0.00000001     0.00000000
       16     0.00000000     0.00000000
       17     0.00000000     0.00000000
       18     0.00000000     0.00000000
       19     0.00000000     0.00000000
       20     0.00000000     0.00000000
       21     0.00000000     0.00000000
       22     0.00000001     0.00000000
       23     0.00000000     0.00000000
       24     0.00000000     0.00000000
       25     0.00000001     0.00000000
       26     0.00000000     0.00000000
       27     0.00000001     0.00000000
       28     0.00000001     0.00000000
       29     0.00000000     0.00000000
       30     0.00000002     0.00000000
       31     0.00000000     0.00000000
       32     0.00000002     0.00000000
       33     0.00000003     0.00000000
       34     0.00041849     0.00000000
       35     0.00000000     0.00000000
       36     0.00000000     0.00000000
       37     0.00018501     0.00000000
       38     0.00000000     0.00000000
       39     0.00006224     0.00000000
       40     0.00010952     0.00000000
       41     0.00000000     0.00000000
       42     0.00008830     0.00000000
       43     0.00010026     0.00000000
       44     0.00000000     0.00000000
       45     0.00004646     0.00000000
       46     0.00014440     0.00000000
       47     0.00000000     0.00000000
       48     0.00000000     0.00000000
       49     0.00016477     0.00000000
       50     0.00000265     0.00000000
       51     0.00000000     0.00000000
       52     0.00003003     0.00000000
       53     0.00014942     0.00000000
       54     0.00000000     0.00000000
       55     0.00000000     0.00000000
       56     0.00001696     0.00000000
       57     0.00013974     0.00000000
       58     0.00001973     0.00000000
       59     0.00000000     0.00000000
       60     0.00000000     0.00000000
       61     0.00008970     0.00000000
       62     0.00011148     0.00000000
       63     0.00000000     0.00000000
       64     0.00000000     0.00000000
       65     0.00000000     0.00000000
       66     0.00006886     0.00000000
       67     0.00011571     0.00000000
       68     0.00003305     0.00000000
       69     0.00000000     0.00000000
       70     0.00000000     0.00000000
       71     0.00000000     0.00000000
       72     0.00007432     0.00000000
       73     0.00011030     0.00000000
       74     0.00005439     0.00000000
       75     0.00000000     0.00000000
       76     0.00000000     0.00000000
       77     0.00000000     0.00000000
       78     0.00000000     0.00000000
       79     0.00006114     0.00000000
       80     0.00009872     0.00000000
       81     0.00008117     0.00000000
       82     0.00002509     0.00000000
       83     0.00000000     0.00000000
       84     0.00000000     0.00000000
       85     0.00000000     0.00000000
       86     0.00000000     0.00000000
       87     0.00000000     0.00000000
       88     0.00001768     0.00000000
       89     0.00003936     0.00000000
       90     0.00004293     0.00000000
       91     0.00003185     0.00000000
       92     0.00001430     0.00000000
       93     0.00000069     0.00000000
       94     0.00000282     0.00000000
       95     0.00003587     0.00000000
       96     0.00012600     0.00000000
       97     0.00033105     0.00000000
       98     0.00079981     0.00000000
       99     0.00196531     0.00000000
      100     0.00529542     0.00000000
      101     0.01698393     0.00000000
      102     0.07254837     0.00000000
      103     0.40807681     0.00000000
      104     0.90658296     0.00000000
      105     0.64190162     0.00000000
      106     0.35203820     0.00000000
      107     0.00000000     0.00000000
      108     0.00000000     0.00000000
      109     0.00000000     0.00000000
      110     0.00000000     0.00000000
      111     0.00000000     0.00022242
      112     0.00000000     0.00000000
      113     0.00000000     0.00000000
      114     0.00000000     0.00000000
      115     0.00000000     0.00000000
      116     0.00000000     0.00000000
      117     0.00000000     0.00000000
      118     0.00000000     0.00089022
      119     0.00000000     0.00277969
      120     0.00000000     0.00366768
      121     0.00000000     0.00264545
      122     0.00000000     0.00000000
      123     0.00000000     0.00000000
      124     0.00000000     0.00000000
      125     0.00000000     0.00000000
      126     0.00000000     0.00288998
      127     0.00000000     0.00475554
      128     0.00000000     0.00128150
      129     0.00000000     0.00000000
      130     0.00000000     0.00000000
      131     0.00000000     0.00189110
      132     0.00000000     0.00581200
      133     0.00000000     0.00006857
      134     0.00000000     0.00000000
      135     0.00000000     0.00000000
      136     0.00000000     0.00726661
      137     0.00000000     0.00018990
      138     0.00000000     0.00000000
      139     0.00000000     0.00295822
      140     0.00000000     0.00888287
      141     0.00000000     0.00000000
      142     0.00000000     0.00000000
      143     0.00000000     0.01600923
      144     0.00000000     0.00000000
      145     0.00000000     0.00000000
      146     0.00000000     0.01453174
      147     0.00000000     0.00000000
      148     0.00000000     0.00043275
      149     0.00000000     0.00464325
      150     0.00000000     0.00000000
      151     0.00000000     0.00356585
      152     0.00000000     0.00000000
      153     0.00000000     0.00000000
      154     0.00000000     0.00200188
      155     0.00000000     0.00000000
      156     0.00000000     0.00162536
      157     0.00000000     0.00000000
      158     0.00000000     0.00010474
      159     0.00000000     0.00049054
      160     0.00000000     0.00000000
      161     0.00000000     0.00097506
      162     0.00000000     0.00000000
      163     0.00000000     0.00069733
      164     0.00000000     0.00000000
      165     0.00000000     0.00012577
      166     0.00000000     0.00013915
      167     0.00000000     0.00000000
      168     0.00000000     0.00047631
      169     0.00000000     0.00000000
      170     0.00000000     0.00050258
      171     0.00000000     0.00000000
      172     0.00000000     0.00028326
      173     0.00000000     0.00000000
      174     0.00000000     0.00000000
      175     0.00000000     0.00017727
      176     0.00000000     0.00000000
      177     0.00000000     0.00034897
      178     0.00000000     0.00000000
      179     0.00000000     0.00031682
      180     0.00000000     0.00000000
      181     0.00000000     0.00011373
      182     0.00000000     0.00001432
      183     0.00000000     0.00000000
      184     0.00000000     0.00022351
      185     0.00000000     0.00000000
      186     0.00000000     0.00026892
      187     0.00000000     0.00000000
      188     0.00000000     0.00013510
      189     0.00000000     0.00000000
      190     0.00000000     0.00000000
      191     0.00000000     0.00013964
      192     0.00000000     0.00000000
      193     0.00000000     0.00017504
      194     0.00000000     0.00000000
      195     0.00000000     0.00007829
      196     0.00000000     0.00000000
      197     0.00000000     0.00000000
      198     0.00000000     0.00006259
      199     0.00000000     0.00000000
      200     0.00000000     0.00004747
      201     0.00000000     0.00000000
      202     0.00000000     0.00000384
      203     0.00000000     0.00000000
      204     0.00000000     0.00001422
      205     0.00000000     0.00000000
      206     0.00000000     0.00006901
      207     0.00000000     0.00000000
      208     0.00000000     0.00007651
      209     0.00000000     0.00000000
      210     0.00000000     0.00000000
      211     0.00000000     0.00008894
      212     0.00000000     0.00000000
      213     0.00000000     0.00019025
      214     0.00000000     0.00000000
      215     0.00000000     0.00014703
      216     0.00000000     0.00000000
      217     0.00000000     0.00000000
      218     0.00000000     0.00014355
      219     0.00000000     0.00000000
      220     0.00000000     0.00027734
      221     0.00000000     0.00000000
      222     0.00000000     0.00021977
      223     0.00000000     0.00000000
      224     0.00000000     0.00000000
      225     0.00000000     0.00013805
      226     0.00000000     0.00000000
      227     0.00000000     0.00032988
      228     0.00000000     0.00000000
      229     0.00000000     0.00031999
      230     0.00000000     0.00000000
      231     0.00000000     0.00009547
      232     0.00000000     0.00006209
      233     0.00000000     0.00000000
      234     0.00000000     0.00034738
      235     0.00000000     0.00000000
      236     0.00000000     0.00043832
      237     0.00000000     0.00000000
      238     0.00000000     0.00024205
      239     0.00000000     0.00000000
      240     0.00000000     0.00000000
      241     0.00000000     0.00036145
      242     0.00000000     0.00000000
      243     0.00000000     0.00058003
      244     0.00000000     0.00000000
      245     0.00000000     0.00037228
      246     0.00000000     0.00000000
      247     0.00000000     0.00000000
      248     0.00000000     0.00050446
      249     0.00000000     0.00000000
      250     0.00000000     0.00077122
      251     0.00000000     0.00000000
      252     0.00000000     0.00030417
      253     0.00000000     0.00013550
      254     0.00000000     0.00000000
      255     0.00000000     0.00086473
      256     0.00000000     0.00000000
      257     0.00000000     0.00066751
      258     0.00000000     0.00000000
      259     0.00000000     0.00000000
      260     0.00000000     0.00068576
      261     0.00000000     0.00000000
      262     0.00000000     0.00061125
      263     0.00000000     0.00000000
      264     0.00000000     0.00000000
      265     0.00000000     0.00025970
      266     0.00000000     0.00000000
      267     0.00000000     0.00003723
      268     0.00000000     0.00006069
      269     0.00000000     0.00003848
      270     0.00000000     0.00000000
      271     0.00000000     0.00060457
      272     0.00000000     0.00000000
      273     0.00000000     0.00048247
      274     0.00000000     0.00000601
      275     0.00000000     0.00000000
      276     0.00000000     0.00099952
      277     0.00000000     0.00000000
      278     0.00000000     0.00085445
      279     0.00000000     0.00000000
      280     0.00000000     0.00000000
      281     0.00000000     0.00071903
      282     0.00000000     0.00000000
      283     0.00000000     0.00099986
      284     0.00000000     0.00000000
      285     0.00000000     0.00042661
      286     0.00000000     0.00000000
      287     0.00000000     0.00000000
      288     0.00000000     0.00064646
      289     0.00000000     0.00000000
      290     0.00000000     0.00080832
      291     0.00000000     0.00000000
      292     0.00000000     0.00046790
      293     0.00000000     0.00000000
      294     0.00000000     0.00000000
      295     0.00000000     0.00042675
      296     0.00000000     0.00000000
      297     0.00000000     0.00078635
      298     0.00000000     0.00000000
      299     0.00000000     0.00067022
      300     0.00000000     0.00000000
