#     Density Matrix: coherence Re-Im; see the manual for detail orders
        0     0.00000000     0.00000000     0.00000000     0.00000000     0.00000000     0.00000000
        1    -0.00000002     0.00000002     0.00003668    -0.00005823    -0.00042409     0.00013545
        2     0.00000006     0.00000005    -0.00008692     0.00002181    -0.00049729     0.00067392
        3     0.00000009     0.00000005     0.00003419     0.00010284     0.00068731     0.00065832
        4    -0.00000033     0.00000036    -0.00008871     0.00018771     0.00225613    -0.00067075
        5    -0.00000077     0.00000101     0.00003317     0.00027826     0.00325736    -0.00314360
        6    -0.00000242     0.00000068    -0.00008788     0.00035053     0.00345124    -0.00603454
        7    -0.00000396     0.00000191     0.00003205     0.00045895     0.00354711    -0.00886637
        8    -0.00000638     0.00000150    -0.00008019     0.00049505     0.00498891    -0.01207113
        9    -0.00001069     0.00000681     0.00002593     0.00062982     0.01009546    -0.01738728
       10    -0.00001905     0.00001347    -0.00005720     0.00060891     0.02481242    -0.02890700
       11    -0.00004611     0.00006292     0.00000783     0.00076736     0.08053728    -0.06029510
       12    -0.00000897    -0.00032501     0.00001713     0.00054029    -0.44168171     0.00180853
       13     0.00012484    -0.00018522    -0.00000578     0.00025729    -0.41660452     0.26737521
       14     0.00048746     0.00020928    -0.00044545     0.00113335     0.01136247     0.36596636
       15     0.00030310    -0.00011908     0.00059297     0.00042430     0.20260545     0.31240082
       16    -0.00015298     0.00032860    -0.00064042     0.00045221     0.33051631     0.18935402
       17     0.00023252     0.00053029     0.00038411     0.00115421     0.38643086     0.03563732
       18     0.00002749    -0.00000537     0.00005075    -0.00002724     0.37575959    -0.11618267
       19    -0.00048430     0.00028171    -0.00042398     0.00105327     0.31318580    -0.24369657
       20    -0.00004607     0.00043379     0.00068103     0.00055139     0.21689775    -0.33484340
       21    -0.00011874    -0.00020173    -0.00045144     0.00012393     0.10440777    -0.38614113
       22    -0.00060578     0.00001581     0.00006128     0.00120906    -0.00982280    -0.40014949
       23    -0.00009961     0.00025371     0.00054338     0.00004437    -0.11538927    -0.38297201
       24     0.00000069    -0.00039479    -0.00067914     0.00040708    -0.20589525    -0.34214998
       25    -0.00053505    -0.00026450     0.00037060     0.00114277    -0.27816105    -0.28530865
       26    -0.00009355     0.00016482     0.00034141    -0.00017359    -0.33157383    -0.21922017
       27     0.00021443    -0.00038542    -0.00069806     0.00056070    -0.36718393    -0.14938316
       28    -0.00031302    -0.00044071     0.00044295     0.00100974    -0.38704507    -0.08014605
       29    -0.00011836     0.00008619     0.00024898    -0.00016756    -0.39380205    -0.01459203
       30     0.00035289    -0.00022475    -0.00066870     0.00054394    -0.39019514     0.04538280
       31    -0.00008094    -0.00050550     0.00042633     0.00097114    -0.37882817     0.09870778
       32    -0.00020090     0.00005354     0.00034732    -0.00025924    -0.36204417     0.14492378
       33     0.00038705     0.00003107    -0.00074636     0.00032782    -0.34183405     0.18407120
       34     0.00020311    -0.00049321     0.00022916     0.00110572    -0.31982204     0.21646293
       35    -0.00024625    -0.00013576     0.00059165    -0.00010813    -0.29721217     0.24262184
       36     0.00020175     0.00021586    -0.00063901    -0.00003540    -0.27483931     0.26323019
       37     0.00039944    -0.00027872    -0.00013581     0.00106463    -0.25266637     0.27888460
       38    -0.00012674    -0.00032276     0.00075005     0.00022800    -0.22951887     0.29013493
       39    -0.00005714     0.00019515    -0.00030551    -0.00036977    -0.20154420     0.29751492
       40     0.00037606     0.00005938    -0.00057223     0.00079507    -0.15208217     0.30145834
       41     0.00028508    -0.00015837     0.00058125     0.00075821     0.04477265     0.30243333
       42     0.00001475    -0.00031026     0.00028503    -0.00031775     0.36883905     0.30050173
       43    -0.00064309     0.00037004    -0.00053511    -0.00007803     0.37399461     0.29444232
       44     0.00027963     0.00100238    -0.00026264     0.00059742     0.34821213     0.28519908
       45     0.00070278    -0.00007870     0.00035664     0.00022261     0.34442428     0.27261348
       46    -0.00046239    -0.00028307    -0.00011920    -0.00029056     0.34991840     0.25628367
       47    -0.00044273     0.00089480    -0.00049114     0.00028906     0.36027894     0.23572499
       48     0.00070614     0.00065445     0.00016619     0.00051867     0.37332991     0.21043918
       49     0.00026985    -0.00043550     0.00024083    -0.00015818     0.38748102     0.18001680
       50    -0.00074387     0.00016196    -0.00042283    -0.00005554     0.40125421     0.14419883
       51    -0.00001727     0.00107288    -0.00015407     0.00057931     0.41317627     0.10279465
       52     0.00077478     0.00023256     0.00041122     0.00018532     0.42165708     0.05590041
       53    -0.00015312    -0.00045468    -0.00008295    -0.00025400     0.42506582     0.00390118
       54    -0.00073834     0.00052866    -0.00037141     0.00034280     0.42168222    -0.05254117
       55     0.00028610     0.00100542     0.00030108     0.00049747     0.40976014    -0.11208958
       56     0.00065829    -0.00006620     0.00031918    -0.00018277     0.38780431    -0.17309438
       57    -0.00044141    -0.00035969    -0.00031476    -0.00003215     0.35468520    -0.23336303
       58    -0.00065495     0.00073876     0.00001508     0.00054815     0.30976172    -0.29021923
       59     0.00046993     0.00084488     0.00053225     0.00007022     0.25304678    -0.34074652
       60     0.00052689    -0.00032934    -0.00003674    -0.00034303     0.18534283    -0.38178604
       61    -0.00063402    -0.00035905    -0.00028251     0.00028946     0.10825495    -0.41031081
       62    -0.00060451     0.00077029     0.00040752     0.00035962     0.02444445    -0.42362333
       63     0.00053438     0.00067574     0.00032717    -0.00034877    -0.06267295    -0.41968249
       64     0.00042892    -0.00048257    -0.00033452    -0.00012879    -0.14914042    -0.39731592
       65    -0.00069715    -0.00037506     0.00003539     0.00043828    -0.23054466    -0.35641978
       66    -0.00053244     0.00072253     0.00049267    -0.00007836    -0.30247584    -0.29803501
       67     0.00060202     0.00052620    -0.00012981    -0.00042548    -0.36077265    -0.22436594
       68     0.00044264    -0.00061035    -0.00034399     0.00024092    -0.40185300    -0.13870500
       69    -0.00064910    -0.00045130     0.00033323     0.00028883    -0.42301918    -0.04525849
       70    -0.00045758     0.00064997     0.00021019    -0.00039119    -0.42270341     0.05111908
       71     0.00063330     0.00051862    -0.00043201    -0.00015180    -0.40049090     0.14540713
       72     0.00052231    -0.00049608    -0.00009363     0.00039246    -0.35733575     0.23256732
       73    -0.00047228    -0.00036808     0.00033240    -0.00004810    -0.29550030     0.30778082
       74    -0.00032673     0.00065665    -0.00022332    -0.00034598    -0.21797630     0.36704011
       75     0.00068295     0.00057833    -0.00042538     0.00026790    -0.12868567     0.40714546
       76     0.00064385    -0.00036820     0.00017873     0.00037647    -0.03251983     0.42581098
       77    -0.00035793    -0.00032905     0.00015187    -0.00022706     0.06545044     0.42199550
       78    -0.00040040     0.00074430    -0.00047187    -0.00005172     0.16010152     0.39581373
       79     0.00059850     0.00085645    -0.00019855     0.00055190     0.24645720     0.34850513
       80     0.00067354    -0.00007208     0.00030988     0.00021972     0.31978669     0.28239229
       81    -0.00031429    -0.00018776    -0.00010567    -0.00017566     0.37598572     0.20089392
       82    -0.00052182     0.00076118    -0.00039032     0.00033782     0.41211982     0.10805341
       83     0.00032014     0.00099034     0.00016777     0.00055722     0.42587151     0.00860558
       84     0.00050537     0.00016771     0.00029597     0.00003042     0.41574789    -0.09208762
       85    -0.00036163    -0.00012805    -0.00021271     0.00002527     0.38168957    -0.18841139
       86    -0.00076637     0.00063710    -0.00009704     0.00054777     0.32498195    -0.27479223
       87    -0.00004289     0.00100012     0.00043984     0.00034498     0.24811296    -0.34588974
       88     0.00036121     0.00020473     0.00017996    -0.00014647     0.15478699    -0.39673034
       89    -0.00038718    -0.00034428    -0.00021649     0.00019247     0.04982921    -0.42302801
       90    -0.00094806     0.00024809     0.00021252     0.00050499    -0.06045088    -0.42163326
       91    -0.00032897     0.00077109     0.00046839    -0.00000198    -0.16874347    -0.39093815
       92     0.00036733     0.00013905    -0.00006826    -0.00020821    -0.26708327    -0.33118106
       93    -0.00004501    -0.00065610    -0.00018988     0.00031279    -0.34724763    -0.24480805
       94    -0.00072354    -0.00032545     0.00032146     0.00030008    -0.40136661    -0.13672683
       95    -0.00030276     0.00044554     0.00017533    -0.00023991    -0.42268399    -0.01447942
       96     0.00066629     0.00023389    -0.00038648    -0.00002669    -0.40656778     0.11192065
       97     0.00070164    -0.00057245    -0.00014853     0.00047116    -0.35142272     0.23077602
       98    -0.00001394    -0.00048395     0.00021101     0.00015645    -0.25923473     0.32939407
       99    -0.00003676     0.00050518    -0.00025142    -0.00010803    -0.13677418     0.39519453
      100     0.00082351     0.00094566    -0.00050567     0.00044939     0.00420762     0.41784351
      101     0.00116894     0.00040473     0.00001943     0.00066808     0.14826385     0.39104969
      102     0.00037908     0.00016233     0.00007037     0.00021258     0.27787136     0.31409224
      103    -0.00035875     0.00096800    -0.00041739     0.00038083     0.37428908     0.19307834
      104    -0.00009102     0.00173950    -0.00014460     0.00095101     0.42112518     0.04166574
      105     0.00033537     0.00136693     0.00039470     0.00067829     0.40801154    -0.12016800
      106    -0.00022306     0.00051113     0.00008276     0.00030260     0.33268624    -0.26817256
      107    -0.00125452     0.00043976    -0.00011679     0.00074367     0.20290181    -0.37773234
      108    -0.00139969     0.00095399     0.00047180     0.00083855     0.03678359    -0.42787773
      109    -0.00061336     0.00079891     0.00054115     0.00018284    -0.13860992    -0.40610160
      110    -0.00011978    -0.00021326    -0.00004155     0.00013127    -0.29215543    -0.31204022
      111    -0.00043141    -0.00086548     0.00004238     0.00053646    -0.39401960    -0.15901674
      112    -0.00061201    -0.00034813     0.00034688     0.00016943    -0.42072864     0.02646961
      113     0.00022401     0.00054577    -0.00025148    -0.00019477    -0.36203267     0.20840643
      114     0.00135594     0.00068020    -0.00069690     0.00040826    -0.22591277     0.34791885
      115     0.00144508     0.00040365    -0.00028271     0.00074247    -0.03776320     0.41182681
      116     0.00056661     0.00089287    -0.00031788     0.00046288     0.16265709     0.38093621
      117    -0.00003199     0.00216707    -0.00073109     0.00090615     0.32828744     0.25695951
      118     0.00013120     0.00293553    -0.00017640     0.00159823     0.41608303     0.06483983
      119     0.00017151     0.00243756     0.00056937     0.00124108     0.39854532    -0.14995797
      120    -0.00067200     0.00146459     0.00039823     0.00082684     0.27432322    -0.33117951
