#    Step     Kinetic(H)     Potential(H)   Total(H)       E(0)(H)        E(1)(H)        E(2)(H)        
        0     0.01009296    -4.96329430    -4.95320135    -5.27551643    -5.05527782    -4.96329430
        1     0.00794776    -4.96111868    -4.95317092    -5.27517827    -5.05380044    -4.96111868
        2     0.00634438    -4.95952937    -4.95318500    -5.27461795    -5.05239488    -4.95952937
        3     0.00536043    -4.95854447    -4.95318404    -5.27389029    -5.05107923    -4.95854447
        4     0.00505554    -4.95825476    -4.95319922    -5.27304934    -5.04994428    -4.95825476
        5     0.00547249    -4.95867687    -4.95320438    -5.27214847    -5.04908017    -4.95867687
        6     0.00663330    -4.95986126    -4.95322796    -5.27123815    -5.04846384    -4.95986126
        7     0.00852947    -4.96177658    -4.95324711    -5.27036052    -5.04813745    -4.96177658
        8     0.01110747    -4.96441151    -4.95330404    -5.26954102    -5.04812643    -4.96441151
        9     0.01425251    -4.96769193    -4.95343941    -5.26877902    -5.04843016    -4.96769193
       10     0.01777579    -4.97151003    -4.95373424    -5.26804020    -5.04894082    -4.97151003
       11     0.02141278    -4.97568548    -4.95427270    -5.26725450    -5.04962509    -4.97568548
       12     0.02484114    -4.98008102    -4.95523988    -5.26632139    -5.05027220    -4.98008102
       13     0.02772384    -4.98436193    -4.95663810    -5.26512665    -5.05080468    -4.98436193
       14     0.02977277    -4.98842419    -4.95865142    -5.26356627    -5.05104502    -4.98842419
       15     0.08367962    -5.05092299    -4.96724337    -5.26157003    -5.05092299    -4.99205060
       16     0.02599856    -4.99669036    -4.97069179    -5.25742670    -5.04979311    -4.99669036
       17     0.02460556    -4.99865715    -4.97405158    -5.25457934    -5.04870971    -4.99865715
       18     0.02311799    -5.00021867    -4.97710067    -5.25154719    -5.04736803    -5.00021867
       19     0.02175384    -5.00152327    -4.97976942    -5.24844187    -5.04598993    -5.00152327
       20     0.02062917    -5.00263139    -4.98200222    -5.24536057    -5.04456235    -5.00263139
       21     0.01977672    -5.00365312    -4.98387640    -5.24237664    -5.04319538    -5.00365312
       22     0.01917513    -5.00466949    -4.98549436    -5.23953432    -5.04197004    -5.00466949
       23     0.01877246    -5.00573192    -4.98695946    -5.23684832    -5.04086426    -5.00573192
       24     0.01850011    -5.00679082    -4.98829071    -5.23430579    -5.03986520    -5.00679082
       25     0.01828213    -5.00781175    -4.98952962    -5.23187229    -5.03890166    -5.00781175
       26     0.01804409    -5.00882131    -4.99077722    -5.22950091    -5.03800026    -5.00882131
       27     0.01772175    -5.00973320    -4.99201145    -5.22714211    -5.03700119    -5.00973320
       28     0.01726903    -5.01046827    -4.99319924    -5.22475349    -5.03593554    -5.01046827
       29     0.01666287    -5.01107159    -4.99440872    -5.22230662    -5.03477490    -5.01107159
       30     0.01590349    -5.01149477    -4.99559128    -5.21978985    -5.03343410    -5.01149477
       31     0.01501097    -5.01170549    -4.99669452    -5.21720763    -5.03195436    -5.01170549
       32     0.01401968    -5.01179540    -4.99777571    -5.21457808    -5.03031705    -5.01179540
       33     0.01297145    -5.01175507    -4.99878361    -5.21192855    -5.02862300    -5.01175507
       34     0.01190951    -5.01161697    -4.99970746    -5.20929151    -5.02683119    -5.01161697
       35     0.01087340    -5.01141460    -5.00054121    -5.20670043    -5.02501185    -5.01141460
       36     0.00989571    -5.01121599    -5.00132028    -5.20418661    -5.02319627    -5.01121599
       37     0.00900100    -5.01097560    -5.00197461    -5.20177802    -5.02141241    -5.01097560
       38     0.00820616    -5.01079122    -5.00258506    -5.19949892    -5.01968455    -5.01079122
       39     0.00752076    -5.01064772    -5.00312697    -5.19737096    -5.01803433    -5.01064772
       40     0.00694477    -5.01052504    -5.00358028    -5.19541082    -5.01651518    -5.01052504
       41     0.00646456    -5.01050872    -5.00404417    -5.19363053    -5.01513914    -5.01050872
       42     0.00604402    -5.01046045    -5.00441643    -5.19203878    -5.01398838    -5.01046045
       43     0.00561392    -5.01039058    -5.00477666    -5.19064594    -5.01307328    -5.01039058
       44     0.00735681    -5.01260016    -5.00524335    -5.18947458    -5.01260016    -5.01021145
       45     0.00682724    -5.01249585    -5.00566861    -5.18830454    -5.01249585    -5.00973965
       46     0.00662061    -5.01267302    -5.00605242    -5.18723224    -5.01267302    -5.00903484
       47     0.00654208    -5.01297629    -5.00643421    -5.18621253    -5.01297629    -5.00827238
       48     0.00649007    -5.01329743    -5.00680736    -5.18521070    -5.01329743    -5.00745429
       49     0.00641236    -5.01357066    -5.00715830    -5.18419770    -5.01357066    -5.00655154
       50     0.00627934    -5.01377337    -5.00749403    -5.18315094    -5.01377337    -5.00561503
       51     0.00607622    -5.01389146    -5.00781524    -5.18205630    -5.01389146    -5.00459389
       52     0.00580094    -5.01392108    -5.00812014    -5.18090994    -5.01392108    -5.00352102
       53     0.00546324    -5.01386965    -5.00840641    -5.17971928    -5.01386965    -5.00240387
       54     0.00508285    -5.01371841    -5.00863556    -5.17850231    -5.01371841    -5.00126040
       55     0.00468663    -5.01356711    -5.00888049    -5.17728528    -5.01356711    -5.00011687
       56     0.00430488    -5.01337329    -5.00906841    -5.17609923    -5.01337329    -4.99900431
       57     0.00396704    -5.01320503    -5.00923799    -5.17497549    -5.01320503    -4.99799082
       58     0.00369756    -5.01308935    -5.00939179    -5.17394107    -5.01308935    -4.99706665
       59     0.00351260    -5.01304507    -5.00953247    -5.17301481    -5.01304507    -4.99628738
       60     0.00341809    -5.01308027    -5.00966217    -5.17220478    -5.01308027    -4.99562435
       61     0.00340947    -5.01319157    -5.00978211    -5.17150760    -5.01319157    -4.99511091
       62     0.00347290    -5.01340191    -5.00992901    -5.17090945    -5.01340191    -4.99473326
       63     0.00358790    -5.01361603    -5.01002814    -5.17038858    -5.01361603    -4.99443289
       64     0.00373058    -5.01388124    -5.01015065    -5.16991880    -5.01388124    -4.99425710
       65     0.00387716    -5.01413374    -5.01025658    -5.16947307    -5.01413374    -4.99410537
       66     0.00400692    -5.01438578    -5.01037886    -5.16902687    -5.01438578    -4.99395316
       67     0.00410439    -5.01461768    -5.01051329    -5.16856054    -5.01461768    -4.99381757
       68     0.00416056    -5.01477940    -5.01061885    -5.16806077    -5.01477940    -4.99368530
       69     0.00417324    -5.01490135    -5.01072810    -5.16752123    -5.01490135    -4.99351325
       70     0.00414645    -5.01498359    -5.01083714    -5.16694198    -5.01498359    -4.99330150
       71     0.00408927    -5.01499496    -5.01090569    -5.16632862    -5.01499496    -4.99305562
       72     0.00401456    -5.01501881    -5.01100425    -5.16569098    -5.01501881    -4.99278548
       73     0.00393741    -5.01503103    -5.01109362    -5.16504171    -5.01503103    -4.99250370
       74     0.00387366    -5.01504553    -5.01117187    -5.16439472    -5.01504553    -4.99222421
       75     0.00383844    -5.01507606    -5.01123762    -5.16376377    -5.01507606    -4.99196075
       76     0.00384511    -5.01517173    -5.01132662    -5.16316120    -5.01517173    -4.99168892
       77     0.00390426    -5.01530575    -5.01140149    -5.16259698    -5.01530575    -4.99141870
       78     0.00402307    -5.01548497    -5.01146191    -5.16207796    -5.01548497    -4.99119368
       79     0.00420482    -5.01571257    -5.01150775    -5.16160732    -5.01571257    -4.99101703
       80     0.00444864    -5.01602454    -5.01157590    -5.16118431    -5.01602454    -4.99081452
       81     0.00474943    -5.01637943    -5.01163000    -5.16080421    -5.01637943    -4.99065491
       82     0.00509813    -5.01680558    -5.01170744    -5.16045862    -5.01680558    -4.99049307
       83     0.00548235    -5.01725480    -5.01177245    -5.16013611    -5.01725480    -4.99035431
       84     0.00588735    -5.01775041    -5.01186306    -5.15982323    -5.01775041    -4.99015168
       85     0.00629747    -5.01824160    -5.01194413    -5.15950594    -5.01824160    -4.98994463
       86     0.00669789    -5.01875217    -5.01205428    -5.15917128    -5.01875217    -4.98968347
       87     0.00707637    -5.01923519    -5.01215882    -5.15880906    -5.01923519    -4.98935800
       88     0.00742489    -5.01968480    -5.01225991    -5.15841344    -5.01968480    -4.98896238
       89     0.00774097    -5.02013746    -5.01239648    -5.15798412    -5.02013746    -4.98849630
       90     0.00802832    -5.02059912    -5.01257080    -5.15752704    -5.02059912    -4.98800248
       91     0.00829656    -5.02100831    -5.01271174    -5.15705425    -5.02100831    -4.98745619
       92     0.00855999    -5.02149218    -5.01293219    -5.15658264    -5.02149218    -4.98687433
       93     0.00883538    -5.02196031    -5.01312494    -5.15613204    -5.02196031    -4.98631348
       94     0.00913920    -5.02250633    -5.01336713    -5.15572257    -5.02250633    -4.98575702
       95     0.00948468    -5.02311105    -5.01362637    -5.15537182    -5.02311105    -4.98522252
       96     0.00987911    -5.02382362    -5.01394451    -5.15509215    -5.02382362    -4.98479586
       97     0.01032201    -5.02461255    -5.01429054    -5.15488885    -5.02461255    -4.98437206
       98     0.01080466    -5.02551199    -5.01470734    -5.15475931    -5.02551199    -4.98405877
       99     0.01131091    -5.02647524    -5.01516433    -5.15469358    -5.02647524    -4.98377255
      100     0.01181945    -5.02752338    -5.01570393    -5.15467599    -5.02752338    -4.98353446
      101     0.01230679    -5.02860073    -5.01629393    -5.15468761    -5.02860073    -4.98336233
      102     0.01275069    -5.02972464    -5.01697395    -5.15470904    -5.02972464    -4.98316327
      103     0.01313315    -5.03084105    -5.01770790    -5.15472297    -5.03084105    -4.98299345
      104     0.01344269    -5.03197344    -5.01853075    -5.15471614    -5.03197344    -4.98280287
      105     0.01367549    -5.03307712    -5.01940162    -5.15468058    -5.03307712    -4.98258357
      106     0.01383538    -5.03418644    -5.02035107    -5.15461393    -5.03418644    -4.98236992
      107     0.01393261    -5.03526737    -5.02133476    -5.15451888    -5.03526737    -4.98212787
      108     0.01398219    -5.03636342    -5.02238123    -5.15440220    -5.03636342    -4.98186420
      109     0.01400172    -5.03744743    -5.02344571    -5.15427348    -5.03744743    -4.98162523
      110     0.01400935    -5.03856713    -5.02455779    -5.15414371    -5.03856713    -4.98138521
      111     0.01402196    -5.03969689    -5.02567493    -5.15402399    -5.03969689    -4.98115524
      112     0.01405380    -5.04084678    -5.02679298    -5.15392440    -5.04084678    -4.98094541
      113     0.01411565    -5.04206181    -5.02794616    -5.15385321    -5.04206181    -4.98080071
      114     0.01421445    -5.04334794    -5.02913348    -5.15381636    -5.04334794    -4.98065362
      115     0.01435335    -5.04467180    -5.03031845    -5.15381725    -5.04467180    -4.98058101
      116     0.01453202    -5.04607102    -5.03153900    -5.15385674    -5.04607102    -4.98054700
      117     0.01474723    -5.04750736    -5.03276013    -5.15393336    -5.04750736    -4.98051337
      118     0.01499351    -5.04897738    -5.03398387    -5.15404365    -5.04897738    -4.98055017
      119     0.01526388    -5.05051282    -5.03524894    -5.15418262    -5.05051282    -4.98057888
      120     0.01555069    -5.05210771    -5.03655702    -5.15434429    -5.05210771    -4.98063030
