#    Non-Adiabatic Coupling Matrix Elements: off-diagonal
         0     0.00002655
         1     0.00002665
         2     0.00002634
         3     0.00002550
         4     0.00002432
         5     0.00002278
         6     0.00002095
         7     0.00001889
         8     0.00001680
         9     0.00001475
        10     0.00001282
        11     0.00001109
        12     0.00000962
        13    -0.00132867
        14    -0.00084076
        15    -0.00074770
        16    -0.00073324
        17    -0.00074226
        18    -0.00075778
        19    -0.00077213
        20    -0.00078231
        21    -0.00078760
        22    -0.00078899
        23    -0.00078783
        24    -0.00078507
        25    -0.00078127
        26    -0.00077609
        27    -0.00076905
        28    -0.00075971
        29    -0.00074778
        30    -0.00073324
        31    -0.00071627
        32    -0.00069719
        33    -0.00067642
        34    -0.00065439
        35    -0.00063155
        36    -0.00060830
        37    -0.00058500
        38    -0.00056197
        39    -0.00053945
        40    -0.00051765
        41    -0.00049673
        42    -0.00047680
        43    -0.00045794
        44    -0.00044021
        45    -0.00042362
        46    -0.00040818
        47    -0.00039387
        48    -0.00038063
        49    -0.00036844
        50    -0.00035722
        51    -0.00034690
        52    -0.00033742
        53    -0.00032869
        54    -0.00032065
        55    -0.00031321
        56    -0.00030631
        57    -0.00029988
        58    -0.00029387
        59    -0.00028822
        60    -0.00028289
        61    -0.00027784
        62    -0.00027306
        63    -0.00026851
        64    -0.00026418
        65    -0.00026007
        66    -0.00025619
        67    -0.00025253
        68    -0.00024910
        69    -0.00024592
        70    -0.00024395
        71    -0.00024136
        72    -0.00023909
        73    -0.00023717
        74    -0.00023564
        75    -0.00023454
        76    -0.00023394
        77    -0.00023388
        78    -0.00023443
        79    -0.00023565
        80    -0.00023763
        81    -0.00024043
        82    -0.00024412
        83    -0.00024877
        84    -0.00025447
        85    -0.00026126
        86    -0.00026921
        87    -0.00027836
        88    -0.00028879
        89    -0.00030054
        90    -0.00031368
        91    -0.00032825
        92    -0.00034432
        93    -0.00036198
        94    -0.00038132
        95    -0.00040247
        96    -0.00042559
        97    -0.00045089
        98    -0.00047866
        99    -0.00050926
       100    -0.00054319
       101    -0.00058109
       102    -0.00062386
       103    -0.00067269
       104    -0.00072924
       105    -0.00079585
       106    -0.00087583
       107    -0.00097400
       108    -0.00109764
       109    -0.00125801
       110    -0.00147334
       111    -0.00177456
       112    -0.00221724
       113    -0.00290883
       114    -0.00407311
       115    -0.00624566
       116    -0.01079133
       117    -0.02092247
       118    -0.04138566
       119    -0.02425045
       120    -0.01162327
       121    -0.00650719
       122    -0.00421611
       123    -0.00303852
       124    -0.00236657
       125    -0.00195241
       126    -0.00168213
       127    -0.00149806
       128    -0.00136858
       129    -0.00127533
       130    -0.00120706
       131    -0.00115657
       132    -0.00111909
       133    -0.00109142
       134    -0.00107127
       135    -0.00105705
       136    -0.00104761
       137    -0.00104211
       138    -0.00103994
       139    -0.00104079
       140    -0.00104420
       141    -0.00105007
       142    -0.00105834
       143    -0.00106898
       144    -0.00108203
       145    -0.00109756
       146    -0.00111578
       147    -0.00113679
       148    -0.00116180
       149    -0.00119114
       150    -0.00122570
       151    -0.00126664
       152    -0.00131554
       153    -0.00137477
       154    -0.00144653
       155    -0.00153553
       156    -0.00164728
       157    -0.00178992
       158    -0.00197510
       159    -0.00221893
       160    -0.00254041
       161    -0.00294798
       162    -0.00338518
       163    -0.00362707
       164    -0.00339284
       165    -0.00279628
       166    -0.00217682
       167    -0.00168304
       168    -0.00131794
       169    -0.00105050
       170    -0.00085227
       171    -0.00070278
       172    -0.00058807
       173    -0.00049858
       174    -0.00042774
       175    -0.00037091
       176    -0.00032477
       177    -0.00028660
       178    -0.00025521
       179    -0.00022896
       180    -0.00020680
       181    -0.00018796
       182    -0.00017184
       183    -0.00015794
       184    -0.00014591
       185    -0.00013543
       186    -0.00012628
       187    -0.00011825
       188    -0.00011119
       189    -0.00010498
       190    -0.00009949
       191    -0.00009465
       192    -0.00009036
       193    -0.00008658
       194    -0.00008323
       195    -0.00008045
       196    -0.00007781
       197    -0.00007545
       198    -0.00007338
       199    -0.00007151
       200    -0.00006984
       201    -0.00006819
       202    -0.00006682
       203    -0.00006555
       204    -0.00006438
       205    -0.00006326
       206    -0.00006219
       207    -0.00006115
       208    -0.00006012
       209    -0.00005909
       210    -0.00005804
       211    -0.00005695
       212    -0.00005583
       213    -0.00005464
       214    -0.00005339
       215    -0.00005206
       216    -0.00005063
       217    -0.00004910
       218    -0.00004744
       219    -0.00004564
       220    -0.00004368
       221    -0.00004154
       222    -0.00003920
       223    -0.00003662
       224    -0.00003380
       225    -0.00003070
       226    -0.00002730
       227    -0.00002358
       228    -0.00001953
       229    -0.00001514
       230    -0.00001040
       231    -0.00000533
       232     0.00000006
       233     0.00000574
       234     0.00001167
       235     0.00001781
       236     0.00002410
       237     0.00003048
       238     0.00003689
       239     0.00004326
       240     0.00004954
       241     0.00005567
       242     0.00006161
       243     0.00006731
       244     0.00007275
       245     0.00007793
       246     0.00008285
       247     0.00008752
       248     0.00009198
       249     0.00009626
       250     0.00010041
       251     0.00010449
       252     0.00010855
       253     0.00011263
       254     0.00011682
       255     0.00012140
       256     0.00012587
       257     0.00013075
       258     0.00013555
       259     0.00014100
       260     0.00014684
       261     0.00015312
       262     0.00015988
       263     0.00016713
       264     0.00017488
       265     0.00018309
       266     0.00019170
       267     0.00020059
       268     0.00020957
       269     0.00021871
       270     0.00022717
       271     0.00023486
       272     0.00024140
       273     0.00024632
       274     0.00024914
       275     0.00024933
       276     0.00024636
       277     0.00023972
       278     0.00022896
       279     0.00021370
       280     0.00019370
       281     0.00016893
       282     0.00013955
       283     0.00010600
       284     0.00006898
       285     0.00002944
       286    -0.00001148
       287    -0.00005251
       288    -0.00009236
       289    -0.00012981
       290    -0.00016382
       291    -0.00019355
       292    -0.00021842
       293    -0.00023817
       294    -0.00025274
       295    -0.00026233
       296    -0.00026731
       297    -0.00026817
       298    -0.00026553
       299    -0.00026002
       300    -0.00025204
