#     Density Matrix: coherence Re-Im; see the manual for detail orders
        0     0.00000000     0.00000000
        1     0.00013681     0.00007430
        2     0.00018509     0.00178476
        3     0.00008910     0.00126385
        4    -0.00009503     0.00230691
        5    -0.00036200     0.00307052
        6    -0.00050929     0.00351882
        7    -0.00020635     0.00394634
        8     0.00020300     0.00500978
        9    -0.00027220     0.00612733
       10    -0.00040299     0.00621390
       11     0.00013515     0.00738164
       12    -0.00059938     0.00803362
       13     0.00011203     0.00878417
       14    -0.00061851     0.00956689
       15     0.00011443     0.01039339
       16    -0.00039589     0.01049391
       17    -0.00008706     0.01145815
       18     0.00030249     0.01092399
       19    -0.00022828     0.01090354
       20     0.00029002     0.01101600
       21     0.00066925     0.00994127
       22     0.00020521     0.00913233
       23     0.00027083     0.00887109
       24     0.00091759     0.00794850
       25     0.00114157     0.00635494
       26     0.00099190     0.00488685
       27     0.00127493     0.00350269
       28     0.00222237     0.00144440
       29     0.00334391    -0.00170788
       30     0.00416638    -0.00570175
       31     0.00475767    -0.01009101
       32     0.00561046    -0.01478783
       33     0.00720882    -0.02015346
       34     0.00967171    -0.02671686
       35     0.01263506    -0.03478050
       36     0.01539184    -0.04418355
       37     0.01710807    -0.05428908
       38     0.01697728    -0.06411317
       39     0.01425232    -0.07247651
       40     0.00819954    -0.07810875
       41    -0.00195777    -0.07971031
       42    -0.01711742    -0.07600348
       43    -0.03850029    -0.06578012
       44    -0.06809210    -0.04790723
       45    -0.10925363    -0.02124062
       46    -0.16662563     0.01553179
       47    -0.24252267     0.06394193
       48    -0.32589344     0.12544848
       49    -0.39269113     0.20609945
       50    -0.37575953     0.31391876
       51    -0.25368144     0.42968771
       52    -0.03547249     0.49873933
       53     0.24320991     0.43666272
       54     0.46540577     0.18045298
       55     0.45116614    -0.20721962
       56     0.11679501    -0.47296314
       57    -0.31400343    -0.34170191
       58    -0.41265989     0.10292204
       59    -0.06081244     0.37965668
       60     0.31859561     0.17233203
       61     0.26752119    -0.23343083
       62    -0.09875163    -0.31955855
       63    -0.27994675    -0.03138552
       64    -0.06937456     0.21336010
       65     0.23186875     0.08932862
       66     0.20401805    -0.23255636
       67    -0.11798321    -0.27970118
       68    -0.21113739     0.04449016
       69     0.13534841     0.12488703
       70     0.06464585    -0.23437366
       71    -0.14794823     0.08618418
       72     0.15344801    -0.15633267
       73    -0.07017588     0.10891017
       74    -0.09959530    -0.12173817
       75     0.10010782    -0.08779823
       76     0.09995239     0.04776891
       77     0.00000000     0.00000000
       78    -0.00016252    -0.00086779
       79    -0.00023407    -0.00347392
       80    -0.00023915    -0.00599395
       81    -0.00031789    -0.00442180
       82    -0.00044017    -0.00273626
       83    -0.00018840    -0.00387106
       84     0.00114783    -0.00759806
       85     0.00350376    -0.01622138
       86     0.00466746    -0.03025933
       87    -0.00398731    -0.03219465
       88     0.00202959    -0.02984437
       89    -0.00256567    -0.02976020
       90     0.00108212    -0.02621125
       91     0.00416356    -0.03241784
       92     0.00167444    -0.03734091
       93     0.00280922    -0.03977267
       94     0.00861281    -0.04654530
       95     0.01412081    -0.05921484
       96     0.01579091    -0.07434052
       97     0.01266172    -0.08756489
       98     0.00517251    -0.09541265
       99    -0.00527275    -0.09552613
      100    -0.01608623    -0.08694586
      101    -0.02377140    -0.07074893
      102    -0.02511344    -0.05049637
      103    -0.01896490    -0.03174122
      104    -0.00775466    -0.02009770
      105     0.00261712    -0.01815564
      106     0.00563834    -0.02283688
      107    -0.00070282    -0.02593009
      108    -0.01010939    -0.01986676
      109    -0.01132451    -0.00636950
      110    -0.00051635     0.00167951
      111     0.00947850    -0.00544848
      112     0.00326631    -0.01631739
      113    -0.00972540    -0.01062798
      114    -0.00521246     0.00380837
      115     0.00933682    -0.00055339
      116     0.00374766    -0.01495751
      117    -0.01015019    -0.00754675
      118    -0.00028748     0.00504503
      119     0.01048838    -0.00750743
      120    -0.00406235    -0.01558272
      121    -0.00805056     0.00031099
      122     0.00868562    -0.00042920
      123     0.00335455    -0.01663054
      124    -0.01049867    -0.00678597
      125     0.00328578     0.00327517
      126     0.00831610    -0.01312329
      127    -0.00872848    -0.01243423
      128    -0.00179752     0.00292970
      129     0.01089078    -0.00969773
      130    -0.00426270    -0.01853990
      131    -0.00660126    -0.00301111
      132     0.01004965    -0.00697601
      133     0.00354344    -0.02364812
      134    -0.00933130    -0.01586950
      135     0.00250419    -0.00708870
      136     0.01183053    -0.02240474
      137    -0.00154349    -0.03277568
      138    -0.00819775    -0.02164356
      139     0.00552048    -0.01820010
      140     0.00996191    -0.03404333
      141    -0.00544198    -0.03871756
      142    -0.00873800    -0.02295289
      143     0.00710688    -0.02134545
      144     0.00385767    -0.03630342
      145    -0.01145671    -0.02594931
      146     0.00364762    -0.01359671
      147     0.00317422    -0.03063359
      148    -0.00948391    -0.01352694
      149     0.01012439    -0.02051399
      150    -0.00953844    -0.01685916
      151     0.01214470    -0.03437771
      152    -0.00096855    -0.01648847
      153    -0.01930786    -0.00167737
      154    -0.00262823    -0.02011061
      155     0.01722390    -0.00835895
      156     0.01595432     0.00925704
      157     0.00729586     0.01664516
      158     0.00254551     0.01802894
      159     0.00290174     0.01807870
      160     0.00584077     0.01732801
      161     0.00795807     0.01626872
      162     0.00639182     0.01659981
      163    -0.00133772     0.01725020
      164    -0.01424606     0.00993541
      165    -0.01653375    -0.01230254
      166     0.00845030    -0.02688546
      167     0.02493723    -0.03251078
      168    -0.02032433    -0.02730828
      169     0.00089428    -0.04550021
      170    -0.00012126     0.00152186
      171     0.00361299    -0.04041053
      172    -0.01203277    -0.00295618
      173     0.02180409    -0.02706405
      174    -0.01580795    -0.03764445
      175    -0.00229312    -0.00514235
      176     0.02095108    -0.03318612
      177    -0.01271885    -0.04489650
      178    -0.01409702    -0.00920412
      179     0.01856295    -0.01597546
      180     0.00098168    -0.04269679
      181    -0.02269678    -0.01522956
      182     0.00778714     0.00348818
      183     0.01439955    -0.02781425
      184    -0.01997885    -0.02123397
      185    -0.00487387     0.01250899
      186     0.02017012    -0.01007874
      187    -0.01126165    -0.02357165
      188    -0.01511675     0.01279077
      189     0.01883455     0.00690835
      190     0.00158757    -0.02131856
      191    -0.02220992     0.00471787
      192     0.00658172     0.02350011
      193     0.01798310    -0.00602987
      194    -0.01320614    -0.01169231
      195    -0.01614325     0.02000474
      196     0.01500910     0.02118209
      197     0.01527609    -0.00961146
      198    -0.01505961    -0.00978002
      199    -0.01534592     0.02022068
      200     0.01451922     0.02100628
      201     0.01572205    -0.00863338
      202    -0.01436641    -0.01010539
      203    -0.01715739     0.02062419
      204     0.01264430     0.02479764
      205     0.01599194    -0.00392112
      206    -0.01421013    -0.00610285
      207    -0.01797951     0.02578455
      208     0.01234031     0.03099867
      209     0.01502072     0.00222860
      210    -0.01581025     0.00260793
      211    -0.01422148     0.03522653
      212     0.01833637     0.03039474
      213     0.00745156    -0.00169574
      214    -0.02119281     0.01765598
      215     0.00947407     0.03681150
      216     0.01078649    -0.00204192
      217    -0.02023437     0.02260725
      218     0.02130861     0.01979932
      219    -0.01925218     0.00556067
      220     0.02033450     0.02153014
      221    -0.02172256     0.01817137
      222     0.00377113     0.01958565
      223     0.02168609     0.00259578
      224    -0.00421374     0.02193590
      225    -0.02127714    -0.00201577
      226    -0.00471749    -0.02005715
      227     0.01339650    -0.01557367
      228     0.02006122    -0.00604397
      229     0.02106559    -0.00220433
      230     0.02041674    -0.00496733
      231     0.01723691    -0.01157271
      232     0.01101969    -0.01769145
      233     0.00448784    -0.02073102
      234     0.00089051    -0.02155953
      235     0.00184591    -0.02175746
      236     0.00797353    -0.02049025
      237     0.01759080    -0.01303334
      238     0.02037291     0.00530928
      239    -0.00001219     0.02015776
      240    -0.02139268    -0.00210132
      241     0.00925393    -0.01968292
      242     0.00806834     0.01973363
      243    -0.01782163    -0.01129592
      244     0.01368787     0.01951582
      245    -0.01308396     0.00692749
      246     0.01398551     0.01437650
      247    -0.01191385     0.00095566
      248     0.00999312     0.01752548
      249    -0.00396926    -0.00784711
      250    -0.00266150     0.01883758
      251     0.01067998    -0.00575841
      252    -0.01411036     0.00469823
      253     0.01133582     0.01206974
      254    -0.00209291    -0.01054943
      255    -0.00931855     0.01521265
      256     0.01423042     0.00396111
      257    -0.00964470    -0.00600799
      258    -0.00093245     0.01797544
      259     0.01195891    -0.00590419
      260    -0.01345119    -0.00105101
      261     0.00909171     0.01127309
      262     0.00217930    -0.01611909
      263    -0.00953705     0.00650883
      264     0.01472191    -0.00712448
      265    -0.01247227    -0.01241040
      266     0.00896164     0.00369250
      267    -0.00256156    -0.02290475
      268    -0.00165493     0.00428660
      269     0.00559410    -0.02388243
      270    -0.00687779     0.00101555
      271     0.00768799    -0.02457423
      272    -0.00518008    -0.00107629
      273     0.00438312    -0.03273551
      274     0.01517998    -0.03249888
      275    -0.03668302    -0.00457621
      276     0.02311940    -0.02960747
      277     0.00387053     0.03248241
      278    -0.03191929    -0.01632191
      279     0.02420432    -0.02676591
      280     0.02340558     0.02465357
      281    -0.01974656     0.02752307
      282    -0.03500605    -0.00148511
      283    -0.02911567    -0.02088432
      284    -0.02456979    -0.02627972
      285    -0.02768253    -0.02249482
      286    -0.03363971    -0.01037396
      287    -0.03431598     0.00664129
      288    -0.02868392     0.02027555
      289    -0.02465610     0.02572730
      290    -0.02858567     0.02163524
      291    -0.03502252     0.00261745
      292    -0.01940303    -0.02759250
      293     0.02574135    -0.02247437
      294     0.01868058     0.03076091
      295    -0.03482663     0.00344587
      296     0.02064483    -0.02821099
      297     0.00278662     0.03466868
      298    -0.02168448    -0.02818414
      299     0.02958790     0.01868627
      300    -0.03201035     0.00854588
      301     0.03044762    -0.00358854
      302    -0.02987070     0.01833436
      303     0.03077020    -0.00232910
      304    -0.03197999     0.00861413
      305     0.03107716     0.01481792
      306    -0.02476334    -0.01415956
      307     0.01300196     0.03474331
      308     0.00477867    -0.02731630
      309    -0.02106915     0.02720657
      310     0.03206137    -0.00409157
      311    -0.02773801    -0.01429494
      312     0.01315677     0.02821204
      313     0.01051316    -0.03378038
      314    -0.02659363     0.01203352
      315     0.03230160    -0.00195934
      316    -0.02165350    -0.03077024
      317     0.00343793     0.02374776
      318     0.01619657    -0.03612802
      319    -0.02895178     0.00540939
      320     0.03200324    -0.00514194
      321    -0.02616985    -0.02719006
      322     0.01752035     0.01690697
      323    -0.00701288    -0.04331897
      324     0.00342965     0.01646629
      325     0.00270175    -0.05547162
      326     0.03552361    -0.05099881
      327    -0.07690480    -0.02735479
      328     0.06770489    -0.02976405
      329    -0.04245517     0.05590598
      330    -0.01646638    -0.07283239
      331     0.07029596     0.01672265
      332    -0.03051005     0.06494872
      333    -0.06978848    -0.02115772
      334    -0.01582444    -0.07153673
      335     0.03452378    -0.06415438
      336     0.05619926    -0.04585104
      337     0.06143291    -0.03838493
      338     0.05921338    -0.04179795
      339     0.05342322    -0.04925966
      340     0.04885740    -0.05417134
      341     0.05127757    -0.05214517
      342     0.06249802    -0.03779998
      343     0.07256396    -0.00297303
      344     0.05317294     0.04864644
      345    -0.01683313     0.06987265
      346    -0.07258792     0.00027157
      347    -0.00141449    -0.07351095
      348     0.07142070     0.01232119
      349    -0.03925968     0.05918350
      350    -0.03202959    -0.06797053
      351     0.07229272     0.00779504
      352    -0.04139744    -0.01747916
      353    -0.00377875    -0.05979204
      354     0.02273065     0.03102108
      355    -0.03723870    -0.03347504
      356     0.04226606     0.01302210
      357    -0.04529042    -0.01229875
      358     0.04516911     0.00528769
      359    -0.04550466    -0.00864585
      360     0.04378554     0.01330749
      361    -0.04062172    -0.02123621
      362     0.03132518     0.03514532
      363    -0.01701097    -0.03918035
      364    -0.00849159     0.05216814
      365     0.03059742    -0.02191868
      366    -0.04763458     0.01772715
      367     0.03244297     0.04984852
      368     0.00260144    -0.02672217
      369    -0.03521318     0.04518578
      370     0.04688835     0.02144561
      371    -0.02773492    -0.02523345
      372     0.00543600     0.05352069
      373     0.01393703    -0.03748153
      374    -0.02202500     0.04674212
      375     0.01956400    -0.03389565
      376    -0.00726337     0.05452843
      377    -0.01924438    -0.03204018
      378     0.04483476     0.02074977
      379    -0.02898038     0.04155229
      380    -0.02911593    -0.03074734
      381     0.03434993    -0.02744310
      382     0.03689637     0.03001796
      383    -0.01494453     0.04567805
      384    -0.04590310     0.00369664
      385    -0.01838688    -0.04013394
      386     0.03331176    -0.02989900
      387     0.03997562     0.02431828
      388    -0.01347787     0.04522876
      389    -0.04532685    -0.00612707
      390     0.00394175    -0.04497060
      391     0.04585663     0.00390887
      392    -0.00454090     0.04647099
      393    -0.04546790    -0.00620635
      394     0.01074630    -0.04333957
      395     0.04327044     0.01690258
      396    -0.02049576     0.04279051
      397    -0.03748890    -0.02498011
      398     0.03293095    -0.03103478
      399     0.02422643     0.03997543
      400    -0.04414552     0.01404647
      401     0.00153938    -0.04450207
      402     0.04157370     0.02128187
      403    -0.03644279     0.03074171
      404    -0.00412823    -0.04283410
      405     0.03852796     0.02808432
      406    -0.04460287     0.01289299
      407     0.02773210    -0.03538800
      408    -0.00085344     0.04573478
      409    -0.02057346    -0.04333348
      410     0.03722818     0.02263072
      411    -0.04378003    -0.02018785
      412     0.04545836    -0.00891353
      413    -0.04401258     0.01050195
      414     0.03616558    -0.03013237
      415    -0.02707064     0.03671812
      416     0.01226873    -0.04377248
      417     0.00550095     0.04613499
      418    -0.02468860    -0.03886087
      419     0.04170538     0.01837241
      420    -0.04481844     0.00552338
      421     0.02794510    -0.04042492
      422     0.00847311     0.04088858
      423    -0.04108674    -0.02486541
      424     0.03990377    -0.02674755
      425    -0.00264838     0.04232490
      426    -0.03721868    -0.02981329
      427     0.04352258    -0.01462201
      428    -0.01763269     0.04238494
      429    -0.01909817    -0.04129821
      430     0.04259538     0.01767668
      431    -0.04312289     0.01644547
      432     0.02185051    -0.03958664
      433     0.01192375     0.04511118
      434    -0.04092994    -0.01991802
      435     0.04049274    -0.02053644
      436     0.00174361     0.04696228
      437    -0.04484539    -0.00860371
      438     0.01118759    -0.04340077
      439     0.04588904     0.00295144
      440     0.01740578     0.04317777
      441    -0.02368948     0.03967563
      442    -0.04426105     0.01205999
      443    -0.04230185    -0.01760473
      444    -0.02389265    -0.03902141
      445     0.00633262    -0.04516107
      446     0.03795925    -0.02544392
      447     0.04084226     0.02080982
      448    -0.01103596     0.04425411
      449    -0.04348612    -0.01451419
      450     0.02887182    -0.03557887
      451     0.01101614     0.04464144
      452    -0.03702109    -0.02631327
      453     0.04504599     0.00836994
      454    -0.04523806     0.01034579
      455     0.04224465    -0.01446318
      456    -0.03969667     0.02609054
      457     0.03691316    -0.02346884
      458    -0.03416969     0.03474474
      459     0.02868390    -0.02923280
      460    -0.02658652     0.05253571
      461    -0.03380125     0.06171769
      462     0.08746207     0.05625047
      463     0.00000000     0.00000000
      464    -0.00088467     0.02228247
      465     0.00623620    -0.00223895
      466    -0.01103975     0.01471793
      467     0.01185268     0.01184450
      468    -0.00636436    -0.00081551
      469    -0.00666814     0.02216859
      470     0.01279570     0.01240990
      471    -0.00243711    -0.00194161
      472    -0.00856641     0.01427885
      473     0.01151654     0.01186538
      474     0.00788886    -0.01119723
      475    -0.00962535    -0.00738828
      476     0.00207394     0.00365500
      477     0.01493929    -0.01555438
      478    -0.00246534    -0.02950317
      479    -0.00843519    -0.01389513
      480     0.01091384    -0.01640991
      481     0.00191025    -0.03601371
      482    -0.01209321    -0.01802688
      483     0.01072740    -0.01624142
      484    -0.00697970    -0.03062740
      485     0.00283996    -0.00720766
      486    -0.00273475    -0.03182763
      487     0.00722563    -0.00976628
      488    -0.01377053    -0.01746663
      489     0.00396803    -0.02177138
      490     0.01078521    -0.00259555
      491     0.00078685     0.00763235
      492    -0.00813102     0.00624148
      493    -0.01167671     0.00174966
      494    -0.01213968    -0.00228733
      495    -0.01100943    -0.00618933
      496    -0.00754678    -0.01089502
      497     0.00059976    -0.01460697
      498     0.01132605    -0.00954082
      499     0.00683239     0.00454610
      500    -0.01160856    -0.00606087
      501     0.00814023    -0.02005021
      502    -0.00262043    -0.00200143
      503     0.00741958    -0.03146301
      504    -0.00231529    -0.02297836
      505     0.01140235    -0.04349128
      506    -0.01775803    -0.03704508
      507    -0.00101572    -0.00618878
      508     0.00986129    -0.02541943
      509    -0.01527298    -0.01900188
      510    -0.00267348     0.00545270
      511     0.01466438    -0.01075127
      512    -0.00529738    -0.02224991
      513    -0.01463003    -0.00077160
      514     0.00553755     0.00810373
      515     0.01423852    -0.01018977
      516    -0.00201652    -0.02047359
      517    -0.01362573    -0.00781817
      518    -0.00278352     0.00476702
      519     0.01415184    -0.00300397
      520     0.01370480    -0.02223264
      521    -0.00502942    -0.02844358
      522    -0.01960817    -0.01140187
      523    -0.01066332     0.01053002
      524     0.01031954     0.01013612
      525     0.01046520    -0.00852892
      526    -0.01247552    -0.00744356
      527    -0.01448380     0.02000916
      528     0.01184842     0.02221941
      529     0.00580212    -0.00235216
      530    -0.01749628     0.01513252
      531     0.00967968     0.02919898
      532     0.00290424    -0.00102916
      533    -0.01209328     0.02836790
      534     0.01461718     0.01032292
      535    -0.01828368     0.02785801
      536     0.00543200     0.03497293
      537     0.00247730     0.04083342
      538     0.00352747    -0.00189728
      539     0.00758222     0.00840304
      540    -0.00774731     0.00589822
      541    -0.00316508    -0.00813766
      542     0.00888622    -0.00206554
      543     0.00319124     0.00935090
      544    -0.00773593     0.00616573
      545    -0.00794758    -0.00355794
      546    -0.00034737    -0.00748603
      547     0.00673050    -0.00413234
      548     0.00918577     0.00280457
      549     0.00578657     0.00946868
      550    -0.00285110     0.01086024
      551    -0.00913745     0.00195461
      552     0.00014225    -0.00718939
      553     0.00836610     0.00572467
      554    -0.00860884     0.00667839
      555     0.00523510    -0.00272146
      556    -0.00613872     0.01496498
      557     0.00369557     0.00593809
      558    -0.01527667     0.02734585
      559    -0.04098597     0.08544480
      560     0.05197918     0.10801046
      561     0.00000000     0.00000000
      562    -0.02104948     0.03990343
      563     0.02842905     0.03152598
      564     0.00711190    -0.01685943
      565    -0.02851283     0.01286007
      566     0.01097380     0.03589178
      567     0.02747040    -0.00938806
      568    -0.01673934    -0.02090366
      569    -0.02062149     0.02078087
      570     0.02340223     0.01885975
      571     0.02447279    -0.02784922
      572    -0.01688764    -0.03395403
      573    -0.02010512     0.00222380
      574     0.01963851     0.00351156
      575     0.02525467    -0.03899587
      576    -0.01714007    -0.04699179
      577    -0.02636823    -0.00318790
      578     0.01657466     0.00647295
      579     0.02000054    -0.03524475
      580    -0.02552015    -0.02972769
      581    -0.01360663     0.01808809
      582     0.02890507    -0.00304137
      583    -0.00658762    -0.03557871
      584    -0.02430773     0.01239480
      585     0.02793068     0.00606339
      586    -0.00737540    -0.03541696
      587    -0.01324908     0.01861725
      588     0.02718939    -0.02546643
      589    -0.02774696    -0.00930377
      590     0.03305120    -0.02490263
      591    -0.02959153    -0.01767844
      592     0.01656682    -0.03432052
      593    -0.00132417     0.01893797
      594    -0.02348655    -0.01913061
      595     0.01999973    -0.02123820
      596     0.01661948     0.01901262
      597    -0.01826549     0.01892747
      598    -0.02531290    -0.01026064
      599    -0.00227810    -0.02620044
      600     0.02305824    -0.01230557
