#     Density Matrix: coherence Re-Im; see the manual for detail orders
        0     0.00000000     0.00000000     0.00000000     0.00000000     0.00000000     0.00000000
        1    -0.00000054     0.00000046    -0.00017040     0.00028033     0.00205627    -0.00067543
        2    -0.00000071     0.00000238     0.00012839     0.00032736     0.00555574    -0.00433761
        3    -0.00000560     0.00000130    -0.00016957     0.00042038     0.00727200    -0.01038623
        4    -0.00000672     0.00000554     0.00013041     0.00045248     0.00734593    -0.01695284
        5    -0.00001363     0.00000013    -0.00017304     0.00052390     0.00796772    -0.02337730
        6    -0.00001720     0.00001140     0.00013022     0.00059950     0.01219023    -0.03130200
        7    -0.00002954     0.00000630    -0.00016054     0.00057657     0.02332346    -0.04461534
        8    -0.00004587     0.00004218     0.00011320     0.00073111     0.04652533    -0.06950483
        9    -0.00007590     0.00003962    -0.00010988     0.00054678     0.09423183    -0.11667298
       10    -0.00015990     0.00017229     0.00005533     0.00075503     0.19293265    -0.20729980
       11    -0.00016618     0.00016092     0.00002934     0.00033623     0.29404352    -0.36194213
       12    -0.00054408     0.00008813     0.00001806     0.00043561     0.05783814    -0.48311896
       13    -0.00016832    -0.00029005    -0.00015247     0.00029501    -0.26894014    -0.42148235
       14    -0.00033122    -0.00068128    -0.00013581     0.00096098    -0.40224579    -0.27102657
       15    -0.00024663    -0.00033052     0.00025215     0.00056982    -0.44869879    -0.10243526
       16     0.00020521    -0.00035397    -0.00027419     0.00063985    -0.43366669     0.05252857
       17     0.00012163    -0.00050628     0.00019746     0.00095477    -0.37600421     0.17690370
       18     0.00004170    -0.00017904     0.00018098     0.00032877    -0.29389496     0.26404378
       19     0.00031671    -0.00006063    -0.00026820     0.00066508    -0.20257013     0.31439641
       20     0.00023243    -0.00023617     0.00036179     0.00072148    -0.11332214     0.33258243
       21     0.00001254    -0.00002924     0.00007491     0.00004162    -0.03361389     0.32508788
       22     0.00020578     0.00015041    -0.00038105     0.00066004     0.03239525     0.29900408
       23     0.00024973    -0.00004242     0.00038907     0.00075471     0.08309385     0.26109065
       24     0.00001213    -0.00002449     0.00010354    -0.00000422     0.11897727     0.21708323
       25     0.00004227     0.00016007    -0.00041108     0.00057316     0.14173979     0.17135457
       26     0.00015269     0.00007069     0.00034915     0.00073189     0.15330440     0.12686418
       27     0.00002159    -0.00002081     0.00015847    -0.00004265     0.15568421     0.08538165
       28    -0.00004199     0.00008354    -0.00040388     0.00041202     0.15032563     0.04784888
       29     0.00004523     0.00008964     0.00024819     0.00066270     0.13834828     0.01490376
       30     0.00002632    -0.00000275     0.00021060    -0.00004414     0.12108346    -0.01296366
       31    -0.00004482     0.00001002    -0.00036482     0.00022777     0.09927561    -0.03527313
       32     0.00000000     0.00000000     0.00000000     0.00000000     0.00000000     0.00000000
       33     0.00007995    -0.00010246     0.00000061    -0.00000101     0.00900340    -0.00108774
       34    -0.00004267    -0.00015034    -0.00000158    -0.00000278     0.01984570    -0.00484585
       35    -0.00006737    -0.00001610    -0.00000237     0.00000029     0.03223185    -0.01206730
       36     0.00007061    -0.00001491     0.00000288    -0.00000235     0.04557546    -0.02353106
       37     0.00005185    -0.00014769    -0.00000284    -0.00001085     0.05909467    -0.03989819
       38    -0.00005564    -0.00011575    -0.00001124    -0.00000495     0.07204066    -0.06163504
       39     0.00000265    -0.00002698    -0.00000221    -0.00000253     0.08364990    -0.08899802
       40     0.00009145    -0.00008701    -0.00000211    -0.00001977     0.09357773    -0.12196488
       41     0.00002735    -0.00012327    -0.00001764    -0.00001770     0.10258013    -0.16047883
       42     0.00003415    -0.00000320     0.00000338    -0.00000781     0.11233821    -0.20490327
       43     0.00018106     0.00001200     0.00002820    -0.00004930     0.12485569    -0.25628904
       44     0.00021464    -0.00008070     0.00000479    -0.00009150     0.13796378    -0.31574870
       45     0.00016420    -0.00004026     0.00000849    -0.00008518     0.13432017    -0.37996856
       46     0.00023084     0.00008426     0.00007541    -0.00012588     0.08301475    -0.43227956
       47     0.00033596     0.00007629     0.00003761    -0.00020581    -0.01886357    -0.44325871
       48     0.00024373     0.00000602    -0.00003793    -0.00012305    -0.13135912    -0.39150513
       49     0.00005479     0.00014765     0.00003480    -0.00005476    -0.21294387    -0.28050603
       50     0.00009832     0.00030641     0.00001976    -0.00009383    -0.23775885    -0.13554869
       51     0.00014106     0.00013739    -0.00002942    -0.00002699    -0.19466496     0.00583049
       52    -0.00009083    -0.00000151     0.00000866    -0.00000930    -0.09188141     0.10193344
       53    -0.00015326     0.00012974    -0.00002153    -0.00001378     0.03687152     0.11972038
       54     0.00008359     0.00008226     0.00000731     0.00001622     0.13824477     0.05364359
       55     0.00010299    -0.00013821     0.00000847    -0.00002973     0.16246660    -0.06166511
       56    -0.00003713    -0.00002218    -0.00000735     0.00000403     0.09481729    -0.16108232
       57     0.00009915     0.00020222     0.00003563    -0.00002475    -0.02796559    -0.18363983
       58     0.00019556     0.00008524    -0.00001726    -0.00003421    -0.13395897    -0.11113662
       59    -0.00005800    -0.00000429     0.00000946    -0.00000029    -0.15763763     0.01648160
       60    -0.00014646     0.00015692    -0.00000716    -0.00003131    -0.08206889     0.12118820
       61     0.00006172     0.00007065    -0.00000690     0.00001169     0.04447442     0.13463041
       62     0.00002760    -0.00018279     0.00001270    -0.00002380     0.13467875     0.04771651
       63    -0.00009628    -0.00006651    -0.00001724    -0.00000091     0.12301354    -0.07564363
       64     0.00009023     0.00007931     0.00001318    -0.00001152     0.01878301    -0.14144063
       65     0.00014252    -0.00010619    -0.00002465    -0.00000388    -0.09624318    -0.09846141
       66    -0.00009893    -0.00011903     0.00001537     0.00001394    -0.13044007     0.01840524
       67    -0.00006456     0.00005491    -0.00000258    -0.00001063    -0.05722336     0.11343003
       68     0.00011793    -0.00010775     0.00001910     0.00000630     0.06065715     0.10804627
       69    -0.00002618    -0.00028293    -0.00000065    -0.00003506     0.12123895     0.00898658
       70    -0.00008619    -0.00008555    -0.00001450     0.00000198     0.07226823    -0.09442728
       71     0.00013669    -0.00006669    -0.00001293    -0.00001243    -0.03994767    -0.10914285
       72     0.00006991    -0.00029263    -0.00001486     0.00003155    -0.11193969    -0.02339324
       73    -0.00013544    -0.00020750     0.00002792     0.00000523    -0.07829724     0.08175440
       74     0.00002891    -0.00009830     0.00001155     0.00000050     0.02686910     0.10805568
       75     0.00012830    -0.00033222     0.00002447    -0.00003013     0.10242482     0.03324540
       76    -0.00008212    -0.00037988    -0.00003266    -0.00002399     0.07728203    -0.06834614
       77    -0.00004408    -0.00017711    -0.00001658     0.00000830    -0.02201952    -0.09815393
       78     0.00015463    -0.00029540    -0.00002381     0.00002471    -0.09770986    -0.02859973
       79    -0.00000088    -0.00049394     0.00003541     0.00003841    -0.07705910     0.07073321
       80    -0.00012517    -0.00033292     0.00003260    -0.00001876     0.01694413     0.10323513
       81     0.00009633    -0.00029473     0.00002084    -0.00002325     0.09120430     0.04015225
       82     0.00000000     0.00000000     0.00000000     0.00000000     0.00000000     0.00000000
       83     0.00044789    -0.00056178    -0.00000080     0.00000480    -0.00592079     0.00329449
       84    -0.00017430    -0.00089702     0.00001046     0.00000421    -0.00670301     0.01036120
       85    -0.00033423    -0.00025223     0.00000434    -0.00000459    -0.00165959     0.01499610
       86     0.00035258    -0.00026582     0.00000509     0.00000360     0.00430671     0.01344858
       87     0.00022881    -0.00096431     0.00000890    -0.00000351     0.00552077     0.00792253
       88    -0.00040549    -0.00074411     0.00000284    -0.00000242     0.00090026     0.00431352
       89    -0.00005705    -0.00018953     0.00000155     0.00000061    -0.00519403     0.00659706
       90     0.00045397    -0.00064664     0.00000531     0.00001064    -0.00716086     0.01324034
       91    -0.00004836    -0.00110986     0.00002103     0.00000274    -0.00328797     0.01880206
       92    -0.00041936    -0.00058029     0.00000980    -0.00000963     0.00288526     0.01895868
       93     0.00016553    -0.00029792     0.00000523     0.00000059     0.00592041     0.01424857
       94     0.00040353    -0.00092369     0.00000999     0.00000075     0.00328363     0.00937699
       95    -0.00022167    -0.00112123     0.00001066     0.00000095    -0.00261994     0.00898882
       96    -0.00036141    -0.00050188     0.00000932    -0.00000161    -0.00670189     0.01374806
       97     0.00026913    -0.00041270     0.00000675     0.00000766    -0.00553830     0.01996221
       98     0.00033805    -0.00105491     0.00002402     0.00000782    -0.00010215     0.02279409
       99    -0.00029366    -0.00111461     0.00002101    -0.00001176     0.00522125     0.02021508
      100    -0.00033644    -0.00049179     0.00000502    -0.00000797     0.00627880     0.01449103
      101     0.00028484    -0.00045019     0.00000526     0.00000191     0.00225615     0.01025668
      102     0.00033276    -0.00106521     0.00001044     0.00000725    -0.00341062     0.01086041
      103    -0.00028162    -0.00112756     0.00001918     0.00000245    -0.00604551     0.01549943
      104    -0.00037223    -0.00051912     0.00001190    -0.00000562    -0.00369588     0.02025494
      105     0.00021827    -0.00039448     0.00000875     0.00000395     0.00172487     0.02122126
      106     0.00037590    -0.00096668     0.00001922     0.00000044     0.00632037     0.01741937
      107    -0.00018944    -0.00115677     0.00001165    -0.00000994     0.00676181     0.01117387
      108    -0.00043876    -0.00059393     0.00000279    -0.00000455     0.00271571     0.00669781
      109     0.00007964    -0.00027889     0.00000166     0.00000126    -0.00259930     0.00670759
      110     0.00042954    -0.00074392     0.00000559     0.00000838    -0.00519023     0.01050915
      111    -0.00000497    -0.00113256     0.00001650     0.00000341    -0.00307504     0.01454760
      112    -0.00045968    -0.00074337     0.00001017    -0.00000855     0.00220469     0.01504063
      113    -0.00015445    -0.00022820     0.00000143    -0.00000320     0.00669998     0.01081406
      114     0.00038364    -0.00043392     0.00000452    -0.00000140     0.00697749     0.00424636
      115     0.00025281    -0.00097642     0.00000027    -0.00000280     0.00275063    -0.00043475
      116    -0.00031967    -0.00092411     0.00000058     0.00000269    -0.00279464    -0.00033988
      117    -0.00039401    -0.00034034     0.00000340     0.00000033    -0.00535278     0.00377983
      118     0.00014125    -0.00014238     0.00000073     0.00000153    -0.00286708     0.00797275
      119     0.00042797    -0.00061097     0.00000612     0.00000183     0.00269503     0.00812427
      120     0.00002378    -0.00097832     0.00000343    -0.00000651     0.00673351     0.00334342
