#    Step     Kinetic(H)     Potential(H)   Total(H)       E(0)(H)        E(1)(H)        E(2)(H)        
        0     0.00802979    -4.96102032    -4.95299053    -5.27419793    -5.05469431    -4.96102032
        1     0.01135623    -4.96436390    -4.95300767    -5.27496906    -5.05645767    -4.96436390
        2     0.01494968    -4.96807603    -4.95312636    -5.27541050    -5.05807509    -4.96807603
        3     0.01853500    -4.97189233    -4.95335732    -5.27536812    -5.05942918    -4.97189233
        4     0.02184355    -4.97570177    -4.95385822    -5.27473090    -5.06029868    -4.97570177
        5     0.02464188    -4.97933940    -4.95469752    -5.27344412    -5.06062887    -4.97933940
        6     0.02676136    -4.98270336    -4.95594200    -5.27151618    -5.06035465    -4.98270336
        7     0.02812232    -4.98578964    -4.95766732    -5.26901656    -5.05958225    -4.98578964
        8     0.02874469    -4.98860792    -4.95986324    -5.26606520    -5.05832136    -4.98860792
        9     0.02873829    -4.99115962    -4.96242133    -5.26281051    -5.05672039    -4.99115962
       10     0.02827488    -4.99352089    -4.96524601    -5.25940214    -5.05489223    -4.99352089
       11     0.07785898    -5.05300265    -4.97514366    -5.25596908    -5.05300265    -4.99582072
       12     0.06440754    -5.04965607    -4.98524854    -5.25027055    -5.04965607    -4.99908903
       13     0.05242945    -5.04639428    -4.99396484    -5.24491405    -5.04639428    -5.00163363
       14     0.04276254    -5.04346429    -5.00070175    -5.24007309    -5.04346429    -5.00373829
       15     0.03531830    -5.04090784    -5.00558954    -5.23578943    -5.04090784    -5.00548151
       16     0.02963024    -5.03880111    -5.00917087    -5.23202898    -5.03880111    -5.00704971
       17     0.02522357    -5.03707852    -5.01185495    -5.22872616    -5.03707852    -5.00841406
       18     0.02173802    -5.03566696    -5.01392894    -5.22580788    -5.03566696    -5.00964845
       19     0.01892412    -5.03457025    -5.01564613    -5.22320445    -5.03457025    -5.01068320
       20     0.01661069    -5.03369003    -5.01707934    -5.22085426    -5.03369003    -5.01153020
       21     0.01467846    -5.03297574    -5.01829728    -5.21870675    -5.03297574    -5.01217563
       22     0.01304308    -5.03242519    -5.01938211    -5.21672298    -5.03242519    -5.01261732
       23     0.01164532    -5.03193834    -5.02029301    -5.21487640    -5.03193834    -5.01286545
       24     0.01044469    -5.03157371    -5.02112902    -5.21315204    -5.03157371    -5.01286831
       25     0.00941496    -5.03128995    -5.02187498    -5.21154531    -5.03128995    -5.01269480
       26     0.00854128    -5.03105494    -5.02251365    -5.21006082    -5.03105494    -5.01238629
       27     0.00781801    -5.03091824    -5.02310024    -5.20871140    -5.03091824    -5.01191885
       28     0.00724690    -5.03089959    -5.02365269    -5.20751677    -5.03089959    -5.01134896
       29     0.00683510    -5.03095053    -5.02411543    -5.20650198    -5.03095053    -5.01070166
       30     0.00659259    -5.03117228    -5.02457970    -5.20569475    -5.03117228    -5.01004143
       31     0.00652953    -5.03155586    -5.02502634    -5.20512285    -5.03155586    -5.00939603
       32     0.00665355    -5.03212628    -5.02547273    -5.20481128    -5.03212628    -5.00879046
       33     0.00696662    -5.03290247    -5.02593586    -5.20477899    -5.03290247    -5.00824369
       34     0.00746228    -5.03385764    -5.02639535    -5.20503592    -5.03385764    -5.00776563
       35     0.00812366    -5.03506405    -5.02694038    -5.20558084    -5.03506405    -5.00739182
       36     0.00892259    -5.03643482    -5.02751223    -5.20640037    -5.03643482    -5.00710887
       37     0.00982031    -5.03798157    -5.02816126    -5.20746938    -5.03798157    -5.00689165
       38     0.01076989    -5.03963249    -5.02886260    -5.20875281    -5.03963249    -5.00670511
       39     0.01172050    -5.04141976    -5.02969925    -5.21020933    -5.04141976    -5.00650791
       40     0.01262283    -5.04322691    -5.03060408    -5.21179599    -5.04322691    -5.00629385
       41     0.01343466    -5.04501425    -5.03157960    -5.21347309    -5.04501425    -5.00598649
       42     0.01412543    -5.04682292    -5.03269749    -5.21520825    -5.04682292    -5.00559020
       43     0.01467892    -5.04855700    -5.03387808    -5.21697909    -5.04855700    -5.00508257
       44     0.01509351    -5.05024157    -5.03514806    -5.21877390    -5.05024157    -5.00448868
       45     0.01538029    -5.05191150    -5.03653122    -5.22059083    -5.05191150    -5.00380666
       46     0.01555902    -5.05349840    -5.03793939    -5.22243498    -5.05349840    -5.00304160
       47     0.01565297    -5.05504684    -5.03939387    -5.22431415    -5.05504684    -5.00220133
       48     0.01568397    -5.05656334    -5.04087937    -5.22623489    -5.05656334    -5.00132912
       49     0.01566837    -5.05808603    -5.04241767    -5.22819859    -5.05808603    -5.00046312
       50     0.01561449    -5.05957161    -5.04395713    -5.23019866    -5.05957161    -4.99955999
       51     0.01552216    -5.06104145    -5.04551929    -5.23221973    -5.06104145    -4.99860437
       52     0.01538386    -5.06247197    -5.04708811    -5.23423824    -5.06247197    -4.99768294
       53     0.01518713    -5.06379636    -5.04860923    -5.23622412    -5.06379636    -4.99665538
       54     0.01491781    -5.06505503    -5.05013722    -5.23814427    -5.06505503    -4.99559883
       55     0.01456295    -5.06617784    -5.05161489    -5.23996532    -5.06617784    -4.99447994
       56     0.01411330    -5.06717096    -5.05305766    -5.24165668    -5.06717096    -4.99323135
       57     0.01356501    -5.06797225    -5.05440724    -5.24319295    -5.06797225    -4.99190118
       58     0.01292034    -5.06859983    -5.05567950    -5.24455552    -5.06859983    -4.99043405
       59     0.01218752    -5.06907937    -5.05689184    -5.24573329    -5.06907937    -4.98889237
       60     0.01137988    -5.06937037    -5.05799049    -5.24672253    -5.06937037    -4.98723566
       61     0.01051451    -5.06947569    -5.05896118    -5.24752609    -5.06947569    -4.98550352
       62     0.00961097    -5.06947759    -5.05986662    -5.24815273    -5.06947759    -4.98370470
       63     0.00869019    -5.06931561    -5.06062543    -5.24861549    -5.06931561    -4.98185226
       64     0.00777347    -5.06908005    -5.06130657    -5.24893116    -5.06908005    -4.98003647
       65     0.00688157    -5.06875324    -5.06187167    -5.24911884    -5.06875324    -4.97820294
       66     0.00603385    -5.06839219    -5.06235834    -5.24919879    -5.06839219    -4.97644542
       67     0.00524767    -5.06801711    -5.06276944    -5.24919120    -5.06801711    -4.97478411
       68     0.00453793    -5.06761047    -5.06307255    -5.24911531    -5.06761047    -4.97323825
       69     0.00391667    -5.06726314    -5.06334647    -5.24898847    -5.06726314    -4.97178843
       70     0.00339288    -5.06698988    -5.06359700    -5.24882546    -5.06698988    -4.97052295
       71     0.00297225    -5.06672881    -5.06375656    -5.24863789    -5.06672881    -4.96941664
       72     0.00265705    -5.06656144    -5.06390439    -5.24843377    -5.06656144    -4.96851428
       73     0.00244626    -5.06649211    -5.06404585    -5.24821744    -5.06649211    -4.96778347
       74     0.00233566    -5.06652153    -5.06418587    -5.24798961    -5.06652153    -4.96726164
       75     0.00231823    -5.06661040    -5.06429217    -5.24774774    -5.06661040    -4.96690953
       76     0.00238466    -5.06679032    -5.06440567    -5.24748668    -5.06679032    -4.96675870
       77     0.00252401    -5.06701759    -5.06449359    -5.24719945    -5.06701759    -4.96676548
       78     0.00272449    -5.06735793    -5.06463344    -5.24687831    -5.06735793    -4.96695882
       79     0.00297426    -5.06773024    -5.06475597    -5.24651563    -5.06773024    -4.96725763
       80     0.00326216    -5.06812800    -5.06486585    -5.24610490    -5.06812800    -4.96772889
       81     0.00357827    -5.06854652    -5.06496826    -5.24564144    -5.06854652    -4.96833116
       82     0.00391436    -5.06902018    -5.06510582    -5.24512287    -5.06902018    -4.96902531
       83     0.00426397    -5.06951227    -5.06524831    -5.24454923    -5.06951227    -4.96981140
       84     0.00462215    -5.07002509    -5.06540294    -5.24392282    -5.07002509    -4.97069170
       85     0.00498502    -5.07052578    -5.06554076    -5.24324753    -5.07052578    -4.97163339
       86     0.00534910    -5.07105590    -5.06570680    -5.24252818    -5.07105590    -4.97267800
       87     0.00571065    -5.07162032    -5.06590967    -5.24176962    -5.07162032    -4.97379366
       88     0.00606502    -5.07214965    -5.06608463    -5.24097597    -5.07214965    -4.97491098
       89     0.00640631    -5.07268345    -5.06627714    -5.24015005    -5.07268345    -4.97610627
       90     0.00672732    -5.07322292    -5.06649560    -5.23929305    -5.07322292    -4.97730723
       91     0.00701986    -5.07373105    -5.06671119    -5.23840470    -5.07373105    -4.97855034
       92     0.00727545    -5.07424334    -5.06696788    -5.23748377    -5.07424334    -4.97976086
       93     0.00748610    -5.07468464    -5.06719854    -5.23652860    -5.07468464    -4.98093716
       94     0.00764517    -5.07512713    -5.06748197    -5.23553787    -5.07512713    -4.98207788
       95     0.00774823    -5.07549705    -5.06774882    -5.23451131    -5.07549705    -4.98321953
       96     0.00779364    -5.07583254    -5.06803890    -5.23345032    -5.07583254    -4.98425326
       97     0.00778286    -5.07613700    -5.06835414    -5.23235831    -5.07613700    -4.98521921
       98     0.00772038    -5.07637916    -5.06865878    -5.23124075    -5.07637916    -4.98612286
       99     0.00761342    -5.07660318    -5.06898975    -5.23010504    -5.07660318    -4.98697161
      100     0.00747138    -5.07674454    -5.06927316    -5.22896017    -5.07674454    -4.98773771
      101     0.00730509    -5.07688680    -5.06958171    -5.22781621    -5.07688680    -4.98843121
      102     0.00712607    -5.07704049    -5.06991443    -5.22668368    -5.07704049    -4.98902590
      103     0.00694578    -5.07714249    -5.07019672    -5.22557295    -5.07714249    -4.98960564
      104     0.00677491    -5.07727589    -5.07050098    -5.22449362    -5.07727589    -4.99010653
      105     0.00662285    -5.07744902    -5.07082617    -5.22345402    -5.07744902    -4.99053690
      106     0.00649716    -5.07759497    -5.07109781    -5.22246074    -5.07759497    -4.99094010
      107     0.00640338    -5.07779175    -5.07138837    -5.22151830    -5.07779175    -4.99128388
      108     0.00634480    -5.07800486    -5.07166006    -5.22062893    -5.07800486    -4.99160724
      109     0.00632251    -5.07827092    -5.07194841    -5.21979251    -5.07827092    -4.99187330
      110     0.00633552    -5.07858756    -5.07225203    -5.21900667    -5.07858756    -4.99207968
      111     0.00638101    -5.07891353    -5.07253252    -5.21826691    -5.07891353    -4.99225866
      112     0.00645467    -5.07927941    -5.07282473    -5.21756705    -5.07927941    -4.99236729
      113     0.00655121    -5.07967768    -5.07312647    -5.21689960    -5.07967768    -4.99239807
      114     0.00666480    -5.08010008    -5.07343528    -5.21625627    -5.08010008    -4.99237948
      115     0.00678966    -5.08053815    -5.07374849    -5.21562861    -5.08053815    -4.99226631
      116     0.00692052    -5.08098374    -5.07406322    -5.21500847    -5.08098374    -4.99208716
      117     0.00705308    -5.08142958    -5.07437650    -5.21438858    -5.08142958    -4.99183477
      118     0.00718425    -5.08190635    -5.07472210    -5.21376287    -5.08190635    -4.99150305
      119     0.00731237    -5.08237269    -5.07506031    -5.21312673    -5.08237269    -4.99108740
      120     0.00743708    -5.08286220    -5.07542512    -5.21247701    -5.08286220    -4.99058469
