#     Density Matrix: coherence Re-Im; see the manual for detail orders
        0     0.00000000     0.00000000
        1    -0.00003306     0.00015798
        2     0.00007189     0.00001553
        3    -0.00008155     0.00007604
        4     0.00008736     0.00007436
        5    -0.00005667    -0.00002444
        6     0.00002630     0.00011151
        7     0.00002627    -0.00006623
        8    -0.00006017     0.00007020
        9     0.00008677    -0.00001380
       10    -0.00008127    -0.00002874
       11     0.00004987     0.00007372
       12     0.00865624    -0.00994931
       13    -0.01184554    -0.01204809
       14     0.00556135     0.00874339
       15     0.00212192    -0.01687865
       16    -0.00974139     0.00617998
       17     0.01361577    -0.00463971
       18    -0.01086573    -0.01168851
       19     0.00195279     0.00991047
       20     0.00882774    -0.01416053
       21    -0.01358599    -0.00410034
       22     0.00783674     0.00725048
       23     0.00523890    -0.01669128
       24    -0.01347081    -0.00238403
       25     0.00779420     0.00694179
       26     0.00712884    -0.01604672
       27    -0.01339753    -0.00682202
       28     0.00210542     0.00893905
       29     0.01241841    -0.01031495
       30    -0.00842108    -0.01536577
       31    -0.00889249     0.00565833
       32     0.01156425     0.00255289
       33     0.00590335    -0.01698611
       34    -0.01271336    -0.00965819
       35    -0.00452510     0.00823140
       36     0.01286132    -0.00013827
       37     0.00482448    -0.01730316
       38    -0.01246158    -0.01014423
       39    -0.00682698     0.00741031
       40     0.01086929     0.00381863
       41     0.00966043    -0.01384816
       42    -0.00777062    -0.01544607
       43    -0.01264784     0.00117403
       44     0.00222322     0.00943794
       45     0.01352527    -0.00278284
       46     0.00471751    -0.01660225
       47    -0.01088050    -0.01206004
       48    -0.01136134     0.00400381
       49     0.00338690     0.00963022
       50     0.01350591    -0.00207121
       51     0.00628831    -0.01549317
       52    -0.00871683    -0.01389024
       53    -0.01319730     0.00035076
       54    -0.00229831     0.01021746
       55     0.01106249     0.00473904
       56     0.01207979    -0.00943034
       57     0.00013480    -0.01676182
       58    -0.01186332    -0.00986819
       59    -0.01180875     0.00377096
       60    -0.00023001     0.01056619
       61     0.01143370     0.00437067
       62     0.01248620    -0.00857947
       63     0.00246241    -0.01649960
       64    -0.00953567    -0.01283216
       65    -0.01347850    -0.00116843
       66    -0.00660754     0.00877785
       67     0.00525529     0.00943400
       68     0.01309479     0.00078509
       69     0.01159146    -0.01055542
       70     0.00231877    -0.01677538
       71    -0.00823102    -0.01419856
       72    -0.01345252    -0.00502741
       73    -0.01063480     0.00485736
       74    -0.00191735     0.00985100
       75     0.00766919     0.00764462
       76     0.01330571    -0.00014030
       77     0.01271184    -0.00945259
       78     0.00672459    -0.01614627
       79    -0.00168383    -0.01780898
       80    -0.00906916    -0.01439107
       81    -0.01294346    -0.00770834
       82    -0.01245182    -0.00035893
       83    -0.00826619     0.00534122
       84    -0.00198714     0.00801644
       85     0.00457288     0.00738664
       86     0.00994485     0.00404058
       87     0.01327760    -0.00096625
       88     0.01434994    -0.00650389
       89     0.01341315    -0.01164186
       90     0.01096815    -0.01577478
       91     0.00755468    -0.01862450
       92     0.00358804    -0.02016645
       93    -0.00076121    -0.02052661
       94    -0.00568857    -0.01988238
       95    -0.01198820    -0.01838366
       96    -0.02172256    -0.01609722
       97    -0.04071529    -0.01296328
       98    -0.09258222    -0.00870366
       99    -0.38905746    -0.00190544
      100    -0.46205600     0.00853082
      101    -0.35245864     0.02490247
      102    -0.32433650     0.04951470
      103    -0.31003295     0.08198778
      104    -0.29559629     0.12102252
      105    -0.27532609     0.16454278
      106    -0.24597357     0.20966861
      107    -0.20580394     0.25281328
      108    -0.15454399     0.28995222
      109    -0.09345985     0.31705305
      110    -0.02532561     0.33060993
      111     0.04581095     0.32818749
      112     0.11507666     0.30886087
      113     0.17737814     0.27344847
      114     0.22805465     0.22447374
      115     0.26344501     0.16585275
      116     0.28124511     0.10236947
      117     0.28057515     0.03904996
      118     0.26173913    -0.01943411
      119     0.22573019    -0.06921809
      120     0.17361713    -0.10748389
      121     0.10607098    -0.13247600
      122     0.02351547    -0.14334103
      123    -0.07239995    -0.13987696
      124    -0.17592831    -0.12229051
      125    -0.27555264    -0.09104505
      126    -0.35770271    -0.04685136
      127    -0.41372112     0.00918563
      128    -0.44205043     0.07531146
      129    -0.44475032     0.14886075
      130    -0.42407892     0.22610712
      131    -0.38165827     0.30231989
      132    -0.31912448     0.37207872
      133    -0.23896604     0.42983343
      134    -0.14499142     0.47062074
      135    -0.04230644     0.49078891
      136     0.06313149     0.48856073
      137     0.16522472     0.46429629
      138     0.25850572     0.42039024
      139     0.33875391     0.36083263
      140     0.40327819     0.29054596
      141     0.45074030     0.21465695
      142     0.48046287     0.13786070
      143     0.49132123     0.06399099
      144     0.48079199    -0.00415835
      145     0.44564297    -0.06477820
      146     0.38558334    -0.11682258
      147     0.30700814    -0.15971571
      148     0.22095501    -0.19309405
      149     0.13682990    -0.21666364
      150     0.05934421    -0.23020037
      151    -0.01013818    -0.23366157
      152    -0.07139162    -0.22735029
      153    -0.12413698    -0.21206607
      154    -0.16776377    -0.18918402
      155    -0.20144440    -0.16062935
      156    -0.22428444    -0.12874946
      157    -0.23528531    -0.09611528
      158    -0.23296851    -0.06530371
      159    -0.13128237    -0.04362826
      160     0.11508504    -0.04207620
      161     0.33542880    -0.06157861
      162     0.43150975    -0.10204154
      163     0.44390202    -0.15629599
      164     0.42370321    -0.21340686
      165     0.39192459    -0.26945951
      166     0.34979247    -0.32141553
      167     0.29886562    -0.36669506
      168     0.24093762    -0.40343642
      169     0.17765850    -0.43063493
      170     0.11001577    -0.44812831
      171     0.03792116    -0.45643310
      172    -0.03940168    -0.45647188
      173    -0.12085424    -0.44925551
      174    -0.19936909    -0.43559290
      175    -0.26424835    -0.41590252
      176    -0.31181917    -0.39019267
      177    -0.34743679    -0.35821544
      178    -0.37735162    -0.31972616
      179    -0.40436996    -0.27475252
      180    -0.42855505    -0.22380395
      181    -0.44882558    -0.16797071
      182    -0.46404337    -0.10889080
      183    -0.47361092    -0.04859581
      184    -0.47773885     0.01072693
      185    -0.47743810     0.06699758
      186    -0.47414503     0.11847027
      187    -0.46852279     0.16387425
      188    -0.45698727     0.20244268
      189    -0.42408146     0.23384379
      190    -0.34320553     0.25806945
      191    -0.21764393     0.27524329
      192    -0.07214664     0.28575415
      193     0.05605113     0.28574479
      194     0.14564353     0.27095385
      195     0.21899809     0.23660358
      196     0.28144806     0.17711782
      197     0.32648361     0.08836586
      198     0.33896125    -0.02819326
      199     0.29925151    -0.15974982
      200     0.19195005    -0.27700964
      201     0.02047453    -0.33495564
      202    -0.17676197    -0.28685003
      203    -0.32177954    -0.11522148
      204    -0.32297768     0.13081679
      205    -0.13924020     0.32485119
      206     0.14889634     0.32044609
      207     0.33891798     0.07733667
      208     0.24424011    -0.23692566
      209    -0.09130310    -0.32565200
      210    -0.33918938    -0.05749092
      211    -0.19006982     0.29528606
      212     0.21032701     0.28090487
      213     0.32091736    -0.12183439
      214    -0.05753861    -0.33425902
      215    -0.34544027     0.01119345
      216    -0.02748446     0.35060304
      217     0.34326139     0.04568940
      218     0.03122997    -0.33782128
      219    -0.34559800     0.00347398
      220     0.04538585     0.34897813
      221     0.32667689    -0.10520091
      222    -0.19122435    -0.28070010
      223    -0.21585289     0.27798572
      224     0.32898299     0.11249933
      225    -0.04272944    -0.33221431
      226    -0.28635096     0.20952792
      227     0.31197334     0.16079925
      228    -0.06411172    -0.31607004
      229    -0.21660390     0.27881302
      230     0.34548434    -0.01104650
      231    -0.26018486    -0.21914943
      232     0.04881134     0.34498419
      233     0.17644604    -0.29312738
      234    -0.31782255     0.13453879
      235     0.33692836     0.07416633
      236    -0.24306416    -0.24257042
      237     0.08088191     0.33600973
      238     0.09668748    -0.32968089
      239    -0.24260369     0.24531179
      240     0.32769617    -0.10560406
      241    -0.34098405    -0.04807656
      242     0.28831917     0.18907339
      243    -0.18608599    -0.28939081
      244     0.05648442     0.34024515
      245     0.07793496    -0.33514529
      246    -0.19714950     0.28283396
      247     0.28616710    -0.19142468
      248    -0.33554233     0.07820899
      249     0.34170689     0.04389962
      250    -0.30618002    -0.15754798
      251     0.23492402     0.25220965
      252    -0.13714374    -0.31573226
      253     0.02435833     0.34385771
      254     0.09083494    -0.33204009
      255    -0.19573840     0.28368399
      256     0.27874700    -0.20216745
      257    -0.33030105     0.09799090
      258     0.34395160     0.01916269
      259    -0.31710479    -0.13434626
      260     0.25167847     0.23539766
      261    -0.15424143    -0.30781733
      262     0.03580372     0.34279109
      263     0.08911609    -0.33256475
      264    -0.20391354     0.27780486
      265     0.29201521    -0.18255727
      266    -0.33924445     0.05992922
      267     0.33638516     0.07436500
      268    -0.28124705    -0.19874484
      269     0.18003044     0.29382684
      270    -0.04725684    -0.34107846
      271    -0.09571181     0.33103369
      272     0.22390484    -0.26166062
      273    -0.31302772     0.14388634
      274     0.34446225     0.00305525
      275    -0.30957449    -0.15097880
      276     0.21267388     0.27106100
      277    -0.07122862    -0.33695999
      278    -0.08662354     0.33345319
      279     0.22759960    -0.25853578
      280    -0.32029835     0.12677676
      281     0.34276625     0.03429538
      282    -0.28811769    -0.18880346
      283     0.16723310     0.30113778
      284    -0.00689843    -0.34443607
      285    -0.15580705     0.30716829
      286     0.28237089    -0.19737206
      287    -0.34212192     0.04003440
      288     0.32020179     0.12692813
      289    -0.22139048    -0.26401021
      290     0.06933843     0.33729976
      291     0.09934075    -0.32997185
      292    -0.24398191     0.24302216
      293     0.33006706    -0.09874171
      294    -0.33748270    -0.06918441
      295     0.26528789     0.21955958
      296    -0.13137591    -0.31861993
      297    -0.03223649     0.34276480
      298     0.18754214    -0.28914637
      299    -0.29953485     0.16990362
      300     0.34417543    -0.01453198
