#    Step     Kinetic(H)     Potential(H)   Total(H)       E(0)(H)        E(1)(H)        E(2)(H)        
        0     0.00546688    -4.96878234    -4.96331546    -5.27152314    -5.05532696    -4.96878234
        1     0.00374627    -4.96705016    -4.96330389    -5.27063620    -5.05429302    -4.96705016
        2     0.00278461    -4.96607153    -4.96328691    -5.26987806    -5.05357163    -4.96607153
        3     0.00268336    -4.96594824    -4.96326488    -5.26935054    -5.05330135    -4.96594824
        4     0.00349181    -4.96676765    -4.96327585    -5.26910422    -5.05349602    -4.96676765
        5     0.00519729    -4.96844758    -4.96325030    -5.26913043    -5.05418372    -4.96844758
        6     0.00771669    -4.97091970    -4.96320301    -5.26936084    -5.05525937    -4.97091970
        7     0.01089208    -4.97406393    -4.96317184    -5.26967537    -5.05656613    -4.97406393
        8     0.01449339    -4.97768681    -4.96319342    -5.26991731    -5.05798405    -4.97768681
        9     0.01823199    -4.98154208    -4.96331010    -5.26991391    -5.05926687    -4.98154208
       10     0.02178766    -4.98546511    -4.96367745    -5.26950052    -5.06028671    -4.98546511
       11     0.02484800    -4.98921327    -4.96436527    -5.26854477    -5.06080092    -4.98921327
       12     0.02715380    -4.99266899    -4.96551519    -5.26696584    -5.06076546    -4.99266899
       13     0.02854099    -4.99566601    -4.96712502    -5.26474445    -5.06008755    -4.99566601
       14     0.02897068    -4.99817498    -4.96920430    -5.26192477    -5.05884809    -4.99817498
       15     0.02853761    -5.00026021    -4.97172260    -5.25860785    -5.05707464    -5.00026021
       16     0.02744855    -5.00191648    -4.97446793    -5.25493547    -5.05490898    -5.00191648
       17     0.02597313    -5.00326644    -4.97729331    -5.25106703    -5.05247376    -5.00326644
       18     0.02438199    -5.00446191    -4.98007992    -5.24715435    -5.04999430    -5.00446191
       19     0.02289406    -5.00551757    -4.98262351    -5.24332235    -5.04752203    -5.00551757
       20     0.02164850    -5.00655722    -4.98490871    -5.23965808    -5.04518074    -5.00655722
       21     0.02070331    -5.00766537    -4.98696206    -5.23620932    -5.04301821    -5.00766537
       22     0.02005099    -5.00881777    -4.98876678    -5.23298855    -5.04108366    -5.00881777
       23     0.01964030    -5.00999935    -4.99035905    -5.22998072    -5.03932530    -5.00999935
       24     0.01939605    -5.01124893    -4.99185288    -5.22715111    -5.03774518    -5.01124893
       25     0.01923467    -5.01248375    -4.99324908    -5.22445376    -5.03633405    -5.01248375
       26     0.01907568    -5.01361717    -4.99454149    -5.22183875    -5.03496851    -5.01361717
       27     0.01884974    -5.01471193    -4.99586219    -5.21925859    -5.03371132    -5.01471193
       28     0.01850408    -5.01565445    -4.99715037    -5.21667317    -5.03241213    -5.01565445
       29     0.01800546    -5.01641521    -4.99840975    -5.21405300    -5.03111494    -5.01641521
       30     0.01734155    -5.01697817    -4.99963662    -5.21138202    -5.02976693    -5.01697817
       31     0.01651976    -5.01734164    -5.00082188    -5.20865854    -5.02836643    -5.01734164
       32     0.01556422    -5.01755480    -5.00199058    -5.20589501    -5.02692588    -5.01755480
       33     0.01451124    -5.01760636    -5.00309512    -5.20311687    -5.02547071    -5.01760636
       34     0.01340317    -5.01749509    -5.00409192    -5.20035965    -5.02399972    -5.01749509
       35     0.01228274    -5.01730102    -5.00501827    -5.19766662    -5.02262967    -5.01730102
       36     0.01118832    -5.01707340    -5.00588508    -5.19508706    -5.02137307    -5.01707340
       37     0.01015090    -5.01679178    -5.00664088    -5.19267398    -5.02028297    -5.01679178
       38     0.01192566    -5.01945007    -5.00752441    -5.19048136    -5.01945007    -5.01651013
       39     0.01053222    -5.01882802    -5.00829580    -5.18824234    -5.01882802    -5.01610858
       40     0.00953902    -5.01853258    -5.00899356    -5.18618293    -5.01853258    -5.01559264
       41     0.00884266    -5.01847045    -5.00962779    -5.18428333    -5.01847045    -5.01501601
       42     0.00835485    -5.01855423    -5.01019938    -5.18252965    -5.01855423    -5.01447506
       43     0.00801569    -5.01876817    -5.01075248    -5.18090612    -5.01876817    -5.01391726
       44     0.00778144    -5.01905459    -5.01127316    -5.17939183    -5.01905459    -5.01343195
       45     0.00761519    -5.01938810    -5.01177292    -5.17796137    -5.01938810    -5.01295698
       46     0.00748426    -5.01974135    -5.01225709    -5.17658740    -5.01974135    -5.01246499
       47     0.00736076    -5.02008808    -5.01272732    -5.17524366    -5.02008808    -5.01192973
       48     0.00722304    -5.02036935    -5.01314632    -5.17390797    -5.02036935    -5.01136577
       49     0.00705699    -5.02064275    -5.01358576    -5.17256439    -5.02064275    -5.01072043
       50     0.00685662    -5.02082639    -5.01396977    -5.17120456    -5.02082639    -5.01002209
       51     0.00662370    -5.02099321    -5.01436951    -5.16982791    -5.02099321    -5.00927018
       52     0.00636663    -5.02107623    -5.01470960    -5.16844096    -5.02107623    -5.00847121
       53     0.00609879    -5.02116125    -5.01506245    -5.16705601    -5.02116125    -5.00760075
       54     0.00583629    -5.02119072    -5.01535443    -5.16568900    -5.02119072    -5.00674824
       55     0.00559541    -5.02125516    -5.01565975    -5.16435697    -5.02125516    -5.00589395
       56     0.00539021    -5.02133331    -5.01594310    -5.16307539    -5.02133331    -5.00501661
       57     0.00523057    -5.02143683    -5.01620626    -5.16185594    -5.02143683    -5.00423816
       58     0.00512081    -5.02157193    -5.01645112    -5.16070482    -5.02157193    -5.00345452
       59     0.00505914    -5.02173842    -5.01667928    -5.15962183    -5.02173842    -5.00277578
       60     0.00503796    -5.02192981    -5.01689185    -5.15860049    -5.02192981    -5.00208518
       61     0.00504499    -5.02217095    -5.01712596    -5.15762890    -5.02217095    -5.00148109
       62     0.00506499    -5.02240951    -5.01734453    -5.15669149    -5.02240951    -5.00091117
       63     0.00508182    -5.02262834    -5.01754652    -5.15577109    -5.02262834    -5.00035826
       64     0.00508047    -5.02284748    -5.01776701    -5.15485099    -5.02284748    -4.99980566
       65     0.00504890    -5.02301599    -5.01796709    -5.15391703    -5.02301599    -4.99923919
       66     0.00497953    -5.02316066    -5.01818113    -5.15295921    -5.02316066    -4.99868562
       67     0.00486984    -5.02320301    -5.01833317    -5.15197258    -5.02320301    -4.99813998
       68     0.00472256    -5.02325372    -5.01853116    -5.15095757    -5.02325372    -4.99756595
       69     0.00454511    -5.02324478    -5.01869967    -5.14991965    -5.02324478    -4.99696902
       70     0.00434865    -5.02318585    -5.01883720    -5.14886849    -5.02318585    -4.99639561
       71     0.00414681    -5.02312641    -5.01897960    -5.14781681    -5.02312641    -4.99585842
       72     0.00395425    -5.02304400    -5.01908975    -5.14677892    -5.02304400    -4.99533502
       73     0.00378523    -5.02298975    -5.01920452    -5.14576919    -5.02298975    -4.99483978
       74     0.00365228    -5.02297670    -5.01932442    -5.14480066    -5.02297670    -4.99442249
       75     0.00356510    -5.02297853    -5.01941343    -5.14388375    -5.02297853    -4.99405682
       76     0.00352969    -5.02303881    -5.01950912    -5.14302531    -5.02303881    -4.99378636
       77     0.00354789    -5.02316017    -5.01961229    -5.14222794    -5.02316017    -4.99354023
       78     0.00361718    -5.02330404    -5.01968686    -5.14148982    -5.02330404    -4.99335335
       79     0.00373097    -5.02350109    -5.01977012    -5.14080488    -5.02350109    -4.99321966
       80     0.00387916    -5.02374161    -5.01986245    -5.14016342    -5.02374161    -4.99309269
       81     0.00404904    -5.02401318    -5.01996414    -5.13955301    -5.02401318    -4.99299677
       82     0.00422655    -5.02426519    -5.02003864    -5.13895978    -5.02426519    -4.99288128
       83     0.00439759    -5.02452047    -5.02012288    -5.13836983    -5.02452047    -4.99276906
       84     0.00454950    -5.02472981    -5.02018031    -5.13777069    -5.02472981    -4.99257417
       85     0.00467244    -5.02495712    -5.02028468    -5.13715276    -5.02495712    -4.99232373
       86     0.00476046    -5.02512325    -5.02036279    -5.13651040    -5.02512325    -4.99201212
       87     0.00481228    -5.02522730    -5.02041503    -5.13584272    -5.02522730    -4.99163844
       88     0.00483159    -5.02534699    -5.02051540    -5.13515392    -5.02534699    -4.99117013
       89     0.00482692    -5.02541794    -5.02059102    -5.13445314    -5.02541794    -4.99065309
       90     0.00481095    -5.02545358    -5.02064263    -5.13375379    -5.02545358    -4.99010075
       91     0.00479945    -5.02550732    -5.02070787    -5.13307255    -5.02550732    -4.98945625
       92     0.00480987    -5.02559760    -5.02078773    -5.13242784    -5.02559760    -4.98884829
       93     0.00485968    -5.02570622    -5.02084653    -5.13183822    -5.02570622    -4.98818517
       94     0.00496469    -5.02585007    -5.02088538    -5.13132058    -5.02585007    -4.98755729
       95     0.00513745    -5.02611631    -5.02097886    -5.13088859    -5.02611631    -4.98694155
       96     0.00538605    -5.02640385    -5.02101780    -5.13055139    -5.02640385    -4.98638385
       97     0.00571323    -5.02682678    -5.02111354    -5.13031283    -5.02682678    -4.98581455
       98     0.00611608    -5.02730987    -5.02119380    -5.13017119    -5.02730987    -4.98534216
       99     0.00658621    -5.02784617    -5.02125996    -5.13011950    -5.02784617    -4.98484948
      100     0.00711056    -5.02846103    -5.02135047    -5.13014637    -5.02846103    -4.98439861
      101     0.00767249    -5.02913992    -5.02146742    -5.13023727    -5.02913992    -4.98397502
      102     0.00825332    -5.02986657    -5.02161325    -5.13037593    -5.02986657    -4.98352569
      103     0.00883393    -5.03062462    -5.02179070    -5.13054600    -5.03062462    -4.98303427
      104     0.00939634    -5.03136229    -5.02196595    -5.13073242    -5.03136229    -4.98255920
      105     0.00992519    -5.03214052    -5.02221534    -5.13092267    -5.03214052    -4.98201447
      106     0.01040878    -5.03287675    -5.02246797    -5.13110765    -5.03287675    -4.98142772
      107     0.01083987    -5.03363933    -5.02279946    -5.13128225    -5.03363933    -4.98083058
      108     0.01121594    -5.03439051    -5.02317456    -5.13144543    -5.03439051    -4.98014853
      109     0.01153894    -5.03513307    -5.02359413    -5.13160000    -5.03513307    -4.97945787
      110     0.01181465    -5.03587300    -5.02405835    -5.13175195    -5.03587300    -4.97876458
      111     0.01205174    -5.03665537    -5.02460363    -5.13190958    -5.03665537    -4.97800347
      112     0.01226058    -5.03745300    -5.02519242    -5.13208247    -5.03745300    -4.97729438
      113     0.01245199    -5.03831238    -5.02586039    -5.13228036    -5.03831238    -4.97661029
      114     0.01263614    -5.03920564    -5.02656950    -5.13251213    -5.03920564    -4.97592333
      115     0.01282164    -5.04013992    -5.02731827    -5.13278492    -5.04013992    -4.97527739
      116     0.01301491    -5.04115671    -5.02814180    -5.13310348    -5.04115671    -4.97471396
      117     0.01321990    -5.04225801    -5.02903811    -5.13346979    -5.04225801    -4.97419829
      118     0.01343815    -5.04340626    -5.02996811    -5.13388305    -5.04340626    -4.97372957
      119     0.01366912    -5.04463485    -5.03096573    -5.13433991    -5.04463485    -4.97334119
      120     0.01391080    -5.04590164    -5.03199084    -5.13483497    -5.04590164    -4.97299101
