#    Non-Adiabatic Coupling Matrix Elements: off-diagonal
         0     0.00000400
         1     0.00000310
         2     0.00000215
         3     0.00000115
         4     0.00000011
         5    -0.00000098
         6    -0.00000209
         7    -0.00000322
         8    -0.00000436
         9    -0.00000549
        10    -0.00000660
        11    -0.00000767
        12    -0.00000869
        13    -0.00000963
        14    -0.00001049
        15    -0.00001124
        16    -0.00001188
        17    -0.00001242
        18    -0.00001287
        19    -0.00001324
        20    -0.00001357
        21    -0.00001389
        22    -0.00001428
        23    -0.00001476
        24     0.00228183
        25     0.00113512
        26     0.00091458
        27     0.00083684
        28     0.00080989
        29     0.00080440
        30     0.00080769
        31     0.00081285
        32     0.00081598
        33     0.00081471
        34     0.00080793
        35     0.00079550
        36     0.00077803
        37     0.00075648
        38     0.00073245
        39     0.00070700
        40     0.00068112
        41     0.00065541
        42     0.00063031
        43     0.00060601
        44     0.00058260
        45     0.00056011
        46     0.00053854
        47     0.00051785
        48     0.00049801
        49     0.00047899
        50     0.00046077
        51     0.00044330
        52     0.00042657
        53     0.00041054
        54     0.00039522
        55     0.00038059
        56     0.00036663
        57     0.00035335
        58     0.00034072
        59     0.00032873
        60     0.00031734
        61     0.00030652
        62     0.00029623
        63     0.00028641
        64     0.00027701
        65     0.00026796
        66     0.00025921
        67     0.00025068
        68     0.00024230
        69     0.00023402
        70     0.00022578
        71     0.00021751
        72     0.00020917
        73     0.00020071
        74     0.00019211
        75     0.00018333
        76     0.00017436
        77     0.00016519
        78     0.00015582
        79     0.00014629
        80     0.00013659
        81     0.00012676
        82     0.00011687
        83     0.00010799
        84     0.00009806
        85     0.00008819
        86     0.00007842
        87     0.00006880
        88     0.00005935
        89     0.00005012
        90     0.00004111
        91     0.00003232
        92     0.00002375
        93     0.00001534
        94     0.00000705
        95    -0.00000120
        96    -0.00000953
        97    -0.00001805
        98    -0.00002694
        99    -0.00003639
       100    -0.00004666
       101    -0.00005802
       102    -0.00007085
       103    -0.00008557
       104    -0.00010276
       105    -0.00012303
       106    -0.00014726
       107    -0.00017650
       108    -0.00021210
       109    -0.00025584
       110    -0.00031000
       111    -0.00037767
       112    -0.00046306
       113    -0.00057203
       114    -0.00071296
       115    -0.00089815
       116    -0.00114613
       117    -0.00148578
       118    -0.00196360
       119    -0.00265710
       120    -0.00369942
       121    -0.00532057
       122    -0.00789132
       123    -0.01180405
       124    -0.01649718
       125    -0.02311896
       126    -0.01625489
       127    -0.00983240
       128    -0.00600157
       129    -0.00382875
       130    -0.00254209
       131    -0.00173480
       132    -0.00120010
       133    -0.00082881
       134    -0.00056028
       135    -0.00035906
       136    -0.00020350
       137    -0.00007982
       138     0.00002103
       139     0.00010517
       140     0.00017690
       141     0.00023925
       142     0.00029444
       143     0.00034411
       144     0.00038989
       145     0.00043198
       146     0.00047148
       147     0.00050900
       148     0.00054502
       149     0.00057995
       150     0.00061415
       151     0.00064793
       152     0.00068159
       153     0.00071541
       154     0.00074967
       155     0.00078437
       156     0.00082047
       157     0.00085816
       158     0.00089781
       159     0.00094033
       160     0.00098632
       161     0.00103694
       162     0.00109294
       163     0.00115598
       164     0.00122792
       165     0.00131108
       166     0.00140838
       167     0.00152324
       168     0.00165938
       169     0.00181975
       170     0.00200376
       171     0.00220111
       172     0.00238173
       173     0.00248947
       174     0.00246300
       175     0.00228661
       176     0.00201189
       177     0.00171154
       178     0.00143386
       179     0.00119733
       180     0.00100327
       181     0.00084631
       182     0.00071973
       183     0.00061730
       184     0.00053394
       185     0.00046559
       186     0.00040908
       187     0.00036199
       188     0.00032242
       189     0.00028893
       190     0.00026035
       191     0.00023580
       192     0.00021456
       193     0.00019608
       194     0.00017992
       195     0.00016571
       196     0.00015316
       197     0.00014188
       198     0.00013200
       199     0.00012319
       200     0.00011533
       201     0.00010829
       202     0.00010198
       203     0.00009632
       204     0.00009123
       205     0.00008665
       206     0.00008253
       207     0.00007881
       208     0.00007559
       209     0.00007252
       210     0.00006973
       211     0.00006717
       212     0.00006481
       213     0.00006246
       214     0.00006041
       215     0.00005849
       216     0.00005665
       217     0.00005490
       218     0.00005319
       219     0.00005153
       220     0.00004988
       221     0.00004825
       222     0.00004661
       223     0.00004496
       224     0.00004329
       225     0.00004158
       226     0.00003983
       227     0.00003804
       228     0.00003619
       229     0.00003428
       230     0.00003230
       231     0.00003025
       232     0.00002812
       233     0.00002590
       234     0.00002359
       235     0.00002118
       236     0.00001866
       237     0.00001603
       238     0.00001327
       239     0.00001038
       240     0.00000735
       241     0.00000418
       242     0.00000086
       243    -0.00000261
       244    -0.00000623
       245    -0.00000999
       246    -0.00001390
       247    -0.00001794
       248    -0.00002210
       249    -0.00002643
       250    -0.00003081
       251    -0.00003528
       252    -0.00003981
       253    -0.00004441
       254    -0.00004905
       255    -0.00005373
       256    -0.00005844
       257    -0.00006319
       258    -0.00006797
       259    -0.00007278
       260    -0.00007763
       261    -0.00008254
       262    -0.00008752
       263    -0.00009259
       264    -0.00009765
       265    -0.00010315
       266    -0.00010862
       267    -0.00011414
       268    -0.00012015
       269    -0.00012637
       270    -0.00013289
       271    -0.00013979
       272    -0.00014708
       273    -0.00015481
       274    -0.00016300
       275    -0.00017166
       276    -0.00018076
       277    -0.00019025
       278    -0.00020005
       279    -0.00021002
       280    -0.00021999
       281    -0.00022970
       282    -0.00023885
       283    -0.00024705
       284    -0.00025387
       285    -0.00025879
       286    -0.00026125
       287    -0.00026065
       288    -0.00025639
       289    -0.00024792
       290    -0.00023475
       291    -0.00021653
       292    -0.00019316
       293    -0.00016476
       294    -0.00013174
       295    -0.00009486
       296    -0.00005513
       297    -0.00001383
       298     0.00002764
       299     0.00006784
       300     0.00010544
