#    Step        Prob(0)        Prob(1)        
        0     0.00000000     0.00000000
        1     0.00001464     0.00000000
        2     0.00000000     0.00000000
        3     0.00004633     0.00000000
        4     0.00000000     0.00000000
        5     0.00008786     0.00000000
        6     0.00000000     0.00000000
        7     0.00005855     0.00000000
        8     0.00000746     0.00000000
        9     0.00000000     0.00000000
       10     0.00005516     0.00000000
       11     0.00000000     0.00000000
       12     0.00000000     0.00000000
       13     0.00001630     0.00000000
       14     0.00001953     0.00000000
       15     0.00000000     0.00000000
       16     0.00000000     0.00000000
       17     0.00000000     0.00000000
       18     0.00000000     0.00000000
       19     0.00000000     0.00000000
       20     0.00001582     0.00000000
       21     0.00001322     0.00000000
       22     0.00000000     0.00000000
       23     0.00000477     0.00000000
       24     0.00003395     0.00000000
       25     0.00000896     0.00000000
       26     0.00000000     0.00000000
       27     0.00000000     0.00000000
       28     0.00002528     0.00000000
       29     0.00000000     0.00000000
       30     0.00000000     0.00000000
       31     0.00001016     0.00000000
       32     0.00000777     0.00000000
       33     0.00000000     0.00000000
       34     0.00000229     0.00000000
       35     0.00000623     0.00000000
       36     0.00000000     0.00000000
       37     0.00000211     0.00000000
       38     0.00000087     0.00000000
       39     0.00000000     0.00000000
       40     0.00000000     0.00000000
       41     0.00000092     0.00000000
       42     0.00000986     0.00000000
       43     0.00000000     0.00000000
       44     0.00000648     0.00000000
       45     0.00001611     0.00000000
       46     0.00000000     0.00000000
       47     0.00000681     0.00000000
       48     0.00002310     0.00000000
       49     0.00000000     0.00000000
       50     0.00000000     0.00000000
       51     0.00002359     0.00000000
       52     0.00000000     0.00000000
       53     0.00000000     0.00000000
       54     0.00000117     0.00000000
       55     0.00000921     0.00000000
       56     0.00000000     0.00000000
       57     0.00000000     0.00000000
       58     0.00000000     0.00000000
       59     0.00000000     0.00000000
       60     0.00000258     0.00000000
       61     0.00000792     0.00000000
       62     0.00000000     0.00000000
       63     0.00000000     0.00000000
       64     0.00000171     0.00000000
       65     0.00000949     0.00000000
       66     0.00000000     0.00000000
       67     0.00000000     0.00000000
       68     0.00000187     0.00000000
       69     0.00000822     0.00000000
       70     0.00000000     0.00000000
       71     0.00000000     0.00000000
       72     0.00000364     0.00000000
       73     0.00000425     0.00000000
       74     0.00000000     0.00000000
       75     0.00000000     0.00000000
       76     0.00000221     0.00000000
       77     0.00000045     0.00000000
       78     0.00000000     0.00000000
       79     0.00000022     0.00000000
       80     0.00000000     0.00000000
       81     0.00000000     0.00000000
       82     0.00000626     0.00000000
       83     0.00000392     0.00000000
       84     0.00000000     0.00000000
       85     0.00000000     0.00000000
       86     0.00001672     0.00000000
       87     0.00001765     0.00000000
       88     0.00000000     0.00000000
       89     0.00000000     0.00000000
       90     0.00000000     0.00000000
       91     0.00001785     0.00000000
       92     0.00001301     0.00000000
       93     0.00000000     0.00000000
       94     0.00000000     0.00000000
       95     0.00000000     0.00000000
       96     0.00001034     0.00000000
       97     0.00002001     0.00000000
       98     0.00001198     0.00000000
       99     0.00000000     0.00000000
      100     0.00000000     0.00000000
      101     0.00000000     0.00000000
      102     0.00001330     0.00000000
      103     0.00001566     0.00000000
      104     0.00000000     0.00000000
      105     0.00000000     0.00000000
      106     0.00000000     0.00000000
      107     0.00000000     0.00000000
      108     0.00000513     0.00000000
      109     0.00000969     0.00000000
      110     0.00001884     0.00000000
      111     0.00004636     0.00000000
      112     0.00008258     0.00000000
      113     0.00009917     0.00000000
      114     0.00007717     0.00000000
      115     0.00002684     0.00000000
      116     0.00000000     0.00000000
      117     0.00000000     0.00000000
      118     0.00000000     0.00000000
      119     0.00000000     0.00000000
      120     0.00000000     0.00000000
      121     0.00000000     0.00000000
      122     0.00000000     0.00000000
      123     0.00000000     0.00000000
      124     0.00000000     0.00000000
      125     0.00000000     0.00000000
      126     0.00000000     0.00000000
      127     0.00000083     0.00000000
      128     0.00000851     0.00000000
      129     0.00001947     0.00000000
      130     0.00003310     0.00000000
      131     0.00004602     0.00000000
      132     0.00005289     0.00000000
      133     0.00004821     0.00000000
      134     0.00003007     0.00000000
      135     0.00000652     0.00000000
      136     0.00000486     0.00000000
      137     0.00008449     0.00000000
      138     0.00035794     0.00000000
      139     0.00104106     0.00000000
      140     0.00266002     0.00000000
      141     0.00836410     0.00000000
      142     0.00000000     0.00000000
      143     0.00000000     0.00000000
      144     0.00000000     0.00000000
      145     0.00000000     0.00000000
      146     0.00000000     0.00000000
      147     0.00000000     0.00000000
      148     0.00000000     0.00000000
      149     0.00000000     0.00000000
      150     0.00000000     0.00000000
      151     0.00000000     0.00000000
      152     0.00000000     0.00000000
      153     0.00000000     0.00000000
      154     0.00000000     0.00000000
      155     0.01031299     0.00000000
      156     0.01788705     0.00000000
      157     0.02116303     0.00000000
      158     0.02163714     0.00000000
      159     0.00000000     0.00000000
      160     0.00000000     0.00000000
      161     0.00000000     0.00000000
      162     0.00000000     0.01066642
      163     0.00000000     0.03962349
      164     0.00000000     0.04344797
      165     0.00000000     0.02610054
      166     0.00000000     0.00351603
      167     0.00000000     0.00000000
      168     0.00000000     0.00000000
      169     0.00000000     0.00289972
      170     0.00000000     0.00000000
      171     0.00000000     0.00000000
      172     0.00000000     0.00000000
      173     0.00000000     0.03185334
      174     0.00000000     0.02014159
      175     0.00000000     0.00000000
      176     0.00000000     0.00000000
      177     0.00000000     0.07306601
      178     0.00000000     0.00000000
      179     0.00000000     0.00000000
      180     0.00000000     0.10044379
      181     0.00000000     0.00000000
      182     0.00000000     0.01136538
      183     0.00000000     0.01280727
      184     0.00000000     0.00000000
      185     0.00000000     0.01332750
      186     0.00000000     0.00000000
      187     0.00000000     0.00419064
      188     0.00000000     0.00000000
      189     0.00000000     0.00044320
      190     0.00000000     0.00019649
      191     0.00000000     0.00000639
      192     0.00000000     0.00000000
      193     0.00000000     0.00467411
      194     0.00000000     0.00000000
      195     0.00000000     0.01472336
      196     0.00000000     0.00000000
      197     0.00000000     0.02337526
      198     0.00000000     0.00000000
      199     0.00000000     0.01135796
      200     0.00000000     0.00543558
      201     0.00000000     0.00000000
      202     0.00000000     0.03138715
      203     0.00000000     0.00000000
      204     0.00000000     0.01278272
      205     0.00000000     0.00080645
      206     0.00000000     0.00000000
      207     0.00000000     0.00000000
      208     0.00000000     0.00268583
      209     0.00000000     0.00516692
      210     0.00000000     0.00000000
      211     0.00000000     0.01629874
      212     0.00000000     0.00208025
      213     0.00000000     0.00000000
      214     0.00000000     0.03174686
      215     0.00000000     0.00000000
      216     0.00000000     0.00000000
      217     0.00000000     0.01892765
      218     0.00000000     0.00000000
      219     0.00000000     0.00092315
      220     0.00000000     0.00000000
      221     0.00000000     0.01203586
      222     0.00000000     0.00000000
      223     0.00000000     0.02107665
      224     0.00000000     0.00000000
      225     0.00000000     0.00000000
      226     0.00000000     0.03160297
      227     0.00000000     0.00000000
      228     0.00000000     0.01009759
      229     0.00000000     0.01550510
      230     0.00000000     0.00000000
      231     0.00000000     0.01943415
      232     0.00000000     0.00524265
      233     0.00000000     0.00000000
      234     0.00000000     0.01554101
      235     0.00000000     0.00714564
      236     0.00000000     0.00000000
      237     0.00000000     0.00550584
      238     0.00000000     0.01039446
      239     0.00000000     0.00000000
      240     0.00000000     0.00000000
      241     0.00000000     0.00080983
      242     0.00000000     0.00092852
      243     0.00000000     0.01012314
      244     0.00000000     0.00000000
      245     0.00000000     0.00000000
      246     0.00000000     0.03666358
      247     0.00000000     0.00000000
      248     0.00000000     0.00000000
      249     0.00000000     0.07257294
      250     0.00000000     0.00000000
      251     0.00000000     0.01738572
      252     0.00000000     0.04323362
      253     0.00000000     0.00000000
      254     0.00000000     0.06026140
      255     0.00000000     0.00000000
      256     0.00000000     0.01955450
      257     0.00000000     0.00000000
      258     0.00000000     0.00021059
      259     0.00000000     0.00223798
      260     0.00000000     0.00000000
      261     0.00000000     0.00000000
      262     0.00000000     0.00347979
      263     0.00000000     0.00000000
      264     0.00000000     0.00844471
      265     0.00000000     0.00000000
      266     0.00000000     0.00394324
      267     0.00000000     0.00355436
      268     0.00000000     0.00000000
      269     0.00000000     0.02373634
      270     0.00000000     0.00000000
      271     0.00000000     0.02838154
      272     0.00000000     0.00000000
      273     0.00000000     0.00000000
      274     0.00000000     0.01686643
      275     0.00000000     0.00000000
      276     0.00000000     0.01652803
      277     0.00000000     0.00000000
      278     0.00000000     0.00000000
      279     0.00000000     0.00000000
      280     0.00000000     0.01646573
      281     0.00000000     0.00000000
      282     0.00000000     0.01586221
      283     0.00000000     0.00000000
      284     0.00000000     0.00000000
      285     0.00000000     0.02489976
      286     0.00000000     0.00000000
      287     0.00000000     0.02128876
      288     0.00000000     0.00000000
      289     0.00000000     0.00888359
      290     0.00000000     0.00000000
      291     0.00000000     0.00129633
      292     0.00000000     0.00029014
      293     0.00000000     0.00000000
      294     0.00000000     0.00040204
      295     0.00000000     0.00082692
      296     0.00000000     0.00000000
      297     0.00000000     0.00645044
      298     0.00000000     0.00000000
      299     0.00000000     0.01665753
      300     0.00000000     0.00000000
      301     0.00000000     0.02036129
      302     0.00000000     0.00000000
      303     0.00000000     0.00000000
      304     0.00000000     0.07235998
      305     0.00000000     0.00000000
      306     0.00000000     0.02204312
      307     0.00000000     0.03036098
      308     0.00000000     0.00000000
      309     0.00000000     0.01144382
      310     0.00000000     0.01024857
      311     0.00000000     0.00000000
      312     0.00000000     0.00010806
      313     0.00000000     0.00000000
      314     0.00000000     0.00794428
      315     0.00000000     0.00373303
      316     0.00000000     0.00000000
      317     0.00000000     0.01449324
      318     0.00000000     0.00879103
      319     0.00000000     0.00000000
      320     0.00000000     0.02810517
      321     0.00000000     0.00000000
      322     0.00000000     0.00000000
      323     0.00000000     0.04068234
      324     0.00000000     0.00000000
      325     0.00000000     0.03402943
      326     0.00000000     0.00000000
      327     0.00000000     0.00648785
      328     0.00000000     0.00173461
      329     0.00000000     0.00000000
      330     0.00000000     0.00346877
      331     0.00000000     0.00026675
      332     0.00000000     0.00000000
      333     0.00000000     0.01153486
      334     0.00000000     0.00000000
      335     0.00000000     0.02449234
      336     0.00000000     0.00000000
      337     0.00000000     0.03216438
      338     0.00000000     0.00000000
      339     0.00000000     0.02117354
      340     0.00000000     0.00000000
      341     0.00000000     0.00000000
      342     0.00000000     0.02029146
      343     0.00000000     0.00000000
      344     0.00000000     0.01056572
      345     0.00000000     0.00015018
      346     0.00000000     0.00000000
      347     0.00000000     0.00000000
      348     0.00000000     0.00920506
      349     0.00000000     0.00951680
      350     0.00000000     0.00000000
      351     0.00000000     0.05221574
      352     0.00000000     0.00000000
      353     0.00000000     0.00000000
      354     0.00000000     0.06517605
      355     0.00000000     0.00000000
      356     0.00000000     0.00659977
      357     0.00000000     0.02133269
      358     0.00000000     0.00000000
      359     0.00000000     0.00902991
      360     0.00000000     0.00232772
      361     0.00000000     0.00000000
      362     0.00000000     0.00000000
      363     0.00000000     0.00186017
      364     0.00000000     0.00864051
      365     0.00000000     0.00000000
      366     0.00000000     0.02163478
      367     0.00000000     0.00000000
      368     0.00000000     0.00000000
      369     0.00000000     0.03025060
      370     0.00000000     0.00000000
      371     0.00000000     0.05015519
      372     0.00000000     0.00000000
      373     0.00000000     0.03250010
      374     0.00000000     0.00000000
      375     0.00000000     0.00119692
      376     0.00000000     0.00921280
      377     0.00000000     0.00000000
      378     0.00000000     0.01120898
      379     0.00000000     0.00000000
      380     0.00000000     0.00124274
      381     0.00000000     0.00199747
      382     0.00000000     0.00000000
      383     0.00000000     0.00000000
      384     0.00000000     0.00895151
      385     0.00000000     0.00000000
      386     0.00000000     0.06608326
      387     0.00000000     0.00000000
      388     0.00000000     0.02040402
      389     0.00000000     0.00000000
      390     0.00000000     0.00603452
      391     0.00000000     0.00000000
      392     0.00000000     0.00000000
      393     0.00000000     0.00259604
      394     0.00000000     0.00000000
      395     0.00000000     0.00000000
      396     0.00000000     0.04888539
      397     0.00000000     0.00000000
      398     0.00000000     0.01136696
      399     0.00000000     0.00266679
      400     0.00000000     0.00000000
      401     0.00000000     0.02282170
      402     0.00000000     0.00000000
      403     0.00000000     0.02743569
      404     0.00000000     0.00000000
      405     0.00000000     0.01884315
      406     0.00000000     0.00000000
      407     0.00000000     0.00571390
      408     0.00000000     0.00116514
      409     0.00000000     0.00000000
      410     0.00000000     0.01073339
      411     0.00000000     0.00000000
      412     0.00000000     0.00610996
      413     0.00000000     0.00183139
      414     0.00000000     0.00000000
      415     0.00000000     0.01920530
      416     0.00000000     0.00000000
      417     0.00000000     0.02177149
      418     0.00000000     0.00000000
      419     0.00000000     0.00604552
      420     0.00000000     0.00433728
      421     0.00000000     0.00000000
      422     0.00000000     0.02023255
      423     0.00000000     0.00000000
      424     0.00000000     0.02401635
      425     0.00000000     0.00000000
      426     0.00000000     0.01840502
      427     0.00000000     0.00000000
      428     0.00000000     0.00959597
      429     0.00000000     0.00000000
      430     0.00000000     0.00215664
      431     0.00000000     0.00017296
      432     0.00000000     0.00000000
      433     0.00000000     0.00193602
      434     0.00000000     0.00000000
      435     0.00000000     0.00000000
      436     0.00000000     0.00297841
      437     0.00000000     0.00000000
      438     0.00000000     0.00000000
      439     0.00000000     0.00519237
      440     0.00000000     0.00000000
      441     0.00000000     0.01014051
      442     0.00000000     0.00000000
      443     0.00000000     0.00736285
      444     0.00000000     0.00000000
      445     0.00000000     0.00000000
      446     0.00000000     0.00391074
      447     0.00000000     0.00000000
      448     0.00000000     0.00610905
      449     0.00000000     0.00000000
      450     0.00000000     0.00213717
      451     0.00000000     0.00000000
      452     0.00000000     0.00010430
      453     0.00000000     0.00000000
      454     0.00000000     0.00465940
      455     0.00000000     0.00000000
      456     0.00000000     0.00642966
      457     0.00000000     0.00000000
      458     0.00000000     0.00000000
      459     0.00000000     0.00441340
      460     0.00000000     0.00000000
      461     0.00000000     0.00578750
      462     0.00000000     0.00000000
      463     0.00000000     0.00111542
      464     0.00000000     0.00057507
      465     0.00000000     0.00000000
      466     0.00000000     0.00029750
      467     0.00000000     0.00073491
      468     0.00000000     0.00000000
      469     0.00000000     0.00067644
      470     0.00000000     0.00135641
      471     0.00000000     0.00000000
      472     0.00000000     0.00659843
      473     0.00000000     0.00000000
      474     0.00000000     0.00520748
      475     0.00000000     0.00000000
      476     0.00000000     0.00000000
      477     0.00000000     0.00084535
      478     0.00000000     0.00111196
      479     0.00000000     0.00000000
      480     0.00000000     0.00882931
      481     0.00000000     0.00000000
      482     0.00000000     0.01439319
      483     0.00000000     0.00000000
      484     0.00000000     0.01398766
      485     0.00000000     0.00000000
      486     0.00000000     0.00846895
      487     0.00000000     0.00000000
      488     0.00000000     0.00108496
      489     0.00000000     0.00142417
      490     0.00000000     0.00000000
      491     0.00000000     0.00034740
      492     0.00000000     0.00297069
      493     0.00000000     0.00000000
      494     0.00000000     0.00874148
      495     0.00000000     0.00000000
      496     0.00000000     0.00483192
      497     0.00000000     0.00013128
      498     0.00000000     0.00000000
      499     0.00000000     0.00702020
      500     0.00000000     0.00000000
      501     0.00000000     0.00380449
      502     0.00000000     0.00000000
      503     0.00000000     0.00000000
      504     0.00000000     0.00000000
      505     0.00000000     0.00330370
      506     0.00000000     0.00000000
      507     0.00000000     0.00141465
      508     0.00000000     0.00489729
      509     0.00000000     0.00000000
      510     0.00000000     0.01261553
      511     0.00000000     0.00000000
      512     0.00000000     0.00000000
      513     0.00000000     0.02132656
      514     0.00000000     0.00000000
      515     0.00000000     0.00836334
      516     0.00000000     0.00934264
      517     0.00000000     0.00000000
      518     0.00000000     0.01831829
      519     0.00000000     0.00000000
      520     0.00000000     0.00000000
      521     0.00000000     0.00654188
      522     0.00000000     0.00000000
      523     0.00000000     0.00135832
      524     0.00000000     0.00000907
      525     0.00000000     0.00099834
      526     0.00000000     0.00000000
      527     0.00000000     0.00141856
      528     0.00000000     0.00000000
      529     0.00000000     0.00034405
      530     0.00000000     0.00000000
      531     0.00000000     0.00340287
      532     0.00000000     0.00000000
      533     0.00000000     0.00018466
      534     0.00000000     0.00029379
      535     0.00000000     0.00192165
      536     0.00000000     0.00000000
      537     0.00000000     0.00545480
      538     0.00000000     0.00000000
      539     0.00000000     0.00088346
      540     0.00000000     0.00066613
      541     0.00000000     0.00012506
      542     0.00000000     0.00000000
      543     0.00000000     0.00628287
      544     0.00000000     0.00000000
      545     0.00000000     0.01103923
      546     0.00000000     0.00000000
      547     0.00000000     0.01197128
      548     0.00000000     0.00000000
      549     0.00000000     0.00729021
      550     0.00000000     0.00000000
      551     0.00000000     0.00000000
      552     0.00000000     0.00571398
      553     0.00000000     0.00000000
      554     0.00000000     0.00601967
      555     0.00000000     0.00000000
      556     0.00000000     0.00000000
      557     0.00000000     0.00766709
      558     0.00000000     0.00000000
      559     0.00000000     0.00616395
      560     0.00000000     0.00266907
      561     0.00000000     0.00000000
      562     0.00000000     0.02087460
      563     0.00000000     0.00000000
      564     0.00000000     0.00768579
      565     0.00000000     0.00000000
      566     0.00000000     0.00432309
      567     0.00000000     0.00000000
      568     0.00000000     0.01690266
      569     0.00000000     0.00000000
      570     0.00000000     0.00000000
      571     0.00000000     0.01690161
      572     0.00000000     0.00000000
      573     0.00000000     0.00000000
      574     0.00000000     0.00340510
      575     0.00000000     0.00035047
      576     0.00000000     0.00344936
      577     0.00000000     0.00000000
      578     0.00000000     0.00226419
      579     0.00000000     0.01107634
      580     0.00000000     0.00000000
      581     0.00000000     0.00074981
      582     0.00000000     0.01477056
      583     0.00000000     0.00000000
      584     0.00000000     0.00114507
      585     0.00000000     0.01278302
      586     0.00000000     0.00000000
      587     0.00000000     0.00622415
      588     0.00000000     0.00544451
      589     0.00000000     0.00000000
      590     0.00000000     0.01298566
      591     0.00000000     0.00000000
      592     0.00000000     0.00001596
      593     0.00000000     0.00771857
      594     0.00000000     0.00000000
      595     0.00000000     0.01669689
      596     0.00000000     0.00000000
      597     0.00000000     0.01470885
      598     0.00000000     0.00000000
      599     0.00000000     0.00739657
      600     0.00000000     0.00000000
