#    Step     Kinetic(H)     Potential(H)   Total(H)       E(0)(H)        E(1)(H)        
        0     0.01389460   -16.41386352   -16.39996892   -16.54716861   -16.41386352
        1     0.01460630   -16.41460820   -16.40000190   -16.54756965   -16.41460820
        2     0.01592789   -16.41596893   -16.40004104   -16.54819921   -16.41596893
        3     0.01727328   -16.41734389   -16.40007061   -16.54851705   -16.41734389
        4     0.01819871   -16.41827831   -16.40007960   -16.54811424   -16.41827831
        5     0.01857053   -16.41863599   -16.40006546   -16.54687299   -16.41863599
        6     0.01859870   -16.41863411   -16.40003541   -16.54498766   -16.41863411
        7     0.01872738   -16.41873050   -16.40000312   -16.54284162   -16.41873050
        8     0.01942885   -16.41941260   -16.39998375   -16.54079921   -16.41941260
        9     0.02098045   -16.42096795   -16.39998750   -16.53900561   -16.42096795
       10     0.02331761   -16.42333215   -16.40001454   -16.53729341   -16.42333215
       11     0.02603462   -16.42608957   -16.40005495   -16.53524814   -16.42608957
       12     0.02853968   -16.42863238   -16.40009270   -16.53239829   -16.42863238
       13     0.03028170   -16.43039671   -16.40011501   -16.52842442   -16.43039671
       14     0.03093384   -16.43105104   -16.40011720   -16.52328352   -16.43105104
       15     0.03046217   -16.43056512   -16.40010295   -16.51721571   -16.43056512
       16     0.02908575   -16.42916450   -16.40007875   -16.51066328   -16.42916450
       17     0.02718252   -16.42723325   -16.40005073   -16.50416217   -16.42723325
       18     0.02519308   -16.42521691   -16.40002383   -16.49824969   -16.42521691
       19     0.02353985   -16.42354250   -16.40000265   -16.49339522   -16.42354250
       20     0.02254941   -16.42254184   -16.39999243   -16.48993578   -16.42254184
       21     0.02237397   -16.42237110   -16.39999713   -16.48800719   -16.42237110
       22     0.02293719   -16.42295362   -16.40001643   -16.48749636   -16.42295362
       23     0.02394427   -16.42398859   -16.40004432   -16.48805664   -16.42398859
       24     0.02497453   -16.42504557   -16.40007104   -16.48920634   -16.42504557
       25     0.02562601   -16.42571359   -16.40008758   -16.49047923   -16.42571359
       26     0.02565427   -16.42574226   -16.40008799   -16.49156578   -16.42574226
       27     0.02505809   -16.42513000   -16.40007191   -16.49240081   -16.42513000
       28     0.02408307   -16.42412814   -16.40004507   -16.49316739   -16.42412814
       29     0.02313327   -16.42315091   -16.40001764   -16.49420689   -16.42315091
       30     0.02261534   -16.42261627   -16.40000093   -16.49586088   -16.42261627
       31     0.02277407   -16.42277560   -16.40000153   -16.49830299   -16.42277560
       32     0.02359300   -16.42361185   -16.40001885   -16.50144004   -16.42361185
       33     0.02480574   -16.42485077   -16.40004503   -16.50492841   -16.42485077
       34     0.02600558   -16.42607598   -16.40007040   -16.50829361   -16.42607598
       35     0.02679240   -16.42687989   -16.40008749   -16.51108575   -16.42687989
       36     0.02688978   -16.42698262   -16.40009284   -16.51300041   -16.42698262
       37     0.02620519   -16.42629146   -16.40008627   -16.51393743   -16.42629146
       38     0.02484416   -16.42491225   -16.40006809   -16.51400963   -16.42491225
       39     0.02309922   -16.42313959   -16.40004037   -16.51352882   -16.42313959
       40     0.02141158   -16.42141992   -16.40000834   -16.51296428   -16.42141992
       41     0.02027674   -16.42025891   -16.39998217   -16.51284559   -16.42025891
       42     0.02008623   -16.42006001   -16.39997378   -16.51359731   -16.42006001
       43     0.02095422   -16.42094438   -16.39999016   -16.51535607   -16.42094438
       44     0.02262505   -16.42265225   -16.40002720   -16.51787014   -16.42265225
       45     0.02454060   -16.42461080   -16.40007020   -16.52056692   -16.42461080
       46     0.02605833   -16.42615971   -16.40010138   -16.52277891   -16.42615971
       47     0.02671915   -16.42682658   -16.40010743   -16.52401978   -16.42682658
       48     0.02643898   -16.42652533   -16.40008635   -16.52418330   -16.42652533
       49     0.02554170   -16.42558917   -16.40004747   -16.52357680   -16.42558917
       50     0.02461478   -16.42462291   -16.40000813   -16.52277404   -16.42462291
       51     0.02424662   -16.42423297   -16.39998635   -16.52234630   -16.42423297
       52     0.02476110   -16.42475296   -16.39999186   -16.52259012   -16.42475296
       53     0.02607376   -16.42609514   -16.40002138   -16.52338198   -16.42609514
       54     0.02773672   -16.42779805   -16.40006133   -16.52423010   -16.42779805
       55     0.02913609   -16.42923189   -16.40009580   -16.52448479   -16.42923189
       56     0.02973274   -16.42984593   -16.40011319   -16.52359143   -16.42984593
       57     0.02923770   -16.42934818   -16.40011048   -16.52127551   -16.42934818
       58     0.02767744   -16.42776758   -16.40009014   -16.51760871   -16.42776758
       59     0.02535816   -16.42541698   -16.40005882   -16.51297240   -16.42541698
       60     0.02276780   -16.42279227   -16.40002447   -16.50795289   -16.42279227
       61     0.02044875   -16.42044411   -16.39999536   -16.50320458   -16.42044411
       62     0.01886011   -16.41883978   -16.39997967   -16.49930029   -16.41883978
       63     0.01825184   -16.41823465   -16.39998281   -16.49659125   -16.41823465
       64     0.01858357   -16.41858836   -16.40000479   -16.49511425   -16.41858836
       65     0.01952970   -16.41956850   -16.40003880   -16.49459059   -16.41956850
       66     0.02058814   -16.42066067   -16.40007253   -16.49453585   -16.42066067
       67     0.02126468   -16.42135837   -16.40009369   -16.49445285   -16.42135837
       68     0.02125970   -16.42135448   -16.40009478   -16.49402877   -16.42135448
       69     0.02057690   -16.42065362   -16.40007672   -16.49325261   -16.42065362
       70     0.01951307   -16.41955983   -16.40004676   -16.49240708   -16.41955983
       71     0.01853830   -16.41855553   -16.40001723   -16.49194910   -16.41855553
       72     0.01811339   -16.41811283   -16.39999944   -16.49232021   -16.41811283
       73     0.01850913   -16.41851025   -16.40000112   -16.49376049   -16.41851025
       74     0.01969394   -16.41971597   -16.40002203   -16.49618846   -16.41971597
       75     0.02134093   -16.42139409   -16.40005316   -16.49920585   -16.42139409
       76     0.02296476   -16.42304539   -16.40008063   -16.50224001   -16.42304539
       77     0.02412972   -16.42422258   -16.40009286   -16.50476484   -16.42422258
       78     0.02461671   -16.42470447   -16.40008776   -16.50648300   -16.42470447
       79     0.02446469   -16.42453644   -16.40007175   -16.50737467   -16.42453644
       80     0.02388797   -16.42394206   -16.40005409   -16.50761562   -16.42394206
       81     0.02314919   -16.42318886   -16.40003967   -16.50744624   -16.42318886
       82     0.02247819   -16.42250678   -16.40002859   -16.50709010   -16.42250678
       83     0.02206293   -16.42208141   -16.40001848   -16.50674487   -16.42208141
       84     0.02206578   -16.42207648   -16.40001070   -16.50660090   -16.42207648
       85     0.02260320   -16.42261316   -16.40000996   -16.50681567   -16.42261316
       86     0.02367987   -16.42370023   -16.40002036   -16.50743915   -16.42370023
       87     0.02513609   -16.42517696   -16.40004087   -16.50835198   -16.42517696
       88     0.02667386   -16.42673717   -16.40006331   -16.50928557   -16.42673717
       89     0.02796581   -16.42804462   -16.40007881   -16.50993462   -16.42804462
       90     0.02878491   -16.42886741   -16.40008250   -16.51009025   -16.42886741
       91     0.02907701   -16.42915220   -16.40007519   -16.50971377   -16.42915220
       92     0.02895200   -16.42901326   -16.40006126   -16.50892648   -16.42901326
       93     0.02862603   -16.42867096   -16.40004493   -16.50794971   -16.42867096
       94     0.02835304   -16.42838327   -16.40003023   -16.50703802   -16.42838327
       95     0.02835426   -16.42837683   -16.40002257   -16.50641216   -16.42837683
       96     0.02873631   -16.42876291   -16.40002660   -16.50617645   -16.42876291
       97     0.02942673   -16.42946902   -16.40004229   -16.50625140   -16.42946902
       98     0.03017986   -16.43024315   -16.40006329   -16.50637861   -16.43024315
       99     0.03066786   -16.43074907   -16.40008121   -16.50621695   -16.43074907
      100     0.03061060   -16.43069944   -16.40008884   -16.50547626   -16.43069944
      101     0.02988191   -16.42996524   -16.40008333   -16.50402787   -16.42996524
      102     0.02856154   -16.42862681   -16.40006527   -16.50195601   -16.42862681
      103     0.02692747   -16.42696595   -16.40003848   -16.49955007   -16.42696595
      104     0.02539788   -16.42540702   -16.40000914   -16.49724488   -16.42540702
      105     0.02442914   -16.42441484   -16.39998570   -16.49551715   -16.42441484
      106     0.02438115   -16.42435825   -16.39997710   -16.49474738   -16.42435825
      107     0.02538288   -16.42537198   -16.39998910   -16.49508012   -16.42537198
      108     0.02725214   -16.42727211   -16.40001997   -16.49633844   -16.42727211
      109     0.02952506   -16.42958490   -16.40005984   -16.49805280   -16.42958490
      110     0.03160729   -16.43170132   -16.40009403   -16.49961673   -16.43170132
      111     0.03299069   -16.43310054   -16.40010985   -16.50051208   -16.43310054
      112     0.03344364   -16.43354571   -16.40010207   -16.50050655   -16.43354571
      113     0.03309459   -16.43316855   -16.40007396   -16.49973918   -16.43316855
      114     0.03237793   -16.43241489   -16.40003696   -16.49866529   -16.43241489
      115     0.03186119   -16.43186733   -16.40000614   -16.49787691   -16.43186733
      116     0.03201227   -16.43200779   -16.39999552   -16.49786168   -16.43200779
      117     0.03298638   -16.43299896   -16.40001258   -16.49878079   -16.43299896
      118     0.03452410   -16.43457597   -16.40005187   -16.50035860   -16.43457597
      119     0.03603425   -16.43613095   -16.40009670   -16.50196719   -16.43613095
      120     0.03684644   -16.43697342   -16.40012698   -16.50288873   -16.43697342
      121     0.03650230   -16.43663319   -16.40013089   -16.50262174   -16.43663319
      122     0.03493293   -16.43504207   -16.40010914   -16.50106622   -16.43504207
      123     0.03246059   -16.43253184   -16.40007125   -16.49852468   -16.43253184
      124     0.02966663   -16.42969530   -16.40002867   -16.49556491   -16.42969530
      125     0.02721786   -16.42720899   -16.39999113   -16.49284393   -16.42720899
      126     0.02570848   -16.42567481   -16.39996633   -16.49095018   -16.42567481
      127     0.02552903   -16.42548984   -16.39996081   -16.49027335   -16.42548984
      128     0.02676376   -16.42674225   -16.39997849   -16.49090024   -16.42674225
      129     0.02914050   -16.42915717   -16.40001667   -16.49255969   -16.42915717
      130     0.03207897   -16.43214410   -16.40006513   -16.49466903   -16.43214410
      131     0.03485735   -16.43496485   -16.40010750   -16.49650094   -16.43496485
      132     0.03685164   -16.43698115   -16.40012951   -16.49743051   -16.43698115
      133     0.03775125   -16.43787559   -16.40012434   -16.49715618   -16.43787559
      134     0.03766124   -16.43775682   -16.40009558   -16.49580486   -16.43775682
      135     0.03704794   -16.43710361   -16.40005567   -16.49387547   -16.43710361
      136     0.03654382   -16.43656523   -16.40002141   -16.49203763   -16.43656523
      137     0.03668802   -16.43669497   -16.40000695   -16.49086257   -16.43669497
      138     0.03771172   -16.43772957   -16.40001785   -16.49060007   -16.43772957
      139     0.03945247   -16.43950171   -16.40004924   -16.49108893   -16.43950171
      140     0.04142699   -16.44151493   -16.40008794   -16.49183169   -16.44151493
      141     0.04303577   -16.44315265   -16.40011688   -16.49220473   -16.44315265
      142     0.04381363   -16.44393797   -16.40012434   -16.49172028   -16.44393797
      143     0.04360804   -16.44371776   -16.40010972   -16.49021268   -16.44371776
      144     0.04260204   -16.44268367   -16.40008163   -16.48786126   -16.44268367
      145     0.04119786   -16.44124882   -16.40005096   -16.48506831   -16.44124882
      146     0.03985295   -16.43987894   -16.40002599   -16.48229090   -16.43987894
      147     0.03895370   -16.43896398   -16.40001028   -16.47991297   -16.43896398
      148     0.03875555   -16.43875922   -16.40000367   -16.47818656   -16.43875922
      149     0.03937035   -16.43937626   -16.40000591   -16.47722279   -16.43937626
      150     0.04077439   -16.44079021   -16.40001582   -16.47699850   -16.44079021
      151     0.04282336   -16.44285562   -16.40003226   -16.47737175   -16.44285562
      152     0.04527121   -16.44532534   -16.40005413   -16.47810027   -16.44532534
      153     0.04779218   -16.44787167   -16.40007949   -16.47886278   -16.44787167
      154     0.05001254   -16.45011676   -16.40010422   -16.47929007   -16.45011676
      155     0.05158274   -16.45170205   -16.40011931   -16.47903535   -16.45170205
      156     0.05230733   -16.45242271   -16.40011538   -16.47790983   -16.45242271
      157     0.05227453   -16.45236503   -16.40009050   -16.47602121   -16.45236503
      158     0.05186802   -16.45192358   -16.40005556   -16.47379267   -16.45192358
      159     0.05160820   -16.45163596   -16.40002776   -16.47179998   -16.45163596
      160     0.05190825   -16.45192804   -16.40001979   -16.47051914   -16.45192804
      161     0.05288838   -16.45292229   -16.40003391   -16.47013514   -16.45292229
      162     0.05433955   -16.45440176   -16.40006221   -16.47050147   -16.45440176
      163     0.05583625   -16.45592783   -16.40009158   -16.47124503   -16.45592783
      164     0.05693075   -16.45704038   -16.40010963   -16.47194493   -16.45704038
      165     0.05732698   -16.45743942   -16.40011244   -16.47229292   -16.45743942
      166     0.05695537   -16.45705771   -16.40010234   -16.47215933   -16.45705771
      167     0.05594940   -16.45603353   -16.40008413   -16.47158017   -16.45603353
      168     0.05458224   -16.45464294   -16.40006070   -16.47071484   -16.45464294
      169     0.05321523   -16.45324996   -16.40003473   -16.46981852   -16.45324996
      170     0.05225302   -16.45226284   -16.40000982   -16.46921093   -16.45226284
      171     0.05206903   -16.45206294   -16.39999391   -16.46920921   -16.45206294
      172     0.05289146   -16.45288574   -16.39999428   -16.47000814   -16.45288574
      173     0.05469220   -16.45470631   -16.40001411   -16.47156301   -16.45470631
      174     0.05715140   -16.45719956   -16.40004816   -16.47354681   -16.45719956
      175     0.05973434   -16.45982042   -16.40008608   -16.47542727   -16.45982042
      176     0.06185309   -16.46196889   -16.40011580   -16.47662878   -16.46196889
      177     0.06306041   -16.46318645   -16.40012604   -16.47672556   -16.46318645
      178     0.06322049   -16.46333083   -16.40011034   -16.47561370   -16.46333083
      179     0.06258466   -16.46265873   -16.40007407   -16.47359335   -16.46265873
      180     0.06170071   -16.46173520   -16.40003449   -16.47128092   -16.46173520
      181     0.06115346   -16.46116566   -16.40001220   -16.46934854   -16.46116566
      182     0.06126491   -16.46128415   -16.40001924   -16.46822491   -16.46128415
      183     0.06193026   -16.46198158   -16.40005132   -16.46793592   -16.46198158
      184     0.06268300   -16.46277367   -16.40009067   -16.46815591   -16.46277367
      185     0.06826740   -16.46838315   -16.40011575   -16.46838315   -16.46306983
      186     0.06808926   -16.46825644   -16.40016718   -16.46825644   -16.46208541
      187     0.06751856   -16.46770781   -16.40018925   -16.46770781   -16.45975856
      188     0.06626612   -16.46644729   -16.40018117   -16.46644729   -16.45630143
      189     0.06444752   -16.46460674   -16.40015922   -16.46460674   -16.45207642
      190     0.06238903   -16.46252652   -16.40013749   -16.46252652   -16.44752870
      191     0.06042231   -16.46054685   -16.40012454   -16.46054685   -16.44305425
      192     0.05874998   -16.45887299   -16.40012301   -16.45887299   -16.43888997
      193     0.05740795   -16.45753766   -16.40012971   -16.45753766   -16.43508353
      194     0.05631147   -16.45645051   -16.40013904   -16.45645051   -16.43154549
      195     0.05533309   -16.45548001   -16.40014692   -16.45548001   -16.42813288
      196     0.05435714   -16.45451093   -16.40015379   -16.45451093   -16.42470920
      197     0.05328242   -16.45344459   -16.40016217   -16.45344459   -16.42114724
      198     0.05198689   -16.45216065   -16.40017376   -16.45216065   -16.41729375
      199     0.05031487   -16.45049872   -16.40018385   -16.45049872   -16.41295363
      200     0.04814917   -16.44833139   -16.40018222   -16.44833139   -16.40796526
      201     0.04555169   -16.44571250   -16.40016081   -16.44571250   -16.40235063
      202     0.04286214   -16.44298495   -16.40012281   -16.44298495   -16.39642501
      203     0.04064100   -16.44072502   -16.40008402   -16.44072502   -16.39074293
      204     0.03944825   -16.43951090   -16.40006265   -16.43951090   -16.38586838
      205     0.03957340   -16.43964337   -16.40006997   -16.43964337   -16.38209658
      206     0.04088335   -16.44098496   -16.40010161   -16.44098496   -16.37929322
      207     0.04288805   -16.44302812   -16.40014007   -16.44302812   -16.37696227
      208     0.04498789   -16.44515492   -16.40016703   -16.44515492   -16.37450469
      209     0.04673976   -16.44691435   -16.40017459   -16.44691435   -16.37149438
      210     0.04797718   -16.44814496   -16.40016778   -16.44814496   -16.36779932
      211     0.04875729   -16.44891365   -16.40015636   -16.44891365   -16.36351913
      212     0.04923550   -16.44938176   -16.40014626   -16.44938176   -16.35885013
      213     0.04957598   -16.44971376   -16.40013778   -16.44971376   -16.35399500
      214     0.04993162   -16.45006108   -16.40012946   -16.45006108   -16.34915024
      215     0.05045694   -16.45057824   -16.40012130   -16.45057824   -16.34453051
      216     0.05130633   -16.45142220   -16.40011587   -16.45142220   -16.34038470
      217     0.05258912   -16.45270843   -16.40011931   -16.45270843   -16.33698498
      218     0.05427931   -16.45441797   -16.40013866   -16.45441797   -16.33458759
      219     0.05613137   -16.45630297   -16.40017160   -16.45630297   -16.33335789
      220     0.05771082   -16.45791400   -16.40020318   -16.45791400   -16.33320355
      221     0.05853670   -16.45876475   -16.40022805   -16.45876475   -16.33361216
      222     0.05820243   -16.45844423   -16.40024180   -16.45844423   -16.33383533
      223     0.05651184   -16.45674189   -16.40023005   -16.45674189   -16.33332692
      224     0.05367139   -16.45385708   -16.40018569   -16.45385708   -16.33205482
      225     0.05035204   -16.45047501   -16.40012297   -16.45047501   -16.33054447
      226     0.04747763   -16.44754791   -16.40007028   -16.44754791   -16.32962660
      227     0.04581417   -16.44586683   -16.40005266   -16.44586683   -16.32999575
      228     0.04561624   -16.44569114   -16.40007490   -16.44569114   -16.33183601
      229     0.04656322   -16.44668207   -16.40011885   -16.44668207   -16.33475207
      230     0.04799952   -16.44815948   -16.40015996   -16.44815948   -16.33801994
      231     0.04928697   -16.44946912   -16.40018215   -16.44946912   -16.34094521
      232     0.05005179   -16.45023473   -16.40018294   -16.45023473   -16.34310796
      233     0.05024769   -16.45041589   -16.40016820   -16.45041589   -16.34442352
      234     0.05008290   -16.45022928   -16.40014638   -16.45022928   -16.34507647
      235     0.04989530   -16.45001972   -16.40012442   -16.45001972   -16.34540755
      236     0.05003596   -16.45014364   -16.40010768   -16.45014364   -16.34580630
      237     0.05078532   -16.45088388   -16.40009856   -16.45088388   -16.34662052
      238     0.05230297   -16.45240098   -16.40009801   -16.45240098   -16.34808609
      239     0.05460284   -16.45470947   -16.40010663   -16.45470947   -16.35027354
      240     0.05754589   -16.45767035   -16.40012446   -16.45767035   -16.35306182
      241     0.06084369   -16.46099429   -16.40015060   -16.46099429   -16.35614271
      242     0.06407775   -16.46425833   -16.40018058   -16.46425833   -16.35905263
      243     0.06677080   -16.46697657   -16.40020577   -16.46697657   -16.36125697
      244     0.06853767   -16.46875041   -16.40021274   -16.46875041   -16.36230940
      245     0.06928115   -16.46947253   -16.40019138   -16.46947253   -16.36206173
      246     0.06932618   -16.46947152   -16.40014534   -16.46947152   -16.36081446
      247     0.06935269   -16.46944882   -16.40009613   -16.46944882   -16.35926066
      248     0.07007859   -16.47015194   -16.40007335   -16.47015194   -16.35816697
      249     0.07184006   -16.47193424   -16.40009418   -16.47193424   -16.35794343
      250     0.07436091   -16.47450827   -16.40014736   -16.47450827   -16.35840902
      251     0.07689990   -16.47710278   -16.40020288   -16.47710278   -16.35895694
      252     0.07867149   -16.47890482   -16.40023333   -16.47890482   -16.35898518
      253     0.07923028   -16.47946122   -16.40023094   -16.47946122   -16.35824974
      254     0.07860502   -16.47880889   -16.40020387   -16.47880889   -16.35694008
      255     0.07719417   -16.47736109   -16.40016692   -16.47736109   -16.35553046
      256     0.07555527   -16.47568756   -16.40013229   -16.47568756   -16.35457259
      257     0.07421549   -16.47432280   -16.40010731   -16.47432280   -16.35453634
      258     0.07355182   -16.47364694   -16.40009512   -16.47364694   -16.35571669
      259     0.07373975   -16.47383572   -16.40009597   -16.47383572   -16.35819667
      260     0.07475225   -16.47485915   -16.40010690   -16.47485915   -16.36184986
      261     0.07639684   -16.47652040   -16.40012356   -16.47652040   -16.36637925
      262     0.07838047   -16.47852222   -16.40014175   -16.47852222   -16.37138308
      263     0.08037216   -16.48053172   -16.40015956   -16.48053172   -16.37642101
      264     0.08203941   -16.48221679   -16.40017738   -16.48221679   -16.38105440
      265     0.08306285   -16.48325703   -16.40019418   -16.48325703   -16.38486255
      266     0.08317010   -16.48337403   -16.40020393   -16.48337403   -16.38747842
      267     0.08222402   -16.48242272   -16.40019870   -16.48242272   -16.38868397
      268     0.08034099   -16.48051393   -16.40017294   -16.48051393   -16.38853443
      269     0.07795109   -16.47808332   -16.40013223   -16.47808332   -16.38742606
      270     0.07570810   -16.47580050   -16.40009240   -16.47580050   -16.38600247
      271     0.07424666   -16.47431760   -16.40007094   -16.47431760   -16.38489981
      272     0.07393019   -16.47400431   -16.40007412   -16.47400431   -16.38447925
      273     0.07476679   -16.47485876   -16.40009197   -16.47485876   -16.38473680
      274     0.07653065   -16.47664092   -16.40011027   -16.47664092   -16.38543707
      275     0.07895957   -16.47908050   -16.40012093   -16.47908050   -16.38632277
      276     0.08187606   -16.48200098   -16.40012492   -16.48200098   -16.38724053
      277     0.08519369   -16.48532034   -16.40012665   -16.48532034   -16.38814254
      278     0.08885843   -16.48898847   -16.40013004   -16.48898847   -16.38902409
      279     0.09278751   -16.49292496   -16.40013745   -16.49292496   -16.38986032
      280     0.09683445   -16.49698391   -16.40014946   -16.49698391   -16.39057033
      281     0.10078517   -16.50094904   -16.40016387   -16.50094904   -16.39101204
      282     0.10439053   -16.50456738   -16.40017685   -16.50456738   -16.39101737
      283     0.10742635   -16.50761111   -16.40018476   -16.50761111   -16.39045648
      284     0.10974700   -16.50993376   -16.40018676   -16.50993376   -16.38929546
      285     0.11129273   -16.51147927   -16.40018654   -16.51147927   -16.38760172
      286     0.11204471   -16.51223213   -16.40018742   -16.51223213   -16.38547999
      287     0.11197935   -16.51216743   -16.40018808   -16.51216743   -16.38299617
      288     0.11108739   -16.51126914   -16.40018175   -16.51126914   -16.38016567
      289     0.10946301   -16.50962488   -16.40016187   -16.50962488   -16.37703597
      290     0.10738926   -16.50751863   -16.40012937   -16.50751863   -16.37379883
      291     0.10533377   -16.50542629   -16.40009252   -16.50542629   -16.37082552
      292     0.10383203   -16.50389559   -16.40006356   -16.50389559   -16.36857989
      293     0.10331484   -16.50336639   -16.40005155   -16.50336639   -16.36745100
      294     0.10397313   -16.50403093   -16.40005780   -16.50403093   -16.36760860
      295     0.10572786   -16.50580467   -16.40007681   -16.50580467   -16.36896209
      296     0.10830777   -16.50840698   -16.40009921   -16.50840698   -16.37122994
      297     0.11138238   -16.51149895   -16.40011657   -16.51149895   -16.37406996
      298     0.11468754   -16.51481175   -16.40012421   -16.51481175   -16.37720512
      299     0.11809714   -16.51821980   -16.40012266   -16.51821980   -16.38049799
      300     0.12162035   -16.52173693   -16.40011658   -16.52173693   -16.38395172
      301     0.12533058   -16.52544446   -16.40011388   -16.52544446   -16.38764384
      302     0.12925491   -16.52937578   -16.40012087   -16.52937578   -16.39161599
      303     0.13328000   -16.53341944   -16.40013944   -16.53341944   -16.39577838
      304     0.13712479   -16.53729008   -16.40016529   -16.53729008   -16.39987605
      305     0.14039725   -16.54058787   -16.40019062   -16.54058787   -16.40353757
      306     0.14270764   -16.54291578   -16.40020814   -16.54291578   -16.40637623
      307     0.14378003   -16.54399396   -16.40021393   -16.54399396   -16.40808944
      308     0.14351403   -16.54372179   -16.40020776   -16.54372179   -16.40851562
      309     0.14199270   -16.54218341   -16.40019071   -16.54218341   -16.40764892
      310     0.13947019   -16.53963413   -16.40016394   -16.53963413   -16.40564447
      311     0.13635099   -16.53648133   -16.40013034   -16.53648133   -16.40281964
      312     0.13313369   -16.53323110   -16.40009741   -16.53323110   -16.39961636
      313     0.13029614   -16.53037142   -16.40007528   -16.53037142   -16.39649430
      314     0.12814917   -16.52822045   -16.40007128   -16.52822045   -16.39378567
      315     0.12673182   -16.52681775   -16.40008593   -16.52681775   -16.39158924
      316     0.12581100   -16.52592265   -16.40011165   -16.52592265   -16.38976639
      317     0.12499124   -16.52512857   -16.40013733   -16.52512857   -16.38804362
      318     0.12388255   -16.52403485   -16.40015230   -16.52403485   -16.38616153
      319     0.12225090   -16.52240302   -16.40015212   -16.52240302   -16.38400110
      320     0.12008061   -16.52022149   -16.40014088   -16.52022149   -16.38162329
      321     0.11751681   -16.51764543   -16.40012862   -16.51764543   -16.37920033
      322     0.11472538   -16.51485076   -16.40012538   -16.51485076   -16.37688107
      323     0.11176045   -16.51189393   -16.40013348   -16.51189393   -16.37467246
      324     0.10852945   -16.50867636   -16.40014691   -16.50867636   -16.37242417
      325     0.10487450   -16.50502991   -16.40015541   -16.50502991   -16.36992555
      326     0.10070612   -16.50085841   -16.40015229   -16.50085841   -16.36704847
      327     0.09609592   -16.49623410   -16.40013818   -16.49623410   -16.36383953
      328     0.09126827   -16.49138834   -16.40012007   -16.49138834   -16.36050534
      329     0.08650237   -16.48660868   -16.40010631   -16.48660868   -16.35730704
      330     0.08201273   -16.48211460   -16.40010187   -16.48211460   -16.35443856
      331     0.07787802   -16.47798400   -16.40010598   -16.47798400   -16.35196317
      332     0.07404452   -16.47415913   -16.40011461   -16.47415913   -16.34983426
      333     0.07038206   -16.47050593   -16.40012387   -16.47050593   -16.34797201
      334     0.06675128   -16.46688096   -16.40012968   -16.46688096   -16.34633214
      335     0.06306564   -16.46319410   -16.40012846   -16.46319410   -16.34492815
      336     0.05935262   -16.45946945   -16.40011683   -16.45946945   -16.34381121
      337     0.05578491   -16.45588228   -16.40009737   -16.45588228   -16.34303984
      338     0.05264254   -16.45271989   -16.40007735   -16.45271989   -16.34268190
      339     0.05021617   -16.45027977   -16.40006360   -16.45027977   -16.34281417
      340     0.04870593   -16.44876647   -16.40006054   -16.44876647   -16.34348630
      341     0.04815227   -16.44822168   -16.40006941   -16.44822168   -16.34466101
      342     0.04841388   -16.44850214   -16.40008826   -16.44850214   -16.34617354
      343     0.04920118   -16.44931269   -16.40011151   -16.44931269   -16.34774301
      344     0.05016197   -16.45029297   -16.40013100   -16.45029297   -16.34904215
      345     0.05100009   -16.45113976   -16.40013967   -16.45113976   -16.34980831
      346     0.05158682   -16.45172020   -16.40013338   -16.45172020   -16.34995017
      347     0.05201449   -16.45212885   -16.40011436   -16.45212885   -16.34960145
      348     0.05256423   -16.45265469   -16.40009046   -16.45265469   -16.34908727
      349     0.05358710   -16.45365965   -16.40007255   -16.45365965   -16.34880290
      350     0.05533814   -16.45540830   -16.40007016   -16.45540830   -16.34904504
      351     0.05784149   -16.45792708   -16.40008559   -16.45792708   -16.34987176
      352     0.06085526   -16.46096836   -16.40011310   -16.46096836   -16.35106685
      353     0.06395526   -16.46409759   -16.40014233   -16.46409759   -16.35222689
      354     0.06668490   -16.46684897   -16.40016407   -16.46684897   -16.35291671
      355     0.06869574   -16.46886917   -16.40017343   -16.46886917   -16.35281352
      356     0.06983324   -16.47000185   -16.40016861   -16.47000185   -16.35179293
      357     0.07016105   -16.47031314   -16.40015209   -16.47031314   -16.34995645
      358     0.06993197   -16.47006066   -16.40012869   -16.47006066   -16.34760270
      359     0.06951009   -16.46961556   -16.40010547   -16.46961556   -16.34515142
      360     0.06926231   -16.46935145   -16.40008914   -16.46935145   -16.34303353
      361     0.06945527   -16.46953880   -16.40008353   -16.46953880   -16.34158474
      362     0.07019832   -16.47028602   -16.40008770   -16.47028602   -16.34098367
      363     0.07145039   -16.47154850   -16.40009811   -16.47154850   -16.34125478
      364     0.07307585   -16.47318569   -16.40010984   -16.47318569   -16.34231679
      365     0.07490985   -16.47503002   -16.40012017   -16.47503002   -16.34404265
      366     0.07680207   -16.47693009   -16.40012802   -16.47693009   -16.34629472
      367     0.07863869   -16.47877150   -16.40013281   -16.47877150   -16.34893994
      368     0.08035817   -16.48049091   -16.40013274   -16.48049091   -16.35186227
      369     0.08196778   -16.48209522   -16.40012744   -16.48209522   -16.35498553
      370     0.08354348   -16.48366302   -16.40011954   -16.48366302   -16.35828136
      371     0.08519045   -16.48530417   -16.40011372   -16.48530417   -16.36174046
      372     0.08697830   -16.48709173   -16.40011343   -16.48709173   -16.36531612
      373     0.08890046   -16.48901725   -16.40011679   -16.48901725   -16.36889002
      374     0.09089940   -16.49101807   -16.40011867   -16.49101807   -16.37230538
      375     0.09293692   -16.49305298   -16.40011606   -16.49305298   -16.37544681
      376     0.09503644   -16.49514824   -16.40011180   -16.49514824   -16.37828660
      377     0.09724255   -16.49735562   -16.40011307   -16.49735562   -16.38084263
      378     0.09952327   -16.49964799   -16.40012472   -16.49964799   -16.38307366
      379     0.10170464   -16.50184883   -16.40014419   -16.50184883   -16.38480977
      380     0.10350659   -16.50366929   -16.40016270   -16.50366929   -16.38579271
      381     0.10466259   -16.50483445   -16.40017186   -16.50483445   -16.38580796
      382     0.10503877   -16.50520735   -16.40016858   -16.50520735   -16.38481734
      383     0.10467593   -16.50483254   -16.40015661   -16.50483254   -16.38300688
      384     0.10374426   -16.50388585   -16.40014159   -16.50388585   -16.38072676
      385     0.10246523   -16.50259225   -16.40012702   -16.50259225   -16.37837025
      386     0.10105345   -16.50116799   -16.40011454   -16.50116799   -16.37625647
      387     0.09968632   -16.49979239   -16.40010607   -16.49979239   -16.37456274
      388     0.09848397   -16.49858606   -16.40010209   -16.49858606   -16.37332619
      389     0.09750032   -16.49760187   -16.40010155   -16.49760187   -16.37248061
      390     0.09674460   -16.49684554   -16.40010094   -16.49684554   -16.37192221
      391     0.09623259   -16.49632895   -16.40009636   -16.49632895   -16.37157592
      392     0.09603469   -16.49612221   -16.40008752   -16.49612221   -16.37144496
      393     0.09628154   -16.49635913   -16.40007759   -16.49635913   -16.37161072
      394     0.09711439   -16.49718650   -16.40007211   -16.49718650   -16.37217925
      395     0.09860538   -16.49868108   -16.40007570   -16.49868108   -16.37320163
      396     0.10068913   -16.50077940   -16.40009027   -16.50077940   -16.37461064
      397     0.10313465   -16.50324895   -16.40011430   -16.50324895   -16.37619909
      398     0.10557276   -16.50571555   -16.40014279   -16.50571555   -16.37765294
      399     0.10757778   -16.50774582   -16.40016804   -16.50774582   -16.37863390
      400     0.10878166   -16.50896428   -16.40018262   -16.50896428   -16.37888709
      401     0.10898324   -16.50916526   -16.40018202   -16.50916526   -16.37833279
      402     0.10820993   -16.50837771   -16.40016778   -16.50837771   -16.37710186
      403     0.10670480   -16.50684900   -16.40014420   -16.50684900   -16.37549638
      404     0.10484342   -16.50496295   -16.40011953   -16.50496295   -16.37388539
      405     0.10301175   -16.50311303   -16.40010128   -16.50311303   -16.37258035
      406     0.10149266   -16.50158652   -16.40009386   -16.50158652   -16.37174303
      407     0.10039980   -16.50049711   -16.40009731   -16.50049711   -16.37135462
      408     0.09966904   -16.49977811   -16.40010907   -16.49977811   -16.37123968
      409     0.09909845   -16.49922319   -16.40012474   -16.49922319   -16.37112128
      410     0.09842430   -16.49856213   -16.40013783   -16.49856213   -16.37069661
      411     0.09742323   -16.49756446   -16.40014123   -16.49756446   -16.36973298
      412     0.09601798   -16.49614877   -16.40013079   -16.49614877   -16.36816795
      413     0.09433544   -16.49444469   -16.40010925   -16.49444469   -16.36616199
      414     0.09266360   -16.49275061   -16.40008701   -16.49275061   -16.36404825
      415     0.09130916   -16.49138482   -16.40007566   -16.49138482   -16.36217778
      416     0.09043745   -16.49051798   -16.40008053   -16.49051798   -16.36074877
      417     0.08999984   -16.49009692   -16.40009708   -16.49009692   -16.35973053
      418     0.08979212   -16.48990746   -16.40011534   -16.48990746   -16.35892911
      419     0.08959007   -16.48971691   -16.40012684   -16.48971691   -16.35813340
      420     0.08926473   -16.48939394   -16.40012921   -16.48939394   -16.35723808
      421     0.08881710   -16.48894247   -16.40012537   -16.48894247   -16.35627648
      422     0.08834265   -16.48846196   -16.40011931   -16.48846196   -16.35538151
      423     0.08796919   -16.48808354   -16.40011435   -16.48808354   -16.35471537
      424     0.08780126   -16.48791411   -16.40011285   -16.48791411   -16.35440843
      425     0.08788197   -16.48799813   -16.40011616   -16.48799813   -16.35451657
      426     0.08817230   -16.48829660   -16.40012430   -16.48829660   -16.35499793
      427     0.08855198   -16.48868761   -16.40013563   -16.48868761   -16.35571371
      428     0.08884736   -16.48899407   -16.40014671   -16.48899407   -16.35645912
      429     0.08888349   -16.48903729   -16.40015380   -16.48903729   -16.35702156
      430     0.08854368   -16.48869744   -16.40015376   -16.48869744   -16.35724639
      431     0.08781511   -16.48796103   -16.40014592   -16.48796103   -16.35708893
      432     0.08680130   -16.48693333   -16.40013203   -16.48693333   -16.35662988
      433     0.08569070   -16.48580799   -16.40011729   -16.48580799   -16.35604632
      434     0.08468284   -16.48479013   -16.40010729   -16.48479013   -16.35553447
      435     0.08390571   -16.48401084   -16.40010513   -16.48401084   -16.35522261
      436     0.08337515   -16.48348400   -16.40010885   -16.48348400   -16.35512532
      437     0.08302639   -16.48313913   -16.40011274   -16.48313913   -16.35517371
      438     0.08279967   -16.48291080   -16.40011113   -16.48291080   -16.35530261
      439     0.08272248   -16.48282469   -16.40010221   -16.48282469   -16.35553475
      440     0.08293785   -16.48302628   -16.40008843   -16.48302628   -16.35600853
      441     0.08366667   -16.48374145   -16.40007478   -16.48374145   -16.35693661
      442     0.08513043   -16.48519674   -16.40006631   -16.48519674   -16.35852432
      443     0.08747183   -16.48753801   -16.40006618   -16.48753801   -16.36088706
      444     0.09070280   -16.49077783   -16.40007503   -16.49077783   -16.36400049
      445     0.09469098   -16.49478262   -16.40009164   -16.49478262   -16.36769436
      446     0.09918145   -16.49929440   -16.40011295   -16.49929440   -16.37168216
      447     0.10384522   -16.50397977   -16.40013455   -16.50397977   -16.37561471
      448     0.10834949   -16.50850015   -16.40015066   -16.50850015   -16.37915220
      449     0.11244113   -16.51259773   -16.40015660   -16.51259773   -16.38204952
      450     0.11601261   -16.51616435   -16.40015174   -16.51616435   -16.38422341
      451     0.11910589   -16.51924796   -16.40014207   -16.51924796   -16.38575745
      452     0.12182768   -16.52196546   -16.40013778   -16.52196546   -16.38681314
      453     0.12421062   -16.52435670   -16.40014608   -16.52435670   -16.38748222
      454     0.12610798   -16.52627562   -16.40016764   -16.52627562   -16.38767545
      455     0.12720850   -16.52740164   -16.40019314   -16.52740164   -16.38713159
      456     0.12716607   -16.52737493   -16.40020886   -16.52737493   -16.38555078
      457     0.12576516   -16.52597265   -16.40020749   -16.52597265   -16.38277013
      458     0.12303605   -16.52322477   -16.40018872   -16.52322477   -16.37887893
      459     0.11926455   -16.51942288   -16.40015833   -16.51942288   -16.37422557
      460     0.11490973   -16.51503485   -16.40012512   -16.51503485   -16.36932877
      461     0.11047157   -16.51056976   -16.40009819   -16.51056976   -16.36473721
      462     0.10635683   -16.50644076   -16.40008393   -16.50644076   -16.36088794
      463     0.10278142   -16.50286627   -16.40008485   -16.50286627   -16.35800378
      464     0.09973373   -16.49983248   -16.40009875   -16.49983248   -16.35605467
      465     0.09700729   -16.49712693   -16.40011964   -16.49712693   -16.35479172
      466     0.09429427   -16.49443343   -16.40013916   -16.49443343   -16.35384606
      467     0.09131182   -16.49146136   -16.40014954   -16.49146136   -16.35286263
      468     0.08792100   -16.48806691   -16.40014591   -16.48806691   -16.35162694
      469     0.08419775   -16.48432648   -16.40012873   -16.48432648   -16.35014359
      470     0.08042304   -16.48052733   -16.40010429   -16.48052733   -16.34863121
      471     0.07698332   -16.47706675   -16.40008343   -16.47706675   -16.34742518
      472     0.07420793   -16.47428434   -16.40007641   -16.47428434   -16.34681369
      473     0.07221046   -16.47229875   -16.40008829   -16.47229875   -16.34687680
      474     0.07081704   -16.47093207   -16.40011503   -16.47093207   -16.34741243
      475     0.06962574   -16.46977148   -16.40014574   -16.46977148   -16.34799698
      476     0.06816751   -16.46833629   -16.40016878   -16.46833629   -16.34814822
      477     0.06608263   -16.46625944   -16.40017681   -16.46625944   -16.34750078
      478     0.06323226   -16.46340171   -16.40016945   -16.46340171   -16.34591337
      479     0.05971545   -16.45986594   -16.40015049   -16.45986594   -16.34347820
      480     0.05581368   -16.45593958   -16.40012590   -16.45593958   -16.34046137
      481     0.05190291   -16.45200401   -16.40010110   -16.45200401   -16.33721320
      482     0.04836139   -16.44844323   -16.40008184   -16.44844323   -16.33407979
      483     0.04548448   -16.44555697   -16.40007249   -16.44555697   -16.33132027
      484     0.04341346   -16.44348885   -16.40007539   -16.44348885   -16.32903908
      485     0.04210178   -16.44219047   -16.40008869   -16.44219047   -16.32715281
      486     0.04134680   -16.44145223   -16.40010543   -16.44145223   -16.32542336
      487     0.04089658   -16.44101239   -16.40011581   -16.44101239   -16.32356978
      488     0.04059148   -16.44070473   -16.40011325   -16.44070473   -16.32141907
      489     0.04045735   -16.44055717   -16.40009982   -16.44055717   -16.31901008
      490     0.04067413   -16.44076071   -16.40008658   -16.44076071   -16.31657009
      491     0.04141979   -16.44150627   -16.40008648   -16.44150627   -16.31435945
      492     0.04269450   -16.44279802   -16.40010352   -16.44279802   -16.31249061
      493     0.04426886   -16.44439718   -16.40012832   -16.44439718   -16.31086669
      494     0.04580886   -16.44595439   -16.40014553   -16.44595439   -16.30928688
      495     0.04708332   -16.44722970   -16.40014638   -16.44722970   -16.30762228
      496     0.04808592   -16.44822077   -16.40013485   -16.44822077   -16.30592056
      497     0.04899066   -16.44911134   -16.40012068   -16.44911134   -16.30438526
      498     0.05001380   -16.45012503   -16.40011123   -16.45012503   -16.30327472
      499     0.05130760   -16.45141588   -16.40010828   -16.45141588   -16.30280282
      500     0.05293135   -16.45304045   -16.40010910   -16.45304045   -16.30309515
      501     0.05487598   -16.45498715   -16.40011117   -16.45498715   -16.30420017
      502     0.05709899   -16.45721221   -16.40011322   -16.45721221   -16.30611194
      503     0.05954885   -16.45966400   -16.40011515   -16.45966400   -16.30878866
      504     0.06217814   -16.46229445   -16.40011631   -16.46229445   -16.31216416
      505     0.06495600   -16.46507171   -16.40011571   -16.46507171   -16.31616313
      506     0.06788001   -16.46799377   -16.40011376   -16.46799377   -16.32072071
      507     0.07097388   -16.47108654   -16.40011266   -16.47108654   -16.32579681
      508     0.07425616   -16.47437174   -16.40011558   -16.47437174   -16.33136875
      509     0.07769076   -16.47781553   -16.40012477   -16.47781553   -16.33738629
      510     0.08114697   -16.48128777   -16.40014080   -16.48128777   -16.34371021
      511     0.08438944   -16.48455063   -16.40016119   -16.48455063   -16.35008159
      512     0.08712210   -16.48730208   -16.40017998   -16.48730208   -16.35616052
      513     0.08907980   -16.48926929   -16.40018949   -16.48926929   -16.36162069
      514     0.09012862   -16.49031485   -16.40018623   -16.49031485   -16.36625607
      515     0.09032722   -16.49049743   -16.40017021   -16.49049743   -16.37004161
      516     0.08992853   -16.49007385   -16.40014532   -16.49007385   -16.37313779
      517     0.08931977   -16.48943823   -16.40011846   -16.48943823   -16.37583564
      518     0.08890698   -16.48900615   -16.40009917   -16.48900615   -16.37844917
      519     0.08897505   -16.48906983   -16.40009478   -16.48906983   -16.38117880
      520     0.08958164   -16.48968799   -16.40010635   -16.48968799   -16.38400696
      521     0.09054297   -16.49067056   -16.40012759   -16.49067056   -16.38668439
      522     0.09152491   -16.49167304   -16.40014813   -16.49167304   -16.38882262
      523     0.09219531   -16.49235384   -16.40015853   -16.49235384   -16.39004743
      524     0.09236859   -16.49252161   -16.40015302   -16.49252161   -16.39014337
      525     0.09208900   -16.49222157   -16.40013257   -16.49222157   -16.38913904
      526     0.09162327   -16.49172680   -16.40010353   -16.49172680   -16.38730081
      527     0.09136078   -16.49143820   -16.40007742   -16.49143820   -16.38503767
      528     0.09165152   -16.49171664   -16.40006512   -16.49171664   -16.38273950
      529     0.09265137   -16.49272284   -16.40007147   -16.49272284   -16.38062223
      530     0.09425832   -16.49435057   -16.40009225   -16.49435057   -16.37866399
      531     0.09617841   -16.49629478   -16.40011637   -16.49629478   -16.37667326
      532     0.09807995   -16.49821370   -16.40013375   -16.49821370   -16.37444632
      533     0.09973770   -16.49987830   -16.40014060   -16.49987830   -16.37191090
      534     0.10108500   -16.50122530   -16.40014030   -16.50122530   -16.36917067
      535     0.10216815   -16.50230674   -16.40013859   -16.50230674   -16.36644620
      536     0.10306190   -16.50320085   -16.40013895   -16.50320085   -16.36397603
      537     0.10381495   -16.50395560   -16.40014065   -16.50395560   -16.36194876
      538     0.10444974   -16.50459126   -16.40014152   -16.50459126   -16.36049100
      539     0.10498087   -16.50512303   -16.40014216   -16.50512303   -16.35967628
      540     0.10540231   -16.50554882   -16.40014651   -16.50554882   -16.35950293
      541     0.10563916   -16.50579622   -16.40015706   -16.50579622   -16.35984297
      542     0.10551913   -16.50568993   -16.40017080   -16.50568993   -16.36042137
      543     0.10482020   -16.50499977   -16.40017957   -16.50499977   -16.36087976
      544     0.10338683   -16.50356265   -16.40017582   -16.50356265   -16.36091280
      545     0.10123810   -16.50139648   -16.40015838   -16.50139648   -16.36039344
      546     0.09859039   -16.49872376   -16.40013337   -16.49872376   -16.35940666
      547     0.09578036   -16.49589051   -16.40011015   -16.49589051   -16.35817849
      548     0.09313810   -16.49323426   -16.40009616   -16.49323426   -16.35695321
      549     0.09088294   -16.49097627   -16.40009333   -16.49097627   -16.35589498
      550     0.08909045   -16.48918914   -16.40009869   -16.48918914   -16.35506292
      551     0.08772865   -16.48783572   -16.40010707   -16.48783572   -16.35445593
      552     0.08672698   -16.48684060   -16.40011362   -16.48684060   -16.35408213
      553     0.08603910   -16.48615475   -16.40011565   -16.48615475   -16.35400756
      554     0.08567625   -16.48578815   -16.40011190   -16.48578815   -16.35434658
      555     0.08569167   -16.48579951   -16.40010784   -16.48579951   -16.35519702
      556     0.08613337   -16.48624285   -16.40010948   -16.48624285   -16.35655770
      557     0.08698243   -16.48710004   -16.40011761   -16.48710004   -16.35828282
      558     0.08811878   -16.48824881   -16.40013003   -16.48824881   -16.36010855
      559     0.08935871   -16.48950069   -16.40014198   -16.48950069   -16.36173775
      560     0.09052154   -16.49067181   -16.40015027   -16.49067181   -16.36293427
      561     0.09146521   -16.49162178   -16.40015657   -16.49162178   -16.36357140
      562     0.09207399   -16.49223650   -16.40016251   -16.49223650   -16.36361615
      563     0.09225030   -16.49241473   -16.40016443   -16.49241473   -16.36308774
      564     0.09195810   -16.49211692   -16.40015882   -16.49211692   -16.36203847
      565     0.09126711   -16.49141461   -16.40014750   -16.49141461   -16.36057822
      566     0.09034476   -16.49047776   -16.40013300   -16.49047776   -16.35890823
      567     0.08942060   -16.48953845   -16.40011785   -16.48953845   -16.35729589
      568     0.08872970   -16.48883780   -16.40010810   -16.48883780   -16.35599948
      569     0.08842842   -16.48853724   -16.40010882   -16.48853724   -16.35517847
      570     0.08851945   -16.48864039   -16.40012094   -16.48864039   -16.35483597
      571     0.08884433   -16.48898320   -16.40013887   -16.48898320   -16.35482664
      572     0.08915974   -16.48931335   -16.40015361   -16.48931335   -16.35493719
      573     0.08926028   -16.48941861   -16.40015833   -16.48941861   -16.35500107
      574     0.08907336   -16.48922526   -16.40015190   -16.48922526   -16.35497850
      575     0.08866617   -16.48880748   -16.40014131   -16.48880748   -16.35495288
      576     0.08816181   -16.48829729   -16.40013548   -16.48829729   -16.35503838
      577     0.08762430   -16.48776271   -16.40013841   -16.48776271   -16.35526535
      578     0.08701166   -16.48715737   -16.40014571   -16.48715737   -16.35554102
      579     0.08623634   -16.48638518   -16.40014884   -16.48638518   -16.35572356
      580     0.08528218   -16.48542358   -16.40014140   -16.48542358   -16.35575074
      581     0.08429232   -16.48441461   -16.40012229   -16.48441461   -16.35573397
      582     0.08356631   -16.48366541   -16.40009910   -16.48366541   -16.35596065
      583     0.08344084   -16.48352727   -16.40008643   -16.48352727   -16.35677470
      584     0.08408558   -16.48418183   -16.40009625   -16.48418183   -16.35836368
      585     0.08534928   -16.48547477   -16.40012549   -16.48547477   -16.36059097
      586     0.08681491   -16.48696972   -16.40015481   -16.48696972   -16.36304604
      587     0.08806854   -16.48823133   -16.40016279   -16.48823133   -16.36532145
      588     0.08898891   -16.48913318   -16.40014427   -16.48913318   -16.36731200
      589     0.08981858   -16.48993347   -16.40011489   -16.48993347   -16.36928557
      590     0.09094882   -16.49104845   -16.40009963   -16.49104845   -16.37165422
      591     0.09258209   -16.49269511   -16.40011302   -16.49269511   -16.37461916
      592     0.09453120   -16.49468024   -16.40014904   -16.49468024   -16.37796445
      593     0.09629423   -16.49648184   -16.40018761   -16.49648184   -16.38114429
      594     0.09733727   -16.49754439   -16.40020712   -16.49754439   -16.38358134
      595     0.09740472   -16.49759990   -16.40019518   -16.49759990   -16.38498873
      596     0.09669165   -16.49684840   -16.40015675   -16.49684840   -16.38554908
      597     0.09575869   -16.49587439   -16.40011570   -16.49587439   -16.38582994
      598     0.09518784   -16.49528835   -16.40010051   -16.49528835   -16.38642515
      599     0.09520041   -16.49531918   -16.40011877   -16.49531918   -16.38754844
      600     0.09555362   -16.49570585   -16.40015223   -16.49570585   -16.38892583
