#    Non-Adiabatic Coupling Matrix Elements: off-diagonal
         0    -0.00001794
         1    -0.00001502
         2    -0.00001198
         3    -0.00000958
         4    -0.00000849
         5    -0.00000923
         6    -0.00001236
         7    -0.00001833
         8     0.00137561
         9     0.00117501
        10     0.00121535
        11     0.00129237
        12     0.00137050
        13     0.00144138
        14     0.00150282
        15     0.00155377
        16     0.00159321
        17     0.00162073
        18     0.00163477
        19     0.00163632
        20     0.00162605
        21     0.00160501
        22     0.00157462
        23     0.00153648
        24     0.00149197
        25     0.00144192
        26     0.00138673
        27     0.00132674
        28     0.00126251
        29     0.00119513
        30     0.00112623
        31     0.00105779
        32     0.00099170
        33     0.00092945
        34     0.00087216
        35     0.00082084
        36     0.00077666
        37     0.00074150
        38     0.00071836
        39     0.00071161
        40     0.00072681
        41     0.00077072
        42     0.00085300
        43     0.00099086
        44     0.00121779
        45     0.00160077
        46     0.00227893
        47     0.00356026
        48     0.00836885
        49     0.01044315
        50     0.00875353
        51     0.00566460
        52     0.00348281
        53     0.00222640
        54     0.00153246
        55     0.00116304
        56     0.00099185
        57     0.00094845
        58     0.00098843
        59     0.00107625
        60     0.00118344
        61     0.00128347
        62     0.00135014
        63     0.00133387
        64     0.00102817
        65     0.00320574
        66    -0.00066439
        67    -0.00041463
        68    -0.00034843
        69    -0.00039212
        70    -0.00052057
        71    -0.00070295
        72    -0.00085995
        73    -0.00090793
        74    -0.00091781
        75    -0.00115620
        76    -0.00197148
        77    -0.00350470
        78    -0.00446489
        79    -0.00394620
        80    -0.00315944
        81    -0.00257593
        82    -0.00217781
        83    -0.00189099
        84    -0.00166064
        85    -0.00145233
        86    -0.00124659
        87    -0.00103470
        88    -0.00081793
        89    -0.00059876
        90    -0.00038730
        91    -0.00019352
        92    -0.00002657
        93     0.00010651
        94     0.00020220
        95     0.00026206
        96     0.00029299
        97     0.00030479
        98     0.00030471
        99     0.00029179
       100     0.00025467
       101     0.00017502
       102     0.00003580
       103    -0.00016962
       104    -0.00043279
       105    -0.00073286
       106    -0.00104217
       107    -0.00132895
       108    -0.00156106
       109    -0.00171330
       110    -0.00177458
       111    -0.00174634
       112    -0.00164103
       113    -0.00147404
       114    -0.00126102
       115    -0.00101890
       116    -0.00076475
       117    -0.00051283
       118    -0.00027109
       119    -0.00004032
       120     0.00018443
       121     0.00040859
       122     0.00063828
       123     0.00088049
       124     0.00114328
       125     0.00143568
       126     0.00175899
       127     0.00210330
       128     0.00244475
       129     0.00274934
       130     0.00298388
       131     0.00313178
       132     0.00320324
       133     0.00323134
       134     0.00325257
       135     0.00327490
       136     0.00323527
       137     0.00297984
       138     0.00238622
       139     0.00160723
       140     0.00097783
       141     0.00069675
       142     0.00075276
       143     0.00097565
       144     0.00112893
       145     0.00104453
       146     0.00073216
       147     0.00033555
       148    -0.00002041
       149    -0.00028709
       150    -0.00047620
       151    -0.00069838
       152    -0.02007734
       153    -0.00203153
       154    -0.00154295
       155    -0.00158024
       156    -0.00164983
       157    -0.00170611
       158    -0.00175387
       159    -0.00180321
       160    -0.00186018
       161    -0.00192504
       162    -0.00198515
       163    -0.00203064
       164    -0.00204856
       165    -0.00202929
       166    -0.00197077
       167    -0.00188026
       168    -0.00177224
       169    -0.00166434
       170    -0.00157353
       171    -0.00151274
       172    -0.00149102
       173    -0.00151144
       174    -0.00157498
       175    -0.00167787
       176    -0.00180856
       177    -0.00194852
       178    -0.00207737
       179    -0.00217958
       180    -0.00225083
       181    -0.00229935
       182    -0.00234314
       183    -0.00240097
       184    -0.00248377
       185    -0.00258792
       186    -0.00269420
       187    -0.00277351
       188    -0.00280239
       189    -0.00277239
       190    -0.00269495
       191    -0.00259257
       192    -0.00248700
       193    -0.00239133
       194    -0.00230848
       195    -0.00223212
       196    -0.00215226
       197    -0.00206151
       198    -0.00196697
       199    -0.00191440
       200    -0.00207905
       201    -0.00339642
       202    -0.00000793
       203     0.00019166
       204     0.00045991
       205     0.00076632
       206     0.00107185
       207     0.00128947
       208     0.00129420
       209     0.00103018
       210     0.00060802
       211     0.00022516
       212     0.00004464
       213     0.00020128
       214     0.00086678
       215     0.00225524
       216     0.00400268
       217     0.00439944
       218     0.00373228
       219     0.00306945
       220     0.00258399
       221     0.00222498
       222     0.00194970
       223     0.00173810
       224     0.00157847
       225     0.00145983
       226     0.00137073
       227     0.00130020
       228     0.00123889
       229     0.00118032
       230     0.00111929
       231     0.00105298
       232     0.00097829
       233     0.00089177
       234     0.00079001
       235     0.00067082
       236     0.00053515
       237     0.00038887
       238     0.00023943
       239     0.00009060
       240    -0.00005628
       241    -0.00020233
       242    -0.00034244
       243    -0.00046291
       244    -0.00055364
       245    -0.00062072
       246    -0.00067727
       247    -0.00072554
       248    -0.00075814
       249    -0.00077184
       250    -0.00077301
       251    -0.00077385
       252    -0.00078570
       253    -0.00081490
       254    -0.00086189
       255    -0.00092315
       256    -0.00099316
       257    -0.00106715
       258    -0.00114307
       259    -0.00122345
       260    -0.00131412
       261    -0.00142237
       262    -0.00155404
       263    -0.00171172
       264    -0.00189450
       265    -0.00210177
       266    -0.00235031
       267    -0.00270507
       268    -0.00330760
       269    -0.00416139
       270    -0.00409026
       271    -0.00251046
       272    -0.00123899
       273    -0.00050656
       274    -0.00014270
       275    -0.00008309
       276    -0.00024176
       277    -0.00046023
       278    -0.00060478
       279    -0.00064831
       280    -0.00064477
       281    -0.00069537
       282    -0.00101868
       283    -0.00278740
       284    -0.00227748
       285    -0.00219506
       286    -0.00220193
       287    -0.00224488
       288    -0.00230286
       289    -0.00236219
       290    -0.00241321
       291    -0.00244848
       292    -0.00246164
       293    -0.00244498
       294    -0.00239818
       295    -0.00233401
       296    -0.00228371
       297    -0.00229368
       298    -0.00240958
       299    -0.00267656
       300    -0.00312751
       301    -0.00374513
       302    -0.00439991
       303    -0.00483935
       304    -0.00483718
       305    -0.00440399
       306    -0.00375993
       307    -0.00312467
       308    -0.00260614
       309    -0.00222300
       310    -0.00195589
       311    -0.00177792
       312    -0.00166575
       313    -0.00160228
       314    -0.00157247
       315    -0.00157634
       316    -0.00160691
       317    -0.00165472
       318    -0.00170481
       319    -0.00174360
       320    -0.00175437
       321    -0.00172757
       322    -0.00165268
       323    -0.00151195
       324    -0.00130356
       325    -0.00224165
       326    -0.00001192
       327    -0.00011443
       328    -0.00019904
       329    -0.00028180
       330    -0.00037325
       331    -0.00045870
       332    -0.00048474
       333    -0.00033935
       334     0.00011404
       335     0.00100333
       336     0.00242131
       337     0.00384588
       338     0.00417291
       339     0.00472205
       340     0.00563229
       341     0.00384007
       342     0.00256435
       343     0.00182445
       344     0.00140083
       345     0.00116627
       346     0.00104032
       347     0.00096764
       348     0.00090983
       349     0.00084270
       350     0.00075765
       351     0.00066294
       352     0.00057086
       353     0.00049614
       354     0.00045080
       355     0.00044334
       356     0.00047745
       357     0.00055082
       358     0.00065385
       359     0.00076630
       360     0.00086116
       361     0.00091371
       362     0.00091732
       363     0.00087986
       364     0.00081646
       365     0.00074117
       366     0.00066499
       367     0.00059932
       368     0.00055250
       369     0.00052677
       370     0.00051183
       371     0.00048525
       372     0.00042711
       373     0.00033838
       374     0.00024002
       375     0.00015030
       376     0.00007005
       377    -0.00001087
       378    -0.00010792
       379    -0.00023698
       380    -0.00041764
       381    -0.00066855
       382    -0.00099510
       383    -0.00137997
       384    -0.00179119
       385    -0.00219702
       386    -0.00256307
       387    -0.00284063
       388    -0.00298035
       389    -0.00296479
       390    -0.00281230
       391    -0.00254854
       392    -0.00219976
       393    -0.00181953
       394    -0.00150806
       395    -0.00136200
       396    -0.00144168
       397    -0.00177424
       398    -0.00237029
       399    -0.00314389
       400    -0.00355397
       401    -0.00295459
       402    -0.00197115
       403    -0.00122710
       404    -0.00076756
       405    -0.00051239
       406    -0.00044114
       407    -0.00077621
       408    -0.00219976
       409    -0.00179071
       410    -0.00166342
       411    -0.00159963
       412    -0.00155277
       413    -0.00151173
       414    -0.00147868
       415    -0.00146811
       416    -0.00150372
       417    -0.00161990
       418    -0.00185635
       419    -0.00226530
       420    -0.00290082
       421    -0.00382015
       422    -0.00509316
       423    -0.00681684
       424    -0.00895850
       425    -0.01066832
       426    -0.01024149
       427    -0.00429302
       428    -0.00436835
       429    -0.00463884
       430    -0.00492485
       431    -0.00496594
       432    -0.00686526
       433    -0.00454942
       434    -0.00290045
       435    -0.00193597
       436    -0.00142770
       437    -0.00125012
       438    -0.00140264
       439    -0.00201005
       440    -0.00332973
       441    -0.00478656
       442    -0.00294958
       443    -0.00114899
       444    -0.00057547
       445    -0.00050456
       446    -0.00058272
       447    -0.00063721
       448    -0.00058556
       449    -0.00043896
       450    -0.00028300
       451    -0.00021649
       452    -0.00033783
       453    -0.00081824
       454    -0.00234497
       455    -0.01338369
       456    -0.00593335
       457    -0.00320850
       458    -0.00230672
       459    -0.00183373
       460    -0.00151213
       461    -0.00125326
       462    -0.00102166
       463    -0.00080184
       464    -0.00058835
       465    -0.00038185
       466    -0.00018507
       467     0.00000266
       468     0.00019104
       469     0.00039404
       470     0.00061109
       471     0.00081241
       472     0.00095989
       473     0.00103739
       474     0.00105676
       475     0.00103817
       476     0.00099674
       477     0.00094885
       478     0.00092393
       479     0.00096875
       480     0.00114868
       481     0.00158109
       482     0.00262833
       483     0.00633066
       484     0.00866792
       485     0.00222489
       486     0.00079225
       487     0.00030898
       488     0.00010846
       489     0.00001836
       490    -0.00001948
       491    -0.00002832
       492    -0.00001459
       493     0.00002485
       494     0.00008847
       495     0.00015748
       496     0.00020083
       497     0.00020288
       498     0.00017880
       499     0.00016142
       500     0.00017946
       501     0.00024265
       502     0.00033965
       503     0.00044957
       504     0.00055806
       505     0.00066613
       506     0.00078607
       507     0.00095483
       508     0.00126302
       509     0.00190895
       510     0.00309403
       511     0.00341217
       512     0.00220753
       513     0.00138152
       514     0.00106819
       515     0.00106142
       516     0.00113419
       517     0.00111706
       518     0.00095718
       519     0.00069180
       520     0.00038212
       521     0.00007502
       522    -0.00020918
       523    -0.00047980
       524    -0.00077917
       525    -0.00120070
       526    -0.00197474
       527    -0.00392321
       528    -0.00814892
       529    -0.00323329
       530    -0.00136408
       531    -0.00062191
       532    -0.00029679
       533    -0.00020645
       534    -0.00023547
       535    -0.00028212
       536    -0.00028623
       537    -0.00024223
       538    -0.00017717
       539    -0.00011904
       540    -0.00008848
       541    -0.00010797
       542    -0.00021319
       543    -0.00046664
       544    -0.00100241
       545    -0.00217868
       546    -0.00475152
       547    -0.00467834
       548    -0.00251470
       549    -0.00150361
       550    -0.00099509
       551    -0.00066889
       552    -0.00038865
       553    -0.00010303
       554     0.00018472
       555     0.00044995
       556     0.00067915
       557     0.00089786
       558     0.00119867
       559     0.00173517
       560     0.00253223
       561     0.00287558
       562     0.00220136
       563     0.00139299
       564     0.00084694
       565     0.00053410
       566     0.00039131
       567     0.00038000
       568     0.00047251
       569     0.00062101
       570     0.00072016
       571     0.00067762
       572     0.00052367
       573     0.00033622
       574     0.00016267
       575     0.00002911
       576    -0.00005038
       577    -0.00007191
       578    -0.00002187
       579     0.00015628
       580     0.00055122
       581     0.00149836
       582     0.00629962
       583     0.00241982
       584     0.00135916
       585     0.00076089
       586     0.00030702
       587    -0.00008942
       588    -0.00043641
       589    -0.00071481
       590    -0.00090761
       591    -0.00101122
       592    -0.00103427
       593    -0.00099368
       594    -0.00091093
       595    -0.00080902
       596    -0.00070999
       597    -0.00062589
       598    -0.00054789
       599    -0.00046380
       600    -0.00040666
