#    Step        Prob(0)        Prob(1)        
        0    -0.00000000     0.00000000
        1     0.00000000     0.00000000
        2     0.00000000     0.00000000
        3     0.00000000     0.00000000
        4     0.00000000     0.00000000
        5     0.00000000     0.00000000
        6     0.00000001     0.00000000
        7     0.00000000     0.00000000
        8     0.00000000     0.00000000
        9     0.00000000     0.00000000
       10     0.00000000     0.00000000
       11     0.00000001     0.00000000
       12     0.00000000     0.00000000
       13     0.00000001     0.00000000
       14     0.00000000     0.00000000
       15     0.00000000     0.00000000
       16     0.00000000     0.00000000
       17     0.00000000     0.00000000
       18     0.00000001     0.00000000
       19     0.00000000     0.00000000
       20     0.00000000     0.00000000
       21     0.00000000     0.00000000
       22     0.00000000     0.00000000
       23     0.00000000     0.00000000
       24     0.00012649     0.00000000
       25     0.00000000     0.00000000
       26     0.00001609     0.00000000
       27     0.00004179     0.00000000
       28     0.00000000     0.00000000
       29     0.00008375     0.00000000
       30     0.00000000     0.00000000
       31     0.00000000     0.00000000
       32     0.00008820     0.00000000
       33     0.00000000     0.00000000
       34     0.00000000     0.00000000
       35     0.00008138     0.00000000
       36     0.00000000     0.00000000
       37     0.00000000     0.00000000
       38     0.00007683     0.00000000
       39     0.00000000     0.00000000
       40     0.00000000     0.00000000
       41     0.00005152     0.00000000
       42     0.00003300     0.00000000
       43     0.00000000     0.00000000
       44     0.00000000     0.00000000
       45     0.00006072     0.00000000
       46     0.00000000     0.00000000
       47     0.00000000     0.00000000
       48     0.00001312     0.00000000
       49     0.00004950     0.00000000
       50     0.00000000     0.00000000
       51     0.00000000     0.00000000
       52     0.00001203     0.00000000
       53     0.00004264     0.00000000
       54     0.00000000     0.00000000
       55     0.00000000     0.00000000
       56     0.00000000     0.00000000
       57     0.00003697     0.00000000
       58     0.00000953     0.00000000
       59     0.00000000     0.00000000
       60     0.00000000     0.00000000
       61     0.00002290     0.00000000
       62     0.00002551     0.00000000
       63     0.00000000     0.00000000
       64     0.00000000     0.00000000
       65     0.00000000     0.00000000
       66     0.00002514     0.00000000
       67     0.00001439     0.00000000
       68     0.00000000     0.00000000
       69     0.00000000     0.00000000
       70     0.00000173     0.00000000
       71     0.00002093     0.00000000
       72     0.00001100     0.00000000
       73     0.00000000     0.00000000
       74     0.00000000     0.00000000
       75     0.00000000     0.00000000
       76     0.00001451     0.00000000
       77     0.00001145     0.00000000
       78     0.00000000     0.00000000
       79     0.00000000     0.00000000
       80     0.00000000     0.00000000
       81     0.00000539     0.00000000
       82     0.00000906     0.00000000
       83     0.00000284     0.00000000
       84     0.00000000     0.00000000
       85     0.00000000     0.00000000
       86     0.00000000     0.00000000
       87     0.00000183     0.00000000
       88     0.00000160     0.00000000
       89     0.00000018     0.00000000
       90     0.00000037     0.00000000
       91     0.00000173     0.00000000
       92     0.00000156     0.00000000
       93     0.00000000     0.00000000
       94     0.00000000     0.00000000
       95     0.00000000     0.00000000
       96     0.00000000     0.00000000
       97     0.00000488     0.00000000
       98     0.00000702     0.00000000
       99     0.00000425     0.00000000
      100     0.00000000     0.00000000
      101     0.00000000     0.00000000
      102     0.00000000     0.00000000
      103     0.00000000     0.00000000
      104     0.00000254     0.00000000
      105     0.00000875     0.00000000
      106     0.00001106     0.00000000
      107     0.00000826     0.00000000
      108     0.00000139     0.00000000
      109     0.00000000     0.00000000
      110     0.00000000     0.00000000
      111     0.00000000     0.00000000
      112     0.00000000     0.00000000
      113     0.00000052     0.00000000
      114     0.00001517     0.00000000
      115     0.00003134     0.00000000
      116     0.00004621     0.00000000
      117     0.00005763     0.00000000
      118     0.00006497     0.00000000
      119     0.00007004     0.00000000
      120     0.00007801     0.00000000
      121     0.00009908     0.00000000
      122     0.00015149     0.00000000
      123     0.00026784     0.00000000
      124     0.00050839     0.00000000
      125     0.00098936     0.00000000
      126     0.00194472     0.00000000
      127     0.00386361     0.00000000
      128     0.00779901     0.00000000
      129     0.01603315     0.00000000
      130     0.03324877     0.00000000
      131     0.06699659     0.00000000
      132     0.12063469     0.00000000
      133     0.17362810     0.00000000
      134     0.18945683     0.00000000
      135     0.16382740     0.00000000
      136     0.12070696     0.00000000
      137     0.07894380     0.00000000
      138     0.04570785     0.00000000
      139     0.02195446     0.00000000
      140     0.00649386     0.00000000
      141     0.00000000     0.00000000
      142     0.00000000     0.00000000
      143     0.00000000     0.00000000
      144     0.00000000     0.00000000
      145     0.00654756     0.00000000
      146     0.01749643     0.00000000
      147     0.03249204     0.00000000
      148     0.05262657     0.00000000
      149     0.07960278     0.00000000
      150     0.11572717     0.00000000
      151     0.16295726     0.00000000
      152     0.21717950     0.00000000
      153     0.00000000     0.00000000
      154     0.00000000     0.03173821
      155     0.00000000     0.08001890
      156     0.00000000     0.09696879
      157     0.00000000     0.00000000
      158     0.00000000     0.00000000
      159     0.00000000     0.00000000
      160     0.00000000     0.00000000
      161     0.00000000     0.00000000
      162     0.00000000     0.00000000
      163     0.00985018     0.00000000
      164     0.01728954     0.00000000
      165     0.01981973     0.00000000
      166     0.01308242     0.00000000
      167     0.00000000     0.00000000
      168     0.00000000     0.00000000
      169     0.00000000     0.00000000
      170     0.00000000     0.00000000
      171     0.00000000     0.00000000
      172     0.00000000     0.00000000
      173     0.00000000     0.00000000
      174     0.00000000     0.00000000
      175     0.00000000     0.00000000
      176     0.00000000     0.00000000
      177     0.00000000     0.00000000
      178     0.00000000     0.00000000
      179     0.00000000     0.00000000
      180     0.00000000     0.00000000
      181     0.00000000     0.00000000
      182     0.00000000     0.00000000
      183     0.00118221     0.00000000
      184     0.00346335     0.00000000
      185     0.00544311     0.00000000
      186     0.00849333     0.00000000
      187     0.01600242     0.00000000
      188     0.03531622     0.00000000
      189     0.07281987     0.00000000
      190     0.10904613     0.00000000
      191     0.10936952     0.00000000
      192     0.08185086     0.00000000
      193     0.05161521     0.00000000
      194     0.02890008     0.00000000
      195     0.01418261     0.00000000
      196     0.00549246     0.00000000
      197     0.00096204     0.00000000
      198     0.00000000     0.00000000
      199     0.00055598     0.00000000
      200     0.00529069     0.00000000
      201     0.01713639     0.00000000
      202     0.04640924     0.00000000
      203     0.11843723     0.00000000
      204     0.24821069     0.00000000
      205     0.00000000     0.00000000
      206     0.00000000     0.00000000
      207     0.00000000     0.00000000
      208     0.00000000     0.00000000
      209     0.00000000     0.00000000
      210     0.00000000     0.00000000
      211     0.00000000     0.00000000
      212     0.00000000     0.00000000
      213     0.00000000     0.00022386
      214     0.00000000     0.00076138
      215     0.00000000     0.00041771
      216     0.00000000     0.00000000
      217     0.00000000     0.00000000
      218     0.00000000     0.00000000
      219     0.00000000     0.00000000
      220     0.00000000     0.00000000
      221     0.00000000     0.00063674
      222     0.00000000     0.00179696
      223     0.00000000     0.00182742
      224     0.00000000     0.00059006
      225     0.00000000     0.00000000
      226     0.00000000     0.00000000
      227     0.00000000     0.00000000
      228     0.00000000     0.00013221
      229     0.00000000     0.00011754
      230     0.00000000     0.00000000
      231     0.00000000     0.00000000
      232     0.00000000     0.00000000
      233     0.00000000     0.00015187
      234     0.00000000     0.00011100
      235     0.00000000     0.00000000
      236     0.00000000     0.00000000
      237     0.00000000     0.00013267
      238     0.00000000     0.00016082
      239     0.00000000     0.00000000
      240     0.00000000     0.00000000
      241     0.00000000     0.00024369
      242     0.00000000     0.00007183
      243     0.00000000     0.00000000
      244     0.00000000     0.00016075
      245     0.00000000     0.00033107
      246     0.00000000     0.00000000
      247     0.00000000     0.00009693
      248     0.00000000     0.00047951
      249     0.00000000     0.00000000
      250     0.00000000     0.00002703
      251     0.00000000     0.00017992
      252     0.00000000     0.00000000
      253     0.00000000     0.00015410
      254     0.00000000     0.00000000
      255     0.00000000     0.00000000
      256     0.00000000     0.00011747
      257     0.00000000     0.00000000
      258     0.00000000     0.00003929
      259     0.00000000     0.00000894
      260     0.00000000     0.00000000
      261     0.00000000     0.00005469
      262     0.00000000     0.00000000
      263     0.00000000     0.00003118
      264     0.00000000     0.00000000
      265     0.00000000     0.00000000
      266     0.00000000     0.00002220
      267     0.00000000     0.00000000
      268     0.00000000     0.00002797
      269     0.00000000     0.00000000
      270     0.00000000     0.00001342
      271     0.00000000     0.00000000
      272     0.00000000     0.00000000
      273     0.00000000     0.00001232
      274     0.00000000     0.00000000
      275     0.00000000     0.00001738
      276     0.00000000     0.00000000
      277     0.00000000     0.00001171
      278     0.00000000     0.00000000
      279     0.00000000     0.00000080
      280     0.00000000     0.00000448
      281     0.00000000     0.00000000
      282     0.00000000     0.00001128
      283     0.00000000     0.00000000
      284     0.00000000     0.00001099
      285     0.00000000     0.00000000
      286     0.00000000     0.00000465
      287     0.00000000     0.00000000
      288     0.00000000     0.00000000
      289     0.00000000     0.00000684
      290     0.00000000     0.00000000
      291     0.00000000     0.00000936
      292     0.00000000     0.00000000
      293     0.00000000     0.00000592
      294     0.00000000     0.00000000
      295     0.00000000     0.00000000
      296     0.00000000     0.00000400
      297     0.00000000     0.00000000
      298     0.00000000     0.00000719
      299     0.00000000     0.00000000
      300     0.00000000     0.00000510
