#    Non-Adiabatic Coupling Matrix Elements: off-diagonal
         0     0.00000312
         1     0.00000544
         2     0.00000762
         3     0.00000962
         4     0.00001141
         5     0.00001297
         6     0.00001428
         7     0.00001531
         8     0.00001607
         9     0.00001653
        10     0.00001670
        11     0.00001657
        12     0.00001615
        13     0.00001547
        14     0.00001455
        15     0.00088714
        16     0.00063436
        17     0.00061330
        18     0.00064745
        19     0.00069993
        20     0.00075582
        21     0.00080872
        22     0.00085472
        23     0.00089137
        24     0.00091716
        25     0.00093143
        26     0.00093428
        27     0.00092675
        28     0.00091083
        29     0.00088928
        30     0.00086510
        31     0.00084092
        32     0.00081852
        33     0.00079862
        34     0.00078108
        35     0.00076531
        36     0.00075057
        37     0.00073632
        38     0.00072184
        39     0.00070692
        40     0.00069134
        41     0.00067501
        42     0.00065790
        43     0.00064001
        44     0.00062142
        45     0.00060220
        46     0.00058247
        47     0.00056233
        48     0.00054195
        49     0.00052145
        50     0.00050098
        51     0.00048066
        52     0.00046062
        53     0.00044095
        54     0.00042168
        55     0.00040288
        56     0.00038457
        57     0.00036673
        58     0.00034934
        59     0.00033237
        60     0.00031576
        61     0.00029948
        62     0.00028345
        63     0.00026764
        64     0.00025197
        65     0.00023640
        66     0.00022089
        67     0.00020538
        68     0.00018985
        69     0.00017424
        70     0.00015856
        71     0.00014277
        72     0.00012687
        73     0.00011087
        74     0.00009479
        75     0.00007865
        76     0.00006249
        77     0.00004638
        78     0.00003037
        79     0.00001456
        80    -0.00000096
        81    -0.00001607
        82    -0.00003065
        83    -0.00004456
        84    -0.00005765
        85    -0.00006978
        86    -0.00008078
        87    -0.00009050
        88    -0.00009879
        89    -0.00010550
        90    -0.00011051
        91    -0.00011372
        92    -0.00011502
        93    -0.00011436
        94    -0.00011169
        95    -0.00010702
        96    -0.00010036
        97    -0.00009179
        98    -0.00008141
        99    -0.00006934
       100    -0.00005575
       101    -0.00004083
       102    -0.00002478
       103    -0.00000780
       104     0.00000992
       105     0.00002818
       106     0.00004684
       107     0.00006573
       108     0.00008475
       109     0.00010378
       110     0.00012275
       111     0.00014159
       112     0.00016021
       113     0.00017853
       114     0.00019648
       115     0.00021395
       116     0.00023084
       117     0.00024701
       118     0.00026229
       119     0.00027650
       120     0.00028937
       121     0.00030061
       122     0.00030977
       123     0.00031631
       124     0.00031937
       125     0.00031771
       126     0.00030934
       127     0.00029103
       128     0.00025712
       129     0.00019709
       130     0.00008955
       131    -0.00011464
       132    -0.00054958
       133    -0.00169868
       134    -0.00650139
       135    -0.09380042
       136     0.01946307
       137     0.00182995
       138     0.00021710
       139    -0.00031635
       140    -0.00055950
       141    -0.00069839
       142    -0.00079642
       143    -0.00088134
       144    -0.00096850
       145    -0.00106874
       146    -0.00119185
       147    -0.00134846
       148    -0.00155146
       149    -0.00181742
       150    -0.00216803
       151    -0.00263143
       152    -0.00324238
       153    -0.00403816
       154    -0.00504392
       155    -0.00623566
       156    -0.00747530
       157    -0.00845974
       158    -0.00880776
       159    -0.00833669
       160    -0.00723644
       161    -0.00589133
       162    -0.00460176
       163    -0.00350036
       164    -0.00260483
       165    -0.00188360
       166    -0.00129235
       167    -0.00078828
       168    -0.00033310
       169     0.00010823
       170     0.00057041
       171     0.00109140
       172     0.00171619
       173     0.00250005
       174     0.00350755
       175     0.00479742
       176     0.00636821
       177     0.00805073
       178     0.00938215
       179     0.00976636
       180     0.00900704
       181     0.01395501
       182     0.00878763
       183     0.00539436
       184     0.00331087
       185     0.00200609
       186     0.00115669
       187     0.00058238
       188     0.00018148
       189    -0.00010556
       190    -0.00031531
       191    -0.00047121
       192    -0.00058895
       193    -0.00067943
       194    -0.00075036
       195    -0.00080733
       196    -0.00085451
       197    -0.00089501
       198    -0.00093114
       199    -0.00096466
       200    -0.00099685
       201    -0.00102863
       202    -0.00106045
       203    -0.00109483
       204    -0.00113248
       205    -0.00117484
       206    -0.00122380
       207    -0.00128191
       208    -0.00135304
       209    -0.00144163
       210    -0.00155540
       211    -0.00170750
       212    -0.00191846
       213    -0.00222604
       214    -0.00270369
       215    -0.00350199
       216    -0.00486499
       217    -0.00615798
       218    -0.00481426
       219    -0.00304641
       220    -0.00201829
       221    -0.00142419
       222    -0.00105431
       223    -0.00080896
       224    -0.00063836
       225    -0.00051549
       226    -0.00042460
       227    -0.00035596
       228    -0.00030283
       229    -0.00026173
       230    -0.00022929
       231    -0.00020337
       232    -0.00018245
       233    -0.00016537
       234    -0.00015131
       235    -0.00013961
       236    -0.00012978
       237    -0.00012144
       238    -0.00011431
       239    -0.00010815
       240    -0.00010298
       241    -0.00009829
       242    -0.00009412
       243    -0.00009043
       244    -0.00008710
       245    -0.00008395
       246    -0.00008122
       247    -0.00007869
       248    -0.00007632
       249    -0.00007408
       250    -0.00007192
       251    -0.00006981
       252    -0.00006770
       253    -0.00006557
       254    -0.00006338
       255    -0.00006110
       256    -0.00005870
       257    -0.00005616
       258    -0.00005344
       259    -0.00005055
       260    -0.00004745
       261    -0.00004413
       262    -0.00004060
       263    -0.00003684
       264    -0.00003286
       265    -0.00002866
       266    -0.00002426
       267    -0.00001966
       268    -0.00001488
       269    -0.00000995
       270    -0.00000490
       271     0.00000027
       272     0.00000550
       273     0.00001078
       274     0.00001607
       275     0.00002133
       276     0.00002653
       277     0.00003164
       278     0.00003662
       279     0.00004144
       280     0.00004607
       281     0.00005048
       282     0.00005466
       283     0.00005858
       284     0.00006223
       285     0.00006561
       286     0.00006871
       287     0.00007155
       288     0.00007413
       289     0.00007649
       290     0.00007865
       291     0.00008064
       292     0.00008252
       293     0.00008432
       294     0.00008609
       295     0.00008789
       296     0.00008998
       297     0.00009199
       298     0.00009416
       299     0.00009654
       300     0.00009885
