#    Step        Prob(0)        Prob(1)        Prob(2)        
        0    -0.00000000    -0.00000000     0.00000000
        1     0.00000001     0.00004795     0.00000000
        2     0.00000002     0.00018448     0.00000000
        3     0.00000004     0.00032496     0.00000000
        4     0.00000005     0.00042221     0.00000000
        5     0.00000008     0.00055914     0.00000000
        6     0.00000010     0.00104044     0.00000000
        7     0.00000014     0.00254370     0.00000000
        8     0.00000018     0.00671955     0.00000000
        9     0.00000017     0.01862843     0.00000000
       10     0.00000021     0.05632176     0.00000000
       11     0.00000011     0.17872608     0.00000000
       12     0.00000000     0.40488977     0.00000000
       13     0.00000000     0.24485770     0.00000000
       14     0.00000006     0.00000000     0.37485109
       15     0.00000000     0.00000000     0.00000000
       16     0.00000017     0.00000000     0.00000000
       17     0.00000062     0.00000000     0.00000000
       18     0.00000000     0.00000000     0.00000000
       19     0.00000035     0.00000000     0.00000000
       20     0.00000008     0.00274407     0.00000000
       21     0.00000005     0.00551731     0.00000000
       22     0.00000022     0.00611583     0.00000000
       23     0.00000011     0.00554744     0.00000000
       24     0.00000017     0.00446953     0.00000000
       25     0.00000021     0.00327887     0.00000000
       26     0.00000017     0.00219907     0.00000000
       27     0.00000004     0.00131165     0.00000000
       28     0.00000019     0.00069727     0.00000000
       29     0.00000016     0.00027392     0.00000000
       30     0.00000000     0.00005012     0.00000000
       31     0.00000006     0.00000000     0.00000000
       32     0.00000005     0.00008078     0.00000000
       33     0.00000000     0.00031619     0.00000000
       34     0.00000000     0.00072352     0.00000000
       35     0.00000000     0.00137154     0.00000000
       36     0.00000000     0.00243038     0.00000000
       37     0.00000001     0.00429708     0.00000000
       38     0.00000000     0.00800601     0.00000000
       39     0.00000000     0.01704240     0.00000000
       40     0.00000002     0.04751606     0.00000000
       41     0.00000003     0.23092616     0.00000000
       42     0.00000000     0.00000000     0.00000000
       43     0.00000000     0.00000000     0.00000000
       44     0.00000000     0.00000000     0.00000000
       45     0.00000000     0.00000000     0.00000000
       46     0.00000000     0.00000000     0.00000000
       47     0.00000000     0.00000000     0.00000000
       48     0.00000000     0.00000000     0.00000000
       49     0.00000000     0.00000000     0.00000000
       50     0.00000000     0.00000000     0.00000000
       51     0.00000000     0.00000000     0.00000000
       52     0.00000000     0.00000000     0.00000000
       53     0.00000002     0.00000000     0.00000000
       54     0.00000000     0.00000000     0.00000000
       55     0.00000000     0.00000000     0.00001171
       56     0.00000002     0.00000000     0.00002291
       57     0.00000004     0.00000000     0.00002135
       58     0.00000000     0.00000000     0.00000763
       59     0.00000002     0.00000000     0.00000000
       60     0.00000008     0.00000000     0.00000000
       61     0.00000008     0.00000000     0.00000000
       62     0.00000006     0.00000000     0.00000000
       63     0.00000010     0.00000000     0.00000000
       64     0.00000014     0.00000000     0.00000000
       65     0.00000014     0.00000000     0.00000000
       66     0.00000014     0.00000000     0.00000000
       67     0.00000015     0.00000000     0.00001427
       68     0.00000016     0.00000000     0.00006818
       69     0.00000018     0.00000000     0.00012379
       70     0.00000019     0.00000000     0.00016386
       71     0.00000016     0.00000000     0.00019886
       72     0.00000010     0.00000000     0.00021114
       73     0.00000007     0.00000000     0.00020457
       74     0.00000011     0.00000000     0.00015382
       75     0.00000008     0.00000000     0.00009349
       76     0.00000000     0.00000000     0.00001911
       77     0.00000000     0.00000000     0.00000000
       78     0.00000000     0.00000000     0.00000000
       79     0.00000000     0.00000000     0.00000000
       80     0.00000000     0.00000000     0.00000000
       81     0.00000000     0.00000000     0.00007005
       82     0.00000000     0.00000000     0.00026154
       83     0.00000003     0.00000000     0.00052554
       84     0.00000014     0.00000000     0.00081349
       85     0.00000028     0.00000000     0.00109335
       86     0.00000051     0.00000000     0.00130051
       87     0.00000086     0.00000000     0.00139666
       88     0.00000123     0.00000000     0.00134312
       89     0.00000155     0.00000000     0.00112343
       90     0.00000175     0.00000000     0.00068698
       91     0.00000197     0.00000000     0.00011959
       92     0.00000217     0.00000000     0.00000000
       93     0.00000217     0.00000000     0.00000000
       94     0.00000202     0.00000000     0.00000000
       95     0.00000184     0.00000000     0.00000000
       96     0.00000176     0.00000000     0.00000000
       97     0.00000170     0.00000000     0.00000000
       98     0.00000153     0.00000000     0.00000000
       99     0.00000162     0.00000000     0.00041375
      100     0.00000217     0.00000000     0.00108149
      101     0.00000283     0.00000000     0.00147176
      102     0.00000332     0.00000000     0.00148289
      103     0.00000386     0.00000000     0.00111959
      104     0.00000423     0.00000000     0.00049836
      105     0.00000399     0.00000000     0.00000000
      106     0.00000394     0.00000000     0.00000000
      107     0.00000408     0.00000000     0.00000000
      108     0.00000402     0.00000000     0.00000000
      109     0.00000384     0.00000000     0.00000000
      110     0.00000393     0.00000000     0.00026641
      111     0.00000457     0.00000000     0.00063365
      112     0.00000542     0.00000000     0.00070558
      113     0.00000568     0.00000000     0.00048789
      114     0.00000581     0.00000000     0.00011948
      115     0.00000651     0.00000000     0.00000000
      116     0.00000793     0.00000000     0.00000000
      117     0.00000895     0.00000000     0.00000000
      118     0.00000935     0.00000000     0.00007241
      119     0.00000996     0.00000000     0.00024263
      120     0.00001135     0.00000000     0.00026499
