#    Step        Prob(0)        Prob(1)        
        0     0.00000000     0.00000000
        1     0.00000000     0.00000000
        2     0.00000000     0.00000000
        3     0.00000000     0.00000000
        4     0.00000001     0.00000000
        5     0.00000000     0.00000000
        6     0.00000000     0.00000000
        7     0.00000000     0.00000000
        8     0.00000000     0.00000000
        9     0.00000974     0.00000000
       10     0.00002245     0.00000000
       11     0.00001250     0.00000000
       12     0.00000000     0.00000000
       13     0.00000000     0.00000000
       14     0.00003506     0.00000000
       15     0.00000000     0.00000000
       16     0.00000604     0.00000000
       17     0.00002419     0.00000000
       18     0.00000000     0.00000000
       19     0.00002744     0.00000000
       20     0.00000459     0.00000000
       21     0.00000450     0.00000000
       22     0.00003890     0.00000000
       23     0.00000000     0.00000000
       24     0.00002275     0.00000000
       25     0.00003405     0.00000000
       26     0.00000000     0.00000000
       27     0.00000000     0.00000000
       28     0.00002946     0.00000000
       29     0.00001019     0.00000000
       30     0.00000000     0.00000000
       31     0.00000000     0.00000000
       32     0.00000365     0.00000000
       33     0.00001246     0.00000000
       34     0.00000365     0.00000000
       35     0.00000000     0.00000000
       36     0.00000000     0.00000000
       37     0.00000000     0.00000000
       38     0.00000000     0.00000000
       39     0.00000000     0.00000000
       40     0.00000000     0.00000000
       41     0.00000000     0.00000000
       42     0.00008698     0.00000000
       43     0.00000000     0.00000000
       44     1.00000000     0.00000000
       45     0.00000000     0.00000000
       46     0.00000000     0.00090790
       47     0.00000000     0.00129577
       48     0.00000000     0.00076903
       49     0.00000000     0.00020239
       50     0.00000000     0.00000000
       51     0.00000000     0.00030947
       52     0.00000000     0.00074229
       53     0.00000000     0.00039861
       54     0.00000000     0.00000000
       55     0.00000000     0.00000000
       56     0.00000000     0.00100445
       57     0.00000000     0.00104160
       58     0.00000000     0.00000000
       59     0.00000000     0.00128635
       60     0.00000000     0.00000000
       61     0.00000000     0.00000000
       62     0.00000000     0.00000000
       63     0.00000000     0.00413533
       64     0.00000000     0.00000000
       65     0.00000000     0.00020983
       66     0.00000000     0.00029908
       67     0.00000000     0.00006372
       68     0.00000000     0.00074401
       69     0.00000000     0.00000000
       70     0.00000000     0.00000000
       71     0.00000000     0.00000000
       72     0.00000000     0.00389313
       73     0.00000000     0.00032599
       74     0.00000000     0.00000000
       75     0.00000000     0.00051737
       76     0.00000000     0.00032107
       77     0.00000000     0.00000000
       78     0.00000000     0.00358064
       79     0.00000000     0.00000000
       80     0.00000000     0.00396792
       81     0.00000000     0.00000000
       82     0.00000000     0.00168778
       83     0.00000000     0.00053429
       84     0.00000000     0.00000000
       85     0.00000000     0.00241469
       86     0.00000000     0.00017521
       87     0.00000000     0.00000000
       88     0.00000000     0.00118087
       89     0.00000000     0.00156752
       90     0.00000000     0.00000000
       91     0.00000000     0.00000000
       92     0.00000000     0.00080413
       93     0.00000000     0.00051458
       94     0.00000000     0.00000000
       95     0.00000000     0.00000000
       96     0.00000000     0.00042092
       97     0.00000000     0.00126642
       98     0.00000000     0.00013554
       99     0.00000000     0.00000000
      100     0.00000000     0.00000000
      101     0.00000000     0.00186922
      102     0.00000000     0.00313370
      103     0.00000000     0.00021850
      104     0.00000000     0.00000000
      105     0.00000000     0.00000000
      106     0.00000000     0.00134965
      107     0.00000000     0.00282099
      108     0.00000000     0.00033698
      109     0.00000000     0.00000000
      110     0.00000000     0.00000000
      111     0.00000000     0.00105868
      112     0.00000000     0.00171375
      113     0.00000000     0.00000000
      114     0.00000000     0.00000000
      115     0.00000000     0.00000000
      116     0.00000000     0.00089599
      117     0.00000000     0.00083495
      118     0.00000000     0.00000000
      119     0.00000000     0.00000000
      120     0.00000000     0.00000000
      121     0.00000000     0.00090557
      122     0.00000000     0.00145067
      123     0.00000000     0.00064284
      124     0.00000000     0.00000000
      125     0.00000000     0.00000000
      126     0.00000000     0.00000000
      127     0.00000000     0.00745938
      128     0.00000000     0.03413714
      129     0.00000000     0.10022919
      130     0.00000000     0.00000000
      131     0.00000000     0.00000000
      132     0.00000000     0.00000000
      133     0.00000000     0.00000000
      134     0.00000000     0.00000000
      135     0.03480749     0.00000000
      136     0.09473610     0.00000000
      137     0.11497861     0.00000000
      138     0.10063212     0.00000000
      139     0.05266576     0.00000000
      140     0.00000000     0.00000000
      141     0.00000000     0.00000000
      142     0.00000000     0.00000000
      143     0.00069214     0.00000000
      144     0.00000000     0.00000000
      145     0.00000000     0.00000000
      146     0.00000000     0.00000000
      147     0.01786368     0.00000000
      148     0.09657614     0.00000000
      149     0.23273073     0.00000000
      150     0.00000000     0.00000000
      151     0.00000000     0.00000000
      152     0.00000000     0.02563880
      153     0.00000000     0.02487971
      154     0.00000000     0.00543106
      155     0.00000000     0.00000000
      156     0.00000000     0.00000000
      157     0.00000000     0.00396088
      158     0.00000000     0.00000000
      159     0.00000000     0.00000000
      160     0.00000000     0.00458754
      161     0.00000000     0.00000000
      162     0.00000000     0.00000000
      163     0.00000000     0.00368205
      164     0.00000000     0.00000000
      165     0.00000000     0.00191274
      166     0.00000000     0.00031982
      167     0.00000000     0.00000000
      168     0.00000000     0.00017466
      169     0.00000000     0.00000000
      170     0.00000000     0.00014480
      171     0.00000000     0.00028371
      172     0.00000000     0.00000000
      173     0.00000000     0.00013193
      174     0.00000000     0.00084645
      175     0.00000000     0.00057342
      176     0.00000000     0.00023684
      177     0.00000000     0.00134192
      178     0.00000000     0.00376813
      179     0.00000000     0.00621817
      180     0.00000000     0.00738831
      181     0.00000000     0.00614762
      182     0.00000000     0.00168558
      183     0.00000000     0.00000000
      184     0.00000000     0.00000000
      185     0.00000000     0.00000000
      186     0.00000000     0.01475027
      187     0.00000000     0.00380639
      188     0.00000000     0.00000000
      189     0.00000000     0.00000000
      190     0.00000000     0.00363597
      191     0.00000000     0.00000000
      192     0.00000000     0.00632350
      193     0.00000000     0.00000000
      194     0.00000000     0.00493787
      195     0.00000000     0.00000000
      196     0.00000000     0.00000000
      197     0.00000000     0.00020050
      198     0.00000000     0.00064120
      199     0.00000000     0.00073373
      200     0.00000000     0.00053975
      201     0.00000000     0.00005098
      202     0.00000000     0.00000000
      203     0.00000000     0.00000000
      204     0.00000000     0.00000788
      205     0.00000000     0.00574023
      206     0.00000000     0.00000000
      207     0.00000000     0.00378254
      208     0.00000000     0.00000000
      209     0.00000000     0.00000000
      210     0.00000000     0.00160140
      211     0.00000000     0.00562059
      212     0.00000000     0.01522010
      213     0.00000000     0.05714916
      214     0.00000000     0.00000000
      215     0.00000000     0.00000000
      216     0.00000000     0.00000000
      217     0.00000000     0.00000000
      218     0.00838890     0.00000000
      219     0.02711225     0.00000000
      220     0.02769339     0.00000000
      221     0.01903120     0.00000000
      222     0.00774923     0.00000000
      223     0.00000000     0.00000000
      224     0.00000000     0.00000000
      225     0.00000000     0.00000000
      226     0.00000000     0.00000000
      227     0.01134502     0.00000000
      228     0.04092551     0.00000000
      229     0.04785487     0.00000000
      230     0.02202260     0.00000000
      231     0.00000000     0.00000000
      232     0.00000000     0.00000000
      233     0.00000000     0.00000000
      234     0.00000000     0.00000000
      235     0.00837811     0.00000000
      236     0.02171110     0.00000000
      237     0.01898762     0.00000000
      238     0.00653056     0.00000000
      239     0.00000000     0.00000000
      240     0.00000000     0.00000000
      241     0.00000000     0.00000000
      242     0.00000000     0.00000000
      243     0.00000000     0.00000000
      244     0.00000000     0.00000000
      245     0.00000000     0.00000000
      246     0.00000000     0.00000000
      247     0.00833439     0.00000000
      248     0.01749472     0.00000000
      249     0.01889019     0.00000000
      250     0.01031899     0.00000000
      251     0.00000000     0.00000000
      252     0.00000000     0.00000000
      253     0.00000000     0.00000000
      254     0.00000000     0.00000000
      255     0.00000000     0.00000000
      256     0.00000000     0.00000000
      257     1.00000000     0.00000000
      258     0.00000000     0.00000000
      259     0.00000000     0.00000000
      260     0.00000000     0.00510784
      261     0.00000000     0.01035394
      262     0.00000000     0.00883339
      263     0.00000000     0.00000000
      264     0.00000000     0.00000000
      265     0.00000000     0.02569941
      266     0.00000000     0.00000000
      267     0.00000000     0.03132608
      268     0.00000000     0.00260296
      269     0.00000000     0.00000000
      270     0.00000000     0.00000000
      271     0.00000000     0.00000000
      272     0.00000000     0.00000000
      273     0.00000000     0.00000000
      274     0.00000000     0.00000000
      275     0.00000000     0.00000000
      276     0.00000000     0.00000000
      277     0.00000000     0.00007074
      278     0.00000000     0.00834727
      279     0.00000000     0.00000000
      280     0.00000000     0.00368334
      281     0.00000000     0.00000000
      282     0.00000000     0.00253727
      283     0.00000000     0.00363200
      284     0.00000000     0.00000000
      285     0.00000000     0.00000000
      286     0.00000000     0.00311647
      287     0.00000000     0.01423080
      288     0.00000000     0.03844118
      289     0.00000000     0.08997182
      290     0.00000000     0.15357882
      291     0.00000000     0.14107301
      292     0.00000000     0.04918180
      293     0.00000000     0.00000000
      294     0.00000000     0.00000000
      295     0.00000000     0.00000000
      296     0.00000000     0.00000000
      297     0.00000000     0.02001984
      298     0.00000000     0.01969280
      299     0.00000000     0.00000000
      300     0.00000000     0.00000000
      301     0.00000000     0.00785884
      302     0.00000000     0.00000000
      303     0.00000000     0.00000000
      304     0.00000000     0.00243775
      305     0.00000000     0.00000000
      306     0.00000000     0.00450740
      307     0.00000000     0.00000000
      308     0.00000000     0.00609721
      309     0.00000000     0.00023824
      310     0.00000000     0.00000000
      311     0.00000000     0.00033721
      312     0.00000000     0.00000000
      313     0.00000000     0.00003312
      314     0.00000000     0.00001080
      315     0.00000000     0.00016045
      316     0.00000000     0.00000000
      317     0.00000000     0.00000000
      318     0.00000000     0.00034133
      319     0.00000000     0.00001654
      320     0.00000000     0.00035088
      321     0.00000000     0.00447729
      322     0.00000000     0.02814063
      323     0.00000000     0.11829320
      324     0.00000000     0.20313154
      325     0.00000000     0.12490424
      326     0.00000000     0.00678705
      327     0.00000000     0.00000000
      328     0.00000000     0.00000000
      329     0.00000000     0.00000000
      330     0.00000000     0.00948362
      331     0.00000000     0.00064403
      332     0.00000000     0.00000000
      333     0.00000000     0.00286202
      334     0.00000000     0.00106218
      335     0.00000000     0.00000000
      336     0.00000000     0.00376219
      337     0.00000000     0.00000000
      338     0.00000000     0.00211296
      339     0.00000000     0.00000000
      340     0.00000000     0.00145057
      341     0.00000000     0.00000000
      342     0.00000000     0.00005881
      343     0.00000000     0.00000000
      344     0.00000000     0.00007592
      345     0.00000000     0.00000000
      346     0.00000000     0.00006850
      347     0.00000000     0.00000000
      348     0.00000000     0.00016189
      349     0.00000000     0.00000000
      350     0.00000000     0.00017296
      351     0.00000000     0.00019528
      352     0.00000000     0.00000000
      353     0.00000000     0.00033634
      354     0.00000000     0.00096358
      355     0.00000000     0.00148192
      356     0.00000000     0.00388789
      357     0.00000000     0.04511160
      358     0.00000000     0.39470098
      359     0.00000000     0.12410663
      360     0.00000000     0.06515475
      361     0.00000000     0.00000000
      362     0.00000000     0.00000000
      363     0.00000000     0.03622618
      364     0.00000000     0.00740081
      365     0.00000000     0.00000000
      366     0.00000000     0.00000000
      367     0.00000000     0.01661163
      368     0.00000000     0.00000000
      369     0.00000000     0.00000000
      370     0.00000000     0.00213490
      371     0.00000000     0.00000000
      372     0.00000000     0.00000000
      373     0.00000000     0.00025712
      374     0.00000000     0.00015826
      375     0.00000000     0.00000000
      376     0.00000000     0.00000000
      377     0.00000000     0.00032200
      378     0.00000000     0.00000000
      379     0.00000000     0.00025034
      380     0.00000000     0.00000000
      381     0.00000000     0.00028441
      382     0.00000000     0.00000000
      383     0.00000000     0.00011328
      384     0.00000000     0.00037197
      385     0.00000000     0.00024762
      386     0.00000000     0.00007611
      387     0.00000000     0.00000000
      388     0.00000000     0.00001312
      389     0.00000000     0.00091584
      390     0.00000000     0.16286556
      391     0.00000000     0.00000000
      392     0.00000000     0.00000000
      393     0.00000000     0.00319082
      394     0.00000000     0.00479731
      395     0.00000000     0.00551356
      396     0.00000000     0.00405165
      397     0.00000000     0.00000000
      398     0.00000000     0.00000000
      399     0.00000000     0.00000000
      400     0.00000000     0.00132570
      401     0.00000000     0.00015534
      402     0.00000000     0.00000000
      403     0.00000000     0.00024384
      404     0.00000000     0.00028475
      405     0.00000000     0.00000000
      406     0.00000000     0.00000000
      407     0.00000000     0.00000000
      408     0.00000000     0.00061731
      409     0.00000000     0.00000000
      410     0.00000000     0.00098470
      411     0.00000000     0.00000000
      412     0.00000000     0.00081591
      413     0.00000000     0.00000000
      414     0.00000000     0.00056215
      415     0.00000000     0.00000000
      416     0.00000000     0.00002406
      417     0.00000000     0.00032831
      418     0.00000000     0.00000000
      419     0.00000000     0.00047760
      420     0.00000000     0.00000000
      421     0.00000000     0.00000000
      422     0.00000000     0.00034482
      423     0.00000000     0.00000000
      424     0.00000000     0.00000000
      425     0.00000000     0.00000000
      426     0.00000000     0.00015168
      427     0.00000000     0.00003346
      428     0.00000000     0.00000000
      429     0.00000000     0.00021774
      430     0.00000000     0.00000231
      431     0.00000000     0.00007347
      432     0.00000000     0.00000000
      433     0.00000000     0.00056478
      434     0.00000000     0.00000000
      435     0.00000000     0.00036427
      436     0.00000000     0.00000000
      437     0.00000000     0.00005368
      438     0.00000000     0.00000000
      439     0.00000000     0.00001196
      440     0.00000000     0.00000000
      441     0.00000000     0.00013322
      442     0.00000000     0.00000000
      443     0.00000000     0.00031311
      444     0.00000000     0.00000000
      445     0.00000000     0.00083050
      446     0.00000000     0.00000000
      447     0.00000000     0.00174089
      448     0.00000000     0.00000000
      449     0.00000000     0.00003829
      450     0.00000000     0.00043633
      451     0.00000000     0.00000000
      452     0.00000000     0.00000000
      453     0.00000000     0.00069619
      454     0.00000000     0.00000000
      455     0.00000000     0.00049353
      456     0.00000000     0.00123412
      457     0.00000000     0.00000000
      458     0.00000000     0.00000000
      459     0.00000000     0.00000000
      460     0.00000000     0.00017015
      461     0.00000000     0.00000000
      462     0.00000000     0.00244075
      463     0.00000000     0.05661873
      464     0.00000000     0.58056527
      465     0.00000000     0.00000000
      466     0.00000000     0.00000000
      467     0.00000000     0.00000000
      468     0.00677677     0.00000000
      469     0.01057109     0.00000000
      470     0.00073567     0.00000000
      471     0.00000000     0.00000000
      472     0.00000000     0.00000000
      473     0.00000000     0.00000000
      474     0.00000000     0.00000000
      475     0.00000000     0.00000000
      476     0.00000000     0.00000000
      477     0.00306692     0.00000000
      478     0.01812542     0.00000000
      479     0.02607991     0.00000000
      480     0.01662022     0.00000000
      481     0.00278899     0.00000000
      482     0.00104884     0.00000000
      483     0.00991820     0.00000000
      484     0.01629732     0.00000000
      485     0.01111467     0.00000000
      486     0.00000000     0.00000000
      487     0.00000000     0.00000000
      488     0.00000000     0.00000000
      489     0.00000000     0.00000000
      490     0.00289624     0.00000000
      491     0.00000000     0.04486571
      492     0.00000000     0.22769912
      493     0.00000000     0.29867958
      494     0.00000000     0.00000000
      495     0.00000000     0.00000000
      496     0.00732920     0.00000000
      497     0.00889011     0.00000000
      498     0.00179671     0.00000000
      499     0.00000000     0.00000000
      500     0.00000000     0.00000000
      501     0.00390191     0.00000000
      502     0.00430813     0.00000000
      503     0.00000000     0.00000000
      504     0.00000000     0.00000000
      505     0.00359472     0.00000000
      506     0.00055000     0.00000000
      507     0.00000000     0.00000000
      508     0.00012391     0.00000000
      509     0.00000000     0.00000000
      510     0.00083938     0.00000000
      511     0.00176718     0.00000000
      512     0.00000000     0.00000000
      513     0.00000000     0.00000000
      514     0.03041585     0.00000000
      515     1.00000000     0.00000000
      516     0.00000000     0.00334772
      517     0.00000000     0.01900657
      518     0.00000000     0.01979112
      519     0.00000000     0.00354602
      520     0.00000000     0.00000000
      521     0.00000000     0.00000000
      522     0.00000000     0.00000000
      523     0.00000000     0.00554736
      524     0.00000000     0.00755712
      525     0.00000000     0.00000000
      526     0.00000000     0.00000000
      527     0.00000000     0.00000000
      528     0.00000000     0.00063109
      529     0.00000000     0.00000000
      530     0.00000000     0.00064924
      531     0.00000000     0.00000000
      532     0.00000000     0.00000000
      533     0.00000000     0.00000032
      534     0.00000000     0.00000658
      535     0.00000000     0.00001086
      536     0.00000000     0.00000000
      537     0.00000000     0.00000000
      538     0.00000000     0.00000292
      539     0.00000000     0.00000000
      540     0.00000000     0.00000000
      541     0.00000000     0.00000105
      542     0.00000000     0.00001164
      543     0.00000000     0.00000465
      544     0.00000000     0.00000000
      545     0.00000000     0.00001834
      546     0.00000000     0.00003713
      547     0.00000000     0.00000295
      548     0.00000000     0.00000000
      549     0.00000000     0.00004033
      550     0.00000000     0.00011058
      551     0.00000000     0.00012966
      552     0.00000000     0.00014538
      553     0.00000000     0.00029871
      554     0.00000000     0.00069883
      555     0.00000000     0.00132550
      556     0.00000000     0.00195098
      557     0.00000000     0.00194671
      558     0.00000000     0.00031000
      559     0.00000000     0.00000000
      560     0.00000000     0.00000000
      561     0.00000000     0.00000000
      562     0.00000000     0.00000000
      563     0.00000000     0.00288858
      564     0.00000000     0.00008681
      565     0.00000000     0.00201229
      566     0.00000000     0.00000000
      567     0.00000000     0.00018759
      568     0.00000000     0.00024313
      569     0.00000000     0.00000000
      570     0.00000000     0.00000000
      571     0.00000000     0.00000000
      572     0.00000000     0.00064584
      573     0.00000000     0.00061136
      574     0.00000000     0.00000000
      575     0.00000000     0.00000000
      576     0.00000000     0.00049581
      577     0.00000000     0.00097245
      578     0.00000000     0.00000000
      579     0.00000000     0.00258315
      580     0.00000000     0.00094578
      581     0.00000000     0.00000000
      582     0.00000000     0.00105875
      583     0.00000000     0.00000000
      584     0.00000000     0.00000000
      585     0.00000000     0.00082932
      586     0.00000000     0.00000000
      587     0.00000000     0.00000000
      588     0.00000000     0.00002930
      589     0.00000000     0.00000279
      590     0.00000000     0.00000000
      591     0.00000000     0.00000000
      592     0.00000000     0.00030959
      593     0.00000000     0.00027429
      594     0.00000000     0.00000000
      595     0.00000000     0.00000000
      596     0.00000000     0.00000000
      597     0.00000000     0.00014936
      598     0.00000000     0.00006180
      599     0.00000000     0.00000000
      600     0.00000000     0.00004457
