#     Density Matrix: coherence Re-Im; see the manual for detail orders
        0     0.00000000     0.00000000     0.00000000     0.00000000     0.00000000     0.00000000
        1     0.00000015    -0.00000013     0.00004022    -0.00007069     0.00233838    -0.00080147
        2    -0.00000050    -0.00000028    -0.00009127     0.00002819     0.00412596    -0.00433236
        3    -0.00000081     0.00000023     0.00001438     0.00012147     0.00108127    -0.00682426
        4    -0.00000104    -0.00000112    -0.00006072     0.00024249    -0.00331490    -0.00513039
        5    -0.00000013    -0.00000152    -0.00000277     0.00030410    -0.00500705    -0.00046149
        6     0.00000154    -0.00000114    -0.00003642     0.00040442    -0.00314723     0.00351958
        7     0.00000205    -0.00000004    -0.00001143     0.00045005    -0.00019342     0.00455082
        8     0.00000175     0.00000061    -0.00002436     0.00051588     0.00101279     0.00344171
        9     0.00000142    -0.00000015    -0.00001635     0.00054906    -0.00035805     0.00258246
       10     0.00000222    -0.00000183    -0.00002260     0.00058453    -0.00327636     0.00366818
       11     0.00000433    -0.00000379    -0.00002245     0.00060423    -0.00653266     0.00692292
       12     0.00000768    -0.00000594    -0.00002780     0.00062032    -0.01010399     0.01192278
       13     0.00001243    -0.00000936    -0.00003141     0.00063051    -0.01578215     0.01890881
       14     0.00002034    -0.00001725    -0.00003610     0.00063789    -0.02871008     0.03020074
       15     0.00003743    -0.00004156    -0.00003705     0.00063985    -0.06759531     0.05414522
       16     0.00009295    -0.00017419    -0.00000680     0.00059766    -0.26433340     0.13721467
       17     0.00020660     0.00016410    -0.00003710     0.00027526     0.25556252     0.42898596
       18     0.00025689     0.00045879    -0.00005692     0.00044544     0.39683059     0.29394373
       19     0.00010492     0.00024833     0.00010229     0.00037133     0.46576103     0.06133983
       20    -0.00013692     0.00017939    -0.00011913     0.00037827     0.40425351    -0.14611728
       21    -0.00020195     0.00016399    -0.00004209     0.00052994     0.27235969    -0.28582540
       22    -0.00019722     0.00004778    -0.00003749     0.00046174     0.11515512    -0.34900661
       23    -0.00020423    -0.00005473    -0.00008506     0.00051596    -0.03414838    -0.34583854
       24    -0.00017181    -0.00011294    -0.00005121     0.00053564    -0.15581135    -0.29478354
       25    -0.00011346    -0.00016443    -0.00006724     0.00053939    -0.24171382    -0.21544461
       26    -0.00005912    -0.00019909    -0.00006639     0.00057625    -0.29188755    -0.12456404
       27    -0.00000982    -0.00020299    -0.00003563     0.00057635    -0.31125514    -0.03439538
       28     0.00004179    -0.00018861    -0.00003617     0.00055375    -0.30687954     0.04727145
       29     0.00008619    -0.00017522    -0.00003984     0.00056315    -0.28613688     0.11645056
       30     0.00011557    -0.00015716    -0.00002364     0.00056538    -0.25563516     0.17201289
       31     0.00013910    -0.00013280    -0.00002075     0.00055799    -0.22073672     0.21464318
       32     0.00015943    -0.00011109    -0.00002101     0.00056329    -0.18544493     0.24606020
       33     0.00017259    -0.00009286    -0.00001340     0.00056686    -0.15267809     0.26837055
       34     0.00018157    -0.00007537    -0.00001155     0.00056612    -0.12460393     0.28368537
       35     0.00018993    -0.00006184    -0.00001228     0.00057142    -0.10275651     0.29399646
       36     0.00019606    -0.00005446    -0.00000847     0.00057673    -0.08839910     0.30102518
       37     0.00020025    -0.00005224    -0.00000597     0.00057827    -0.08324660     0.30612081
       38     0.00020501    -0.00005781    -0.00000466     0.00058112    -0.09018769     0.31028244
       39     0.00020981    -0.00007777     0.00000242     0.00058284    -0.11498581     0.31421391
       40     0.00021217    -0.00012342     0.00002034     0.00057468    -0.17039559     0.31833039
       41     0.00020460    -0.00022143     0.00006413     0.00053905    -0.27553900     0.32286100
       42     0.00017443    -0.00036483     0.00012465     0.00043889    -0.37229316     0.32831872
       43     0.00015715    -0.00046109     0.00015419     0.00031149    -0.33341121     0.33522858
       44     0.00015345    -0.00050498     0.00017587     0.00022895    -0.24489395     0.34247378
       45     0.00012719    -0.00050031     0.00018742     0.00016483    -0.17832150     0.34896266
       46     0.00011462    -0.00045597     0.00017735     0.00011779    -0.12531143     0.35426241
       47     0.00011806    -0.00042376     0.00017016     0.00008670    -0.07239961     0.35803493
       48     0.00009312    -0.00040449     0.00017178     0.00004032    -0.00153515     0.36003448
       49     0.00003668    -0.00036231     0.00016447    -0.00004112     0.12971137     0.35994873
       50    -0.00004670    -0.00027180     0.00012543    -0.00015411     0.31184741     0.35735588
       51    -0.00007755    -0.00014728     0.00006037    -0.00018851     0.34509289     0.35149627
       52    -0.00006016    -0.00010337     0.00005914    -0.00017550     0.30006902     0.34302361
       53    -0.00006904    -0.00009542     0.00005126    -0.00019855     0.27550006     0.33258977
       54    -0.00007648    -0.00006723     0.00000471    -0.00018927     0.26752650     0.32006996
       55    -0.00005680    -0.00004783    -0.00000316    -0.00014429     0.26878840     0.30536847
       56    -0.00004499    -0.00005253     0.00001393    -0.00013837     0.27534345     0.28838079
       57    -0.00005087    -0.00004703    -0.00000971    -0.00014300     0.28485804     0.26905074
       58    -0.00004325    -0.00002807    -0.00003218    -0.00010458     0.29573578     0.24739655
       59    -0.00002535    -0.00002447    -0.00001323    -0.00007547     0.30680608     0.22347276
       60    -0.00002357    -0.00002829    -0.00001122    -0.00008129     0.31700631     0.19761719
       61    -0.00002633    -0.00001674    -0.00003556    -0.00006178     0.32548000     0.17028963
       62    -0.00001470    -0.00000473    -0.00002734    -0.00002376     0.33164636     0.14187049
       63    -0.00000570    -0.00000730    -0.00000742    -0.00002110     0.33502918     0.11287929
       64    -0.00000996    -0.00000636    -0.00002024    -0.00002140     0.33527723     0.08395643
       65    -0.00000880     0.00000437    -0.00002426     0.00000738     0.33220118     0.05570454
       66     0.00000038     0.00000676    -0.00000057     0.00001818     0.32573171     0.02865568
       67     0.00000112     0.00000185     0.00000309     0.00000522     0.31586731     0.00330859
       68    -0.00000238     0.00000416    -0.00000621     0.00001275     0.30263235    -0.01995165
       69     0.00000201     0.00000754     0.00000960     0.00002257     0.28604537    -0.04074978
       70     0.00000675     0.00000292     0.00002435     0.00000472     0.26605895    -0.05884355
       71     0.00000540    -0.00000124     0.00001764    -0.00001016     0.24249940    -0.07421547
       72     0.00000605    -0.00000068     0.00002178    -0.00001178     0.21506785    -0.08692957
       73     0.00001048    -0.00000230     0.00003769    -0.00003188     0.18348784    -0.09700370
       74     0.00001244    -0.00000578     0.00003639    -0.00006360     0.14764915    -0.10454030
       75     0.00001270    -0.00000567     0.00003081    -0.00008256     0.10794373    -0.10978309
       76     0.00001485    -0.00000259     0.00003940    -0.00010618     0.06584796    -0.11297707
       77     0.00001802     0.00000119     0.00004140    -0.00014649     0.02431243    -0.11444232
       78     0.00002061     0.00000577     0.00003047    -0.00018076    -0.01219826    -0.11453830
       79     0.00002282     0.00001134     0.00002818    -0.00020739    -0.03844959    -0.11365816
       80     0.00002640     0.00001571     0.00002942    -0.00024467    -0.04970758    -0.11223994
       81     0.00003081     0.00001428     0.00001806    -0.00028117    -0.04295461    -0.11077485
       82     0.00003353     0.00000646     0.00000842    -0.00030303    -0.01800059    -0.10975294
       83     0.00003637    -0.00000619     0.00000941    -0.00032547     0.02195378    -0.10968331
       84     0.00004003    -0.00002477     0.00000435    -0.00035135     0.07062504    -0.11105273
       85     0.00004211    -0.00004576    -0.00000549    -0.00036375     0.12050522    -0.11429601
       86     0.00004515    -0.00006448    -0.00000576    -0.00036848     0.16549032    -0.11975719
       87     0.00005001    -0.00008201    -0.00000587    -0.00037711     0.20223148    -0.12767513
       88     0.00005350    -0.00009642    -0.00001301    -0.00037892     0.22987928    -0.13808133
       89     0.00005759    -0.00010464    -0.00001555    -0.00037166     0.24892200    -0.15089571
       90     0.00006407    -0.00010941    -0.00001395    -0.00036668     0.26024795    -0.16600421
       91     0.00006991    -0.00011192    -0.00001692    -0.00036140     0.26474247    -0.18313178
       92     0.00007488    -0.00010980    -0.00001953    -0.00034979     0.26314420    -0.20183588
       93     0.00008108    -0.00010409    -0.00001745    -0.00033779     0.25601634    -0.22156166
       94     0.00008720    -0.00009707    -0.00001617    -0.00032784     0.24376460    -0.24170519
       95     0.00009158    -0.00008783    -0.00001594    -0.00031512     0.22669626    -0.26162445
       96     0.00009530    -0.00007586    -0.00001231    -0.00030090     0.20518874    -0.28058570
       97     0.00009865    -0.00006289    -0.00000718    -0.00028889     0.17962891    -0.29786747
       98     0.00010026    -0.00004952    -0.00000295    -0.00027699     0.15039583    -0.31283172
       99     0.00010005    -0.00003516     0.00000285    -0.00026423     0.11810763    -0.32483880
      100     0.00009885    -0.00002043     0.00001042    -0.00025331     0.08331847    -0.33340276
      101     0.00009639    -0.00000638     0.00001737    -0.00024422     0.04663805    -0.33819141
      102     0.00009226     0.00000700     0.00002409    -0.00023545     0.00888827    -0.33900382
      103     0.00008703     0.00001983     0.00003148    -0.00022797    -0.02924859    -0.33586063
      104     0.00008117     0.00003161     0.00003817    -0.00022259    -0.06720733    -0.32895421
      105     0.00007457     0.00004209     0.00004347    -0.00021812    -0.10456901    -0.31859555
      106     0.00006739     0.00005164     0.00004825    -0.00021433    -0.14091706    -0.30527525
      107     0.00006017     0.00006041     0.00005217    -0.00021198    -0.17598608    -0.28958765
      108     0.00005313     0.00006830     0.00005441    -0.00021045    -0.20979782    -0.27215739
      109     0.00004621     0.00007558     0.00005535    -0.00020891    -0.24253135    -0.25362571
      110     0.00003959     0.00008260     0.00005517    -0.00020731    -0.27456618    -0.23459272
      111     0.00003348     0.00008950     0.00005353    -0.00020510    -0.30639737    -0.21564000
      112     0.00002792     0.00009633     0.00005040    -0.00020123    -0.33859943    -0.19726687
      113     0.00002294     0.00010320     0.00004604    -0.00019484    -0.37166395    -0.17989107
      114     0.00001886     0.00011006     0.00004031    -0.00018510    -0.40558762    -0.16392554
      115     0.00001612     0.00011627     0.00003290    -0.00017058    -0.43910852    -0.14956269
      116     0.00001522     0.00012035     0.00002397    -0.00014984    -0.46813320    -0.13685347
      117     0.00001699     0.00011976     0.00001402    -0.00012248    -0.48375568    -0.12605654
      118     0.00002278     0.00011014     0.00000350    -0.00008991    -0.47349275    -0.11728760
      119     0.00003384     0.00008546    -0.00000702    -0.00005556    -0.43037419    -0.11051153
      120     0.00004901     0.00004108    -0.00001628    -0.00002432    -0.36329468    -0.10586515
