#    Step     Kinetic(H)     Potential(H)   Total(H)       E(0)(H)        E(1)(H)        
        0     0.00852054    -6.14678853    -6.13826799    -6.41276234    -6.14678853
        1     0.00795311    -6.14623244    -6.13827933    -6.41324383    -6.14623244
        2     0.00750560    -6.14581690    -6.13831130    -6.41361064    -6.14581690
        3     0.00719436    -6.14555350    -6.13835914    -6.41385554    -6.14555350
        4     0.00702728    -6.14544814    -6.13842086    -6.41397301    -6.14544814
        5     0.00700258    -6.14549943    -6.13849685    -6.41395790    -6.14549943
        6     0.00711081    -6.14570012    -6.13858931    -6.41380676    -6.14570012
        7     0.00733968    -6.14604240    -6.13870272    -6.41352266    -6.14604240
        8     0.00767980    -6.14652368    -6.13884388    -6.41311993    -6.14652368
        9     0.00812939    -6.14715248    -6.13902309    -6.41262902    -6.14715248
       10     0.00869519    -6.14795037    -6.13925518    -6.41209731    -6.14795037
       11     0.00938803    -6.14894936    -6.13956133    -6.41158545    -6.14894936
       12     0.01021211    -6.15018312    -6.13997101    -6.41115736    -6.15018312
       13     0.01115073    -6.15167270    -6.14052197    -6.41086589    -6.15167270
       14     0.01215366    -6.15341229    -6.14125863    -6.41073767    -6.15341229
       15     0.01313342    -6.15535841    -6.14222499    -6.41076195    -6.15535841
       16     0.01397661    -6.15742786    -6.14345125    -6.41088773    -6.15742786
       17     0.01457076    -6.15950649    -6.14493573    -6.41103151    -6.15950649
       18     0.01483807    -6.16146799    -6.14662992    -6.41109451    -6.16146799
       19     0.01475895    -6.16319612    -6.14843717    -6.41098306    -6.16319612
       20     0.01437096    -6.16460319    -6.15023223    -6.41062558    -6.16460319
       21     0.01374448    -6.16563997    -6.15189549    -6.40998194    -6.16563997
       22     0.01295141    -6.16629598    -6.15334457    -6.40904450    -6.16629598
       23     0.01204555    -6.16659255    -6.15454700    -6.40783311    -6.16659255
       24     0.01106200    -6.16657424    -6.15551224    -6.40638876    -6.16657424
       25     0.01002786    -6.16630081    -6.15627295    -6.40476750    -6.16630081
       26     0.00897258    -6.16584045    -6.15686787    -6.40303463    -6.16584045
       27     0.00793177    -6.16526395    -6.15733218    -6.40125907    -6.16526395
       28     0.00694436    -6.16463895    -6.15769459    -6.39950746    -6.16463895
       29     0.00604689    -6.16402465    -6.15797776    -6.39783843    -6.16402465
       30     0.00526848    -6.16346808    -6.15819960    -6.39629861    -6.16346808
       31     0.00518620    -6.15257506    -6.14738886    -6.38849474    -6.15257506
       32     0.00605063    -6.15366403    -6.14761340    -6.38737066    -6.15366403
       33     0.00736483    -6.15524400    -6.14787917    -6.38629594    -6.15524400
       34     0.00903603    -6.15726139    -6.14822536    -6.38526917    -6.15726139
       35     0.01094826    -6.15964889    -6.14870063    -6.38426326    -6.15964889
       36     0.01295230    -6.16232011    -6.14936781    -6.38323729    -6.16232011
       37     0.01487446    -6.16517284    -6.15029838    -6.38214215    -6.16517284
       38     0.01653746    -6.16809548    -6.15155802    -6.38092662    -6.16809548
       39     0.01779019    -6.17097583    -6.15318564    -6.37954342    -6.17097583
       40     0.01853863    -6.17371072    -6.15517209    -6.37795538    -6.17371072
       41     0.01876594    -6.17621642    -6.15745048    -6.37614074    -6.17621642
       42     0.01853106    -6.17843701    -6.15990595    -6.37409669    -6.17843701
       43     0.01794421    -6.18034792    -6.16240371    -6.37183918    -6.18034792
       44     0.01713203    -6.18195488    -6.16482285    -6.36940048    -6.18195488
       45     0.01620914    -6.18328937    -6.16708023    -6.36682588    -6.18328937
       46     0.01526456    -6.18440154    -6.16913698    -6.36416940    -6.18440154
       47     0.01436187    -6.18535193    -6.17099006    -6.36148943    -6.18535193
       48     0.01354513    -6.18620461    -6.17265948    -6.35884482    -6.18620461
       49     0.01284450    -6.18702055    -6.17417605    -6.35629036    -6.18702055
       50     0.01227832    -6.18785166    -6.17557334    -6.35387179    -6.18785166
       51     0.01185261    -6.18873613    -6.17688352    -6.35162157    -6.18873613
       52     0.01156087    -6.18969576    -6.17813489    -6.34955630    -6.18969576
       53     0.01138452    -6.19073540    -6.17935088    -6.34767599    -6.19073540
       54     0.01129514    -6.19184452    -6.18054938    -6.34596553    -6.19184452
       55     0.01125823    -6.19300079    -6.18174256    -6.34439811    -6.19300079
       56     0.01123813    -6.19417501    -6.18293688    -6.34294012    -6.19417501
       57     0.01120295    -6.19533648    -6.18413353    -6.34155620    -6.19533648
       58     0.01112845    -6.19645753    -6.18532908    -6.34021401    -6.19645753
       59     0.01100036    -6.19751715    -6.18651679    -6.33888746    -6.19751715
       60     0.01081487    -6.19850282    -6.18768795    -6.33755878    -6.19850282
       61     0.01057758    -6.19941113    -6.18883355    -6.33621887    -6.19941113
       62     0.01030130    -6.20024695    -6.18994565    -6.33486668    -6.20024695
       63     0.01000335    -6.20102178    -6.19101843    -6.33350760    -6.20102178
       64     0.00970288    -6.20175169    -6.19204881    -6.33215136    -6.20175169
       65     0.00941851    -6.20245515    -6.19303664    -6.33081003    -6.20245515
       66     0.00916676    -6.20315114    -6.19398438    -6.32949626    -6.20315114
       67     0.00896100    -6.20385777    -6.19489677    -6.32822189    -6.20385777
       68     0.00881094    -6.20459115    -6.19578021    -6.32699694    -6.20459115
       69     0.00872246    -6.20536468    -6.19664222    -6.32582902    -6.20536468
       70     0.00869780    -6.20618877    -6.19749097    -6.32472302    -6.20618877
       71     0.00873588    -6.20707076    -6.19833488    -6.32368113    -6.20707076
       72     0.00883277    -6.20801507    -6.19918230    -6.32270299    -6.20801507
       73     0.00898224    -6.20902356    -6.20004132    -6.32178607    -6.20902356
       74     0.00917643    -6.21009593    -6.20091950    -6.32092605    -6.21009593
       75     0.00940633    -6.21123019    -6.20182386    -6.32011739    -6.21123019
       76     0.00966241    -6.21242323    -6.20276082    -6.31935375    -6.21242323
       77     0.00993547    -6.21367132    -6.20373585    -6.31862859    -6.21367132
       78     0.01021713    -6.21497064    -6.20475351    -6.31793561    -6.21497064
       79     0.01050030    -6.21631768    -6.20581738    -6.31726913    -6.21631768
       80     0.01077954    -6.21770964    -6.20693010    -6.31662446    -6.21770964
       81     0.01105121    -6.21914454    -6.20809333    -6.31599794    -6.21914454
       82     0.01131336    -6.22062135    -6.20930799    -6.31538703    -6.22062135
       83     0.01156558    -6.22213985    -6.21057427    -6.31479015    -6.22213985
       84     0.01180856    -6.22370047    -6.21189191    -6.31420641    -6.22370047
       85     0.01204365    -6.22530397    -6.21326032    -6.31363531    -6.22530397
       86     0.01227243    -6.22695117    -6.21467874    -6.31307643    -6.22695117
       87     0.01249632    -6.22864270    -6.21614638    -6.31252913    -6.22864270
       88     0.01271629    -6.23037880    -6.21766251    -6.31199235    -6.23037880
       89     0.01293275    -6.23215921    -6.21922646    -6.31146454    -6.23215921
       90     0.01314566    -6.23398323    -6.22083757    -6.31094368    -6.23398323
       91     0.01335455    -6.23584981    -6.22249526    -6.31042738    -6.23584981
       92     0.01355870    -6.23775764    -6.22419894    -6.30991311    -6.23775764
       93     0.01375731    -6.23970539    -6.22594808    -6.30939822    -6.23970539
       94     0.01394969    -6.24169183    -6.22774214    -6.30888020    -6.24169183
       95     0.01413535    -6.24371590    -6.22958055    -6.30835672    -6.24371590
       96     0.01431398    -6.24577665    -6.23146267    -6.30782584    -6.24577665
       97     0.01448553    -6.24787339    -6.23338786    -6.30728577    -6.24787339
       98     0.01465002    -6.25000565    -6.23535563    -6.30673484    -6.25000565
       99     0.01480756    -6.25217280    -6.23736524    -6.30617158    -6.25217280
      100     0.01495822    -6.25437432    -6.23941610    -6.30559446    -6.25437432
      101     0.01510200    -6.25660949    -6.24150749    -6.30500199    -6.25660949
      102     0.01523881    -6.25887743    -6.24363862    -6.30439258    -6.25887743
      103     0.01536845    -6.26117709    -6.24580864    -6.30376458    -6.26117709
      104     0.01549064    -6.26350722    -6.24801658    -6.30311628    -6.26350722
      105     0.01560494    -6.26586627    -6.25026133    -6.30244590    -6.26586627
      106     0.01571082    -6.26825243    -6.25254161    -6.30175171    -6.26825243
      107     0.01580767    -6.27066364    -6.25485597    -6.30103212    -6.27066364
      108     0.01589475    -6.27309749    -6.25720274    -6.30028596    -6.27309749
      109     0.01597102    -6.27555102    -6.25958000    -6.29951268    -6.27555102
      110     0.01603486    -6.27802035    -6.26198549    -6.29871283    -6.27802035
      111     0.01608320    -6.28049958    -6.26441638    -6.29788908    -6.28049958
      112     0.01610948    -6.28297872    -6.26686924    -6.29704844    -6.28297872
      113     0.01609884    -6.28543734    -6.26933850    -6.29620893    -6.28543734
      114     0.01600803    -6.28782351    -6.27181548    -6.29542104    -6.28782351
      115     0.01567500    -6.28996239    -6.27428739    -6.29486012    -6.28996239
      116     0.01795312    -6.29513021    -6.27717709    -6.29513021    -6.29125377
      117     0.01688710    -6.29684927    -6.27996217    -6.29684927    -6.29105648
      118     0.01655705    -6.29919925    -6.28264220    -6.29919925    -6.29014516
      119     0.01642428    -6.30171386    -6.28528958    -6.30171386    -6.28899623
      120     0.01635974    -6.30428755    -6.28792781    -6.30428755    -6.28771872
      121     0.01632528    -6.30688908    -6.29056380    -6.30688908    -6.28634419
      122     0.01630414    -6.30950556    -6.29320142    -6.30950556    -6.28488407
      123     0.01628729    -6.31212997    -6.29584268    -6.31212997    -6.28334295
      124     0.01626902    -6.31475737    -6.29848835    -6.31475737    -6.28172277
      125     0.01624550    -6.31738383    -6.30113833    -6.31738383    -6.28002422
      126     0.01621418    -6.32000578    -6.30379160    -6.32000578    -6.27824751
      127     0.01617337    -6.32261981    -6.30644644    -6.32261981    -6.27639265
      128     0.01612210    -6.32522263    -6.30910053    -6.32522263    -6.27445969
      129     0.01605992    -6.32781125    -6.31175133    -6.32781125    -6.27244880
      130     0.01598679    -6.33038272    -6.31439593    -6.33038272    -6.27036054
      131     0.01590295    -6.33293437    -6.31703142    -6.33293437    -6.26819574
      132     0.01580881    -6.33546370    -6.31965489    -6.33546370    -6.26595553
      133     0.01570481    -6.33796824    -6.32226343    -6.33796824    -6.26364141
      134     0.01559150    -6.34044575    -6.32485425    -6.34044575    -6.26125517
      135     0.01546946    -6.34289418    -6.32742472    -6.34289418    -6.25879902
      136     0.01533931    -6.34531163    -6.32997232    -6.34531163    -6.25627549
      137     0.01520153    -6.34769637    -6.33249484    -6.34769637    -6.25368751
      138     0.01505660    -6.35004674    -6.33499014    -6.35004674    -6.25103829
      139     0.01490506    -6.35236112    -6.33745606    -6.35236112    -6.24833130
      140     0.01474737    -6.35463806    -6.33989069    -6.35463806    -6.24557034
      141     0.01458399    -6.35687617    -6.34229218    -6.35687617    -6.24275951
      142     0.01441536    -6.35907422    -6.34465886    -6.35907422    -6.23990318
      143     0.01424188    -6.36123111    -6.34698923    -6.36123111    -6.23700600
      144     0.01406392    -6.36334588    -6.34928196    -6.36334588    -6.23407285
      145     0.01388171    -6.36541763    -6.35153592    -6.36541763    -6.23110886
      146     0.01369569    -6.36744566    -6.35374997    -6.36744566    -6.22811934
      147     0.01350655    -6.36942946    -6.35592291    -6.36942946    -6.22510983
      148     0.01331492    -6.37136888    -6.35805396    -6.37136888    -6.22208595
      149     0.01312160    -6.37326406    -6.36014246    -6.37326406    -6.21905347
      150     0.01292758    -6.37511552    -6.36218794    -6.37511552    -6.21601828
      151     0.01273448    -6.37692443    -6.36418995    -6.37692443    -6.21298605
      152     0.01254401    -6.37869272    -6.36614871    -6.37869272    -6.20996228
      153     0.01235814    -6.38042339    -6.36806525    -6.38042339    -6.20695196
      154     0.01218022    -6.38212100    -6.36994078    -6.38212100    -6.20395931
      155     0.01201520    -6.38379270    -6.37177750    -6.38379270    -6.20098694
      156     0.01187075    -6.38544952    -6.37357877    -6.38544952    -6.19803489
      157     0.01175894    -6.38710900    -6.37535006    -6.38710900    -6.19509856
      158     0.01169894    -6.38879900    -6.37710006    -6.38879900    -6.19216569
      159     0.01171916    -6.39056215    -6.37884299    -6.39056215    -6.18921321
      160     0.01185109    -6.39245296    -6.38060187    -6.39245296    -6.18621116
      161     0.01209621    -6.39450210    -6.38240589    -6.39450210    -6.18315661
      162     0.01238099    -6.39664924    -6.38426825    -6.39664924    -6.18013204
      163     0.01258471    -6.39875378    -6.38616907    -6.39875378    -6.17728194
      164     0.01262966    -6.40071235    -6.38808269    -6.40071235    -6.17469438
      165     0.01251048    -6.40249520    -6.38998472    -6.40249520    -6.17237597
      166     0.01225898    -6.40411018    -6.39185120    -6.40411018    -6.17029738
      167     0.01191381    -6.40557554    -6.39366173    -6.40557554    -6.16842380
      168     0.01150875    -6.40690949    -6.39540074    -6.40690949    -6.16672537
      169     0.01107000    -6.40812781    -6.39705781    -6.40812781    -6.16517854
      170     0.01061679    -6.40924356    -6.39862677    -6.40924356    -6.16376529
      171     0.01016232    -6.41026748    -6.40010516    -6.41026748    -6.16247174
      172     0.00971520    -6.41120843    -6.40149323    -6.41120843    -6.16128714
      173     0.00928092    -6.41207378    -6.40279286    -6.41207378    -6.16020287
      174     0.00886259    -6.41286966    -6.40400707    -6.41286966    -6.15921195
      175     0.00846148    -6.41360127    -6.40513979    -6.41360127    -6.15830848
      176     0.00807800    -6.41427301    -6.40619501    -6.41427301    -6.15748742
      177     0.00771204    -6.41488869    -6.40717665    -6.41488869    -6.15674427
      178     0.00736282    -6.41545167    -6.40808885    -6.41545167    -6.15607497
      179     0.00702938    -6.41596493    -6.40893555    -6.41596493    -6.15547580
      180     0.00671067    -6.41643122    -6.40972055    -6.41643122    -6.15494330
      181     0.00640566    -6.41685307    -6.41044741    -6.41685307    -6.15447425
      182     0.00611341    -6.41723290    -6.41111949    -6.41723290    -6.15406558
      183     0.00583308    -6.41757305    -6.41173997    -6.41757305    -6.15371438
      184     0.00556390    -6.41787576    -6.41231186    -6.41787576    -6.15341789
      185     0.00530531    -6.41814327    -6.41283796    -6.41814327    -6.15317338
      186     0.00505691    -6.41837773    -6.41332082    -6.41837773    -6.15297825
      187     0.00481824    -6.41858126    -6.41376302    -6.41858126    -6.15282992
      188     0.00458895    -6.41875593    -6.41416698    -6.41875593    -6.15272582
      189     0.00436872    -6.41890371    -6.41453499    -6.41890371    -6.15266341
      190     0.00415726    -6.41902652    -6.41486926    -6.41902652    -6.15264012
      191     0.00395430    -6.41912615    -6.41517185    -6.41912615    -6.15265333
      192     0.00375956    -6.41920431    -6.41544475    -6.41920431    -6.15270041
      193     0.00357276    -6.41926258    -6.41568982    -6.41926258    -6.15277867
      194     0.00339363    -6.41930245    -6.41590882    -6.41930245    -6.15288539
      195     0.00322185    -6.41932528    -6.41610343    -6.41932528    -6.15301783
      196     0.00305714    -6.41933238    -6.41627524    -6.41933238    -6.15317324
      197     0.00289919    -6.41932492    -6.41642573    -6.41932492    -6.15334887
      198     0.00274772    -6.41930402    -6.41655630    -6.41930402    -6.15354206
      199     0.00260245    -6.41927074    -6.41666829    -6.41927074    -6.15375014
      200     0.00246314    -6.41922612    -6.41676298    -6.41922612    -6.15397059
      201     0.00232957    -6.41917113    -6.41684156    -6.41917113    -6.15420096
      202     0.00220155    -6.41910675    -6.41690520    -6.41910675    -6.15443894
      203     0.00207895    -6.41903393    -6.41695498    -6.41903393    -6.15468237
      204     0.00196167    -6.41895363    -6.41699196    -6.41895363    -6.15492925
      205     0.00184965    -6.41886679    -6.41701714    -6.41886679    -6.15517773
      206     0.00174285    -6.41877436    -6.41703151    -6.41877436    -6.15542610
      207     0.00164128    -6.41867726    -6.41703598    -6.41867726    -6.15567287
      208     0.00154496    -6.41857642    -6.41703146    -6.41857642    -6.15591664
      209     0.00145393    -6.41847273    -6.41701880    -6.41847273    -6.15615617
      210     0.00136825    -6.41836703    -6.41699878    -6.41836703    -6.15639037
      211     0.00128797    -6.41826015    -6.41697218    -6.41826015    -6.15661822
      212     0.00121308    -6.41815286    -6.41693978    -6.41815286    -6.15683882
      213     0.00114362    -6.41804586    -6.41690224    -6.41804586    -6.15705134
      214     0.00107967    -6.41793980    -6.41686013    -6.41793980    -6.15725499
      215     0.00102124    -6.41783526    -6.41681402    -6.41783526    -6.15744904
      216     0.00096835    -6.41773275    -6.41676440    -6.41773275    -6.15763275
      217     0.00092100    -6.41763270    -6.41671170    -6.41763270    -6.15780542
      218     0.00087921    -6.41753549    -6.41665628    -6.41753549    -6.15796633
      219     0.00084298    -6.41744144    -6.41659846    -6.41744144    -6.15811475
      220     0.00081237    -6.41735081    -6.41653844    -6.41735081    -6.15824993
      221     0.00078745    -6.41726380    -6.41647635    -6.41726380    -6.15837110
      222     0.00076834    -6.41718062    -6.41641228    -6.41718062    -6.15847750
      223     0.00075525    -6.41710141    -6.41634616    -6.41710141    -6.15856833
      224     0.00074847    -6.41702635    -6.41627788    -6.41702635    -6.15864285
      225     0.00074843    -6.41695559    -6.41620716    -6.41695559    -6.15870030
      226     0.00075566    -6.41688931    -6.41613365    -6.41688931    -6.15874004
      227     0.00077089    -6.41682775    -6.41605686    -6.41682775    -6.15876147
      228     0.00079502    -6.41677114    -6.41597612    -6.41677114    -6.15876415
      229     0.00082917    -6.41671979    -6.41589062    -6.41671979    -6.15874775
      230     0.00087465    -6.41667403    -6.41579938    -6.41667403    -6.15871215
      231     0.00093303    -6.41663423    -6.41570120    -6.41663423    -6.15865741
      232     0.00100605    -6.41660079    -6.41559474    -6.41660079    -6.15858383
      233     0.00109571    -6.41657410    -6.41547839    -6.41657410    -6.15849191
      234     0.00120414    -6.41655449    -6.41535035    -6.41655449    -6.15838241
      235     0.00133362    -6.41654226    -6.41520864    -6.41654226    -6.15825631
      236     0.00148652    -6.41653756    -6.41505104    -6.41653756    -6.15811483
      237     0.00166519    -6.41654042    -6.41487523    -6.41654042    -6.15795938
      238     0.00187191    -6.41655066    -6.41467875    -6.41655066    -6.15779162
      239     0.00210880    -6.41656785    -6.41445905    -6.41656785    -6.15761338
      240     0.00237767    -6.41659133    -6.41421366    -6.41659133    -6.15742672
      241     0.00267997    -6.41662016    -6.41394019    -6.41662016    -6.15723390
      242     0.00301660    -6.41665312    -6.41363652    -6.41665312    -6.15703745
      243     0.00338789    -6.41668873    -6.41330084    -6.41668873    -6.15684015
      244     0.00379339    -6.41672529    -6.41293190    -6.41672529    -6.15664508
      245     0.00423180    -6.41676090    -6.41252910    -6.41676090    -6.15645570
      246     0.00470090    -6.41679354    -6.41209264    -6.41679354    -6.15627579
      247     0.00519744    -6.41682108    -6.41162364    -6.41682108    -6.15610953
      248     0.00571701    -6.41684138    -6.41112437    -6.41684138    -6.15596148
      249     0.00625392    -6.41685231    -6.41059839    -6.41685231    -6.15583652
      250     0.00680125    -6.41685178    -6.41005053    -6.41685178    -6.15573975
      251     0.00735078    -6.41683775    -6.40948697    -6.41683775    -6.15567641
      252     0.00789306    -6.41680835    -6.40891529    -6.41680835    -6.15565153
      253     0.00841753    -6.41676170    -6.40834417    -6.41676170    -6.15566992
      254     0.00891272    -6.41669600    -6.40778328    -6.41669600    -6.15573578
      255     0.00936652    -6.41660949    -6.40724297    -6.41660949    -6.15585246
      256     0.00976662    -6.41650042    -6.40673380    -6.41650042    -6.15602219
      257     0.01010102    -6.41636711    -6.40626609    -6.41636711    -6.15624582
      258     0.01035856    -6.41620777    -6.40584921    -6.41620777    -6.15652281
      259     0.01052964    -6.41602081    -6.40549117    -6.41602081    -6.15685088
      260     0.01060679    -6.41580469    -6.40519790    -6.41580469    -6.15722621
      261     0.01058517    -6.41555811    -6.40497294    -6.41555811    -6.15764349
      262     0.01046309    -6.41528009    -6.40481700    -6.41528009    -6.15809616
      263     0.01024231    -6.41497007    -6.40472776    -6.41497007    -6.15857663
      264     0.00992805    -6.41462808    -6.40470003    -6.41462808    -6.15907665
      265     0.00952854    -6.41425484    -6.40472630    -6.41425484    -6.15958775
      266     0.00905488    -6.41385183    -6.40479695    -6.41385183    -6.16010148
      267     0.00852040    -6.41342139    -6.40490099    -6.41342139    -6.16060987
      268     0.00793948    -6.41296673    -6.40502725    -6.41296673    -6.16110564
      269     0.00732690    -6.41249193    -6.40516503    -6.41249193    -6.16158234
      270     0.00669719    -6.41200187    -6.40530468    -6.41200187    -6.16203450
      271     0.00606398    -6.41150216    -6.40543818    -6.41150216    -6.16245754
      272     0.00543962    -6.41099905    -6.40555943    -6.41099905    -6.16284772
      273     0.00483501    -6.41049927    -6.40566426    -6.41049927    -6.16320203
      274     0.00425951    -6.41000993    -6.40575042    -6.41000993    -6.16351798
      275     0.00372101    -6.40953834    -6.40581733    -6.40953834    -6.16379344
      276     0.00322615    -6.40909183    -6.40586568    -6.40909183    -6.16402650
      277     0.00278055    -6.40867769    -6.40589714    -6.40867769    -6.16421529
      278     0.00238890    -6.40830282    -6.40591392    -6.40830282    -6.16435798
      279     0.00205521    -6.40797380    -6.40591859    -6.40797380    -6.16445263
      280     0.00178313    -6.40769650    -6.40591337    -6.40769650    -6.16449735
      281     0.00157605    -6.40747612    -6.40590007    -6.40747612    -6.16449024
      282     0.00143729    -6.40731695    -6.40587966    -6.40731695    -6.16442961
      283     0.00137017    -6.40722234    -6.40585217    -6.40722234    -6.16431398
      284     0.00137819    -6.40719455    -6.40581636    -6.40719455    -6.16414235
      285     0.00146508    -6.40723484    -6.40576976    -6.40723484    -6.16391416
      286     0.00163482    -6.40734336    -6.40570854    -6.40734336    -6.16362950
      287     0.00189164    -6.40751935    -6.40562771    -6.40751935    -6.16328906
      288     0.00223987    -6.40776108    -6.40552121    -6.40776108    -6.16289416
      289     0.00268358    -6.40806599    -6.40538241    -6.40806599    -6.16244677
      290     0.00322618    -6.40843076    -6.40520458    -6.40843076    -6.16194944
      291     0.00386973    -6.40885134    -6.40498161    -6.40885134    -6.16140523
      292     0.00461389    -6.40932300    -6.40470911    -6.40932300    -6.16081768
      293     0.00545510    -6.40984028    -6.40438518    -6.40984028    -6.16019080
      294     0.00638534    -6.41039695    -6.40401161    -6.41039695    -6.15952902
      295     0.00739083    -6.41098597    -6.40359514    -6.41098597    -6.15883722
      296     0.00845160    -6.41159941    -6.40314781    -6.41159941    -6.15812080
      297     0.00954098    -6.41222851    -6.40268753    -6.41222851    -6.15738558
      298     0.01062524    -6.41286369    -6.40223845    -6.41286369    -6.15663799
      299     0.01166458    -6.41349474    -6.40183016    -6.41349474    -6.15588509
      300     0.01261502    -6.41411104    -6.40149602    -6.41411104    -6.15513464
