#    Step     Kinetic(H)     Potential(H)   Total(H)       E(0)(H)        E(1)(H)        
        0     0.00756296    -6.14500595    -6.13744299    -6.41124052    -6.14500595
        1     0.00732010    -6.14472579    -6.13740569    -6.40906132    -6.14472579
        2     0.00888836    -6.14629388    -6.13740552    -6.40787502    -6.14629388
        3     0.01224940    -6.14969569    -6.13744629    -6.40783984    -6.14969569
        4     0.01676608    -6.15428047    -6.13751439    -6.40849781    -6.15428047
        5     0.02138125    -6.15896735    -6.13758610    -6.40896462    -6.15896735
        6     0.02496001    -6.16260226    -6.13764225    -6.40827328    -6.16260226
        7     0.02660456    -6.16427521    -6.13767065    -6.40568017    -6.16427521
        8     0.02886773    -6.15009965    -6.12123192    -6.39587215    -6.15009965
        9     0.03323771    -6.15452504    -6.12128733    -6.38926235    -6.15452504
       10     0.03722369    -6.15848492    -6.12126123    -6.38061345    -6.15848492
       11     0.04120198    -6.16239828    -6.12119630    -6.37116851    -6.16239828
       12     0.04602729    -6.16718387    -6.12115658    -6.36244198    -6.16718387
       13     0.05212410    -6.17332363    -6.12119953    -6.35534743    -6.17332363
       14     0.05875766    -6.18006988    -6.12131222    -6.34942651    -6.18006988
       15     0.06423860    -6.18565826    -6.12141966    -6.34309346    -6.18565826
       16     0.06694894    -6.18840431    -6.12145537    -6.33476604    -6.18840431
       17     0.06630566    -6.18771013    -6.12140447    -6.32389922    -6.18771013
       18     0.06303165    -6.18432704    -6.12129539    -6.31126328    -6.18432704
       19     0.05874176    -6.17992228    -6.12118052    -6.29851636    -6.17992228
       20     0.05515787    -6.17626839    -6.12111052    -6.28739409    -6.17626839
       21     0.05335210    -6.17446109    -6.12110899    -6.27892990    -6.17446109
       22     0.05338234    -6.17454638    -6.12116404    -6.27308768    -6.17454638
       23     0.05444687    -6.17568829    -6.12124142    -6.26893805    -6.17568829
       24     0.05538051    -6.17668763    -6.12130712    -6.26518697    -6.17668763
       25     0.05516566    -6.17650853    -6.12134287    -6.26071217    -6.17650853
       26     0.05323510    -6.17457922    -6.12134412    -6.25487214    -6.17457922
       27     0.04958332    -6.17089115    -6.12130783    -6.24760944    -6.17089115
       28     0.04481387    -6.16604605    -6.12123218    -6.23949635    -6.16604605
       29     0.04010764    -6.16124306    -6.12113542    -6.23171564    -6.16124306
       30     0.03688876    -6.15795594    -6.12106718    -6.22573031    -6.15795594
       31     0.03611043    -6.15718771    -6.12107728    -6.22253354    -6.15718771
       32     0.03759872    -6.15876255    -6.12116383    -6.22193889    -6.15876255
       33     0.04010482    -6.16137151    -6.12126669    -6.22262452    -6.16137151
       34     0.04213291    -6.16345104    -6.12131813    -6.22300866    -6.16345104
       35     0.04289566    -6.16418606    -6.12129040    -6.22224905    -6.16418606
       36     0.04272064    -6.16392907    -6.12120843    -6.22066119    -6.16392907
       37     0.04270902    -6.16384060    -6.12113158    -6.21936347    -6.16384060
       38     0.04391884    -6.16503040    -6.12111156    -6.21942921    -6.16503040
       39     0.04664898    -6.16780258    -6.12115360    -6.22114620    -6.16780258
       40     0.05035251    -6.17156963    -6.12121712    -6.22394220    -6.17156963
       41     0.05415457    -6.17541233    -6.12125776    -6.22694979    -6.17541233
       42     0.05744591    -6.17870914    -6.12126323    -6.22963825    -6.17870914
       43     0.06009512    -6.18134564    -6.12125052    -6.23202245    -6.18134564
       44     0.06225489    -6.18349730    -6.12124241    -6.23443880    -6.18349730
       45     0.06407355    -6.18531763    -6.12124408    -6.23721549    -6.18531763
       46     0.06562749    -6.18686670    -6.12123921    -6.24057206    -6.18686670
       47     0.06710627    -6.18831941    -6.12121314    -6.24480046    -6.18831941
       48     0.06894347    -6.19012431    -6.12118084    -6.25040876    -6.19012431
       49     0.07158010    -6.19276031    -6.12118021    -6.25788061    -6.19276031
       50     0.07497502    -6.19620583    -6.12123081    -6.26715865    -6.19620583
       51     0.07836871    -6.19967712    -6.12130841    -6.27740107    -6.19967712
       52     0.08063538    -6.20199757    -6.12136219    -6.28736626    -6.20199757
       53     0.08100559    -6.20235718    -6.12135159    -6.29618121    -6.20235718
       54     0.07965028    -6.20092353    -6.12127325    -6.30395240    -6.20092353
       55     0.07770195    -6.19887518    -6.12117323    -6.31179084    -6.19887518
       56     0.07658587    -6.19770884    -6.12112297    -6.32110396    -6.19770884
       57     0.07704023    -6.19820078    -6.12116055    -6.33253565    -6.19820078
       58     0.07858896    -6.19984655    -6.12125759    -6.34538127    -6.19984655
       59     0.07988891    -6.20124265    -6.12135374    -6.35794429    -6.20124265
       60     0.07955738    -6.20096613    -6.12140875    -6.36839881    -6.20096613
       61     0.07678408    -6.19820089    -6.12141681    -6.37542756    -6.19820089
       62     0.07148595    -6.19287372    -6.12138777    -6.37843490    -6.19287372
       63     0.06421570    -6.18554534    -6.12132964    -6.37760399    -6.18554534
       64     0.05609776    -6.17732893    -6.12123117    -6.37387405    -6.17732893
       65     0.04884807    -6.16995368    -6.12110561    -6.36850955    -6.16995368
       66     0.04436012    -6.16538856    -6.12102844    -6.36264645    -6.16538856
       67     0.04384700    -6.16487432    -6.12102732    -6.35708770    -6.16487432
       68     0.04737414    -6.16846737    -6.12109323    -6.35190165    -6.16846737
       69     0.05399528    -6.17519288    -6.12119760    -6.34640893    -6.17519288
       70     0.06220102    -6.18351068    -6.12130966    -6.33959684    -6.18351068
       71     0.07042864    -6.19182631    -6.12139767    -6.33063846    -6.19182631
       72     0.07755020    -6.19897941    -6.12142921    -6.31936936    -6.19897941
       73     0.08326910    -6.20466819    -6.12139909    -6.30662001    -6.20466819
       74     0.08811333    -6.20946533    -6.12135200    -6.29410307    -6.20946533
       75     0.09277617    -6.21413139    -6.12135522    -6.28364058    -6.21413139
       76     0.09724962    -6.21867270    -6.12142308    -6.27616868    -6.21867270
       77     0.10067881    -6.22216944    -6.12149063    -6.27141947    -6.22216944
       78     0.10217361    -6.22365957    -6.12148596    -6.26848478    -6.22365957
       79     0.10166955    -6.22308099    -6.12141144    -6.26658349    -6.22308099
       80     0.09997032    -6.22129210    -6.12132178    -6.26548318    -6.22129210
       81     0.09815259    -6.21941143    -6.12125884    -6.26545045    -6.21941143
       82     0.09698941    -6.21822834    -6.12123893    -6.26686731    -6.21822834
       83     0.09665853    -6.21792479    -6.12126626    -6.26980209    -6.21792479
       84     0.09665250    -6.21799359    -6.12134109    -6.27371400    -6.21799359
       85     0.09580766    -6.21726086    -6.12145320    -6.27734331    -6.21726086
       86     0.09256727    -6.21412195    -6.12155468    -6.27890058    -6.21412195
       87     0.08580307    -6.20734243    -6.12153936    -6.27686856    -6.20734243
       88     0.07631367    -6.19761889    -6.12130522    -6.27159973    -6.19761889
       89     0.06785049    -6.18880715    -6.12095666    -6.26663026    -6.18880715
       90     0.06529034    -6.18613535    -6.12084501    -6.26700412    -6.18613535
       91     0.06994067    -6.19111964    -6.12117897    -6.27424204    -6.19111964
       92     0.07725354    -6.19888348    -6.12162994    -6.28361290    -6.19888348
       93     0.08078811    -6.20259317    -6.12180506    -6.28846270    -6.20259317
       94     0.07755018    -6.19919108    -6.12164090    -6.28586721    -6.19919108
       95     0.06922567    -6.19057086    -6.12134519    -6.27778847    -6.19057086
       96     0.05961582    -6.18075905    -6.12114323    -6.26827701    -6.18075905
       97     0.05152986    -6.17264017    -6.12111031    -6.26022036    -6.17264017
       98     0.04559101    -6.16675578    -6.12116477    -6.25415773    -6.16675578
       99     0.04113915    -6.16233776    -6.12119861    -6.24932621    -6.16233776
      100     0.03764638    -6.15882437    -6.12117799    -6.24518532    -6.15882437
      101     0.03527476    -6.15640796    -6.12113320    -6.24196596    -6.15640796
      102     0.03454634    -6.15565359    -6.12110725    -6.24028266    -6.15565359
      103     0.03574705    -6.15687734    -6.12113029    -6.24050351    -6.15687734
      104     0.03847976    -6.15969557    -6.12121581    -6.24229447    -6.15969557
      105     0.04149129    -6.16284405    -6.12135276    -6.24443821    -6.16284405
      106     0.04291529    -6.16439912    -6.12148383    -6.24505906    -6.16439912
      107     0.04119137    -6.16269117    -6.12149980    -6.24253995    -6.16269117
      108     0.03655591    -6.15787741    -6.12132150    -6.23709368    -6.15787741
      109     0.03181112    -6.15287589    -6.12106477    -6.23168630    -6.15287589
      110     0.03051287    -6.15152646    -6.12101359    -6.23018133    -6.15152646
      111     0.03334617    -6.15461784    -6.12127167    -6.23335327    -6.15461784
      112     0.03703747    -6.15859562    -6.12155815    -6.23759863    -6.15859562
      113     0.03787405    -6.15944024    -6.12156619    -6.23883282    -6.15944024
      114     0.03562623    -6.15695540    -6.12132917    -6.23679699    -6.15695540
      115     0.03321051    -6.15435803    -6.12114752    -6.23465431    -6.15435803
      116     0.03289558    -6.15409786    -6.12120228    -6.23480660    -6.15409786
      117     0.03396690    -6.15532198    -6.12135508    -6.23635655    -6.15532198
      118     0.03425103    -6.15566067    -6.12140964    -6.23689945    -6.15566067
      119     0.03268971    -6.15402200    -6.12133229    -6.23532906    -6.15402200
      120     0.03004489    -6.15124938    -6.12120449    -6.23250032    -6.15124938
      121     0.02794738    -6.14905142    -6.12110404    -6.23015460    -6.14905142
      122     0.02778516    -6.14885060    -6.12106544    -6.22975677    -6.14885060
      123     0.03011284    -6.15120809    -6.12109525    -6.23190993    -6.15120809
      124     0.03451431    -6.15569734    -6.12118303    -6.23622375    -6.15569734
      125     0.03978594    -6.16107986    -6.12129392    -6.24148845    -6.16107986
      126     0.04451817    -6.16587648    -6.12135831    -6.24624309    -6.16587648
      127     0.04810083    -6.16940620    -6.12130537    -6.24980500    -6.16940620
      128     0.05154673    -6.17271010    -6.12116337    -6.25317393    -6.17271010
      129     0.05688789    -6.17798731    -6.12109942    -6.25844364    -6.17798731
      130     0.06496192    -6.18620223    -6.12124031    -6.26639151    -6.18620223
      131     0.07393414    -6.19540480    -6.12147066    -6.27480955    -6.19540480
      132     0.08082365    -6.20237511    -6.12155146    -6.28019965    -6.20237511
      133     0.08458416    -6.20597760    -6.12139344    -6.28121551    -6.20597760
      134     0.08729877    -6.20845187    -6.12115310    -6.28005595    -6.20845187
      135     0.09211885    -6.21320353    -6.12108468    -6.28033056    -6.21320353
      136     0.10002010    -6.22127750    -6.12125740    -6.28352137    -6.22127750
      137     0.10887098    -6.23036183    -6.12149085    -6.28786922    -6.23036183
      138     0.11558072    -6.23718265    -6.12160193    -6.29060889    -6.23718265
      139     0.11851495    -6.24008786    -6.12157291    -6.29045061    -6.24008786
      140     0.11794261    -6.23942905    -6.12148644    -6.28795338    -6.23942905
      141     0.11505329    -6.23647012    -6.12141683    -6.28448968    -6.23647012
      142     0.11091863    -6.23231203    -6.12139340    -6.28124969    -6.23231203
      143     0.10601339    -6.22742145    -6.12140806    -6.27881545    -6.22742145
      144     0.10027848    -6.22170872    -6.12143024    -6.27720203    -6.22170872
      145     0.09354445    -6.21496257    -6.12141812    -6.27620025    -6.21496257
      146     0.08611381    -6.20745195    -6.12133814    -6.27591458    -6.20745195
      147     0.07918708    -6.20038732    -6.12120024    -6.27722243    -6.20038732
      148     0.07466165    -6.19574485    -6.12108320    -6.28160901    -6.19574485
      149     0.07405033    -6.19514625    -6.12109592    -6.29003679    -6.19514625
      150     0.07708211    -6.19836654    -6.12128443    -6.30146745    -6.19836654
      151     0.08116760    -6.20274269    -6.12157509    -6.31237109    -6.20274269
      152     0.08253170    -6.20431634    -6.12178464    -6.31804247    -6.20431634
      153     0.07885354    -6.20055653    -6.12170299    -6.31549600    -6.20055653
      154     0.07191202    -6.19323819    -6.12132617    -6.30645855    -6.19323819
      155     0.06717574    -6.18817928    -6.12100354    -6.29711770    -6.18817928
      156     0.06892080    -6.19003466    -6.12111386    -6.29277929    -6.19003466
      157     0.07598675    -6.19739501    -6.12140826    -6.29272009    -6.19739501
      158     0.08419730    -6.20576322    -6.12156592    -6.29297399    -6.20576322
      159     0.09065438    -6.21222050    -6.12156612    -6.29095943    -6.21222050
      160     0.09453935    -6.21606779    -6.12152844    -6.28618562    -6.21606779
      161     0.09588137    -6.21737702    -6.12149565    -6.27887685    -6.21737702
      162     0.09485294    -6.21631586    -6.12146292    -6.26933466    -6.21631586
      163     0.09173511    -6.21316378    -6.12142867    -6.25797264    -6.21316378
      164     0.08695412    -6.20834323    -6.12138911    -6.24538091    -6.20834323
      165     0.08115200    -6.20248294    -6.12133094    -6.23247352    -6.20248294
      166     0.07532640    -6.19658034    -6.12125394    -6.22081990    -6.19658034
      167     0.07076589    -6.19195179    -6.12118590    -6.21276612    -6.19195179
      168     0.06865125    -6.18979190    -6.12114065    -6.21052572    -6.18979190
      169     0.06947320    -6.19065383    -6.12118063    -6.21434944    -6.19065383
      170     0.07234522    -6.19368682    -6.12134160    -6.22202742    -6.19368682
      171     0.07487977    -6.19643631    -6.12155654    -6.23002430    -6.19643631
      172     0.07412856    -6.19584589    -6.12171733    -6.23473404    -6.19584589
      173     0.06830381    -6.18996839    -6.12166458    -6.23396849    -6.18996839
      174     0.05893603    -6.18023957    -6.12130354    -6.22906607    -6.18023957
      175     0.05152982    -6.17240712    -6.12087730    -6.22573094    -6.17240712
      176     0.05187461    -6.17274650    -6.12087189    -6.23020596    -6.17274650
      177     0.05999066    -6.18130833    -6.12131767    -6.24251156    -6.18130833
      178     0.06987861    -6.19158199    -6.12170338    -6.25611354    -6.19158199
      179     0.07573589    -6.19747665    -6.12174076    -6.26490457    -6.19747665
      180     0.07615227    -6.19769664    -6.12154437    -6.26758040    -6.19769664
      181     0.07316330    -6.19451118    -6.12134788    -6.26642442    -6.19451118
      182     0.06923940    -6.19051103    -6.12127163    -6.26407411    -6.19051103
      183     0.06550897    -6.18679542    -6.12128645    -6.26169606    -6.18679542
      184     0.06199183    -6.18328290    -6.12129107    -6.25926930    -6.18328290
      185     0.05882723    -6.18005619    -6.12122896    -6.25690687    -6.18005619
      186     0.05695686    -6.17809976    -6.12114290    -6.25558912    -6.17809976
      187     0.05756258    -6.17867682    -6.12111424    -6.25655029    -6.17867682
      188     0.06102627    -6.18219007    -6.12116380    -6.26015137    -6.18219007
      189     0.06662862    -6.18787537    -6.12124675    -6.26557612    -6.18787537
      190     0.07310931    -6.19443559    -6.12132628    -6.27145884    -6.19443559
      191     0.07920173    -6.20061275    -6.12141102    -6.27644871    -6.20061275
      192     0.08366921    -6.20517398    -6.12150477    -6.27919193    -6.20517398
      193     0.08542953    -6.20696377    -6.12153424    -6.27838388    -6.20696377
      194     0.08458406    -6.20595465    -6.12137059    -6.27382104    -6.20595465
      195     0.08383725    -6.20486525    -6.12102800    -6.26802228    -6.20486525
      196     0.08781393    -6.20863155    -6.12081762    -6.26570643    -6.20863155
      197     0.09910979    -6.22012368    -6.12101389    -6.26951538    -6.22012368
      198     0.11518297    -6.23660507    -6.12142210    -6.27648724    -6.23660507
      199     0.13048602    -6.25217838    -6.12169236    -6.28055677    -6.25217838
      200     0.14069255    -6.26251842    -6.12182587    -6.27764359    -6.26251842
      201     0.13934192    -6.26302490    -6.12368298    -6.27096479    -6.26302490
      202     0.12530268    -6.24771543    -6.12241275    -6.27003528    -6.24771543
      203     0.10631932    -6.22850258    -6.12218326    -6.26803469    -6.22850258
      204     0.08728937    -6.20932865    -6.12203928    -6.26579025    -6.20932865
      205     0.07035098    -6.19231649    -6.12196551    -6.26464608    -6.19231649
      206     0.05660274    -6.17855671    -6.12195397    -6.26512706    -6.17855671
      207     0.04625767    -6.16823093    -6.12197326    -6.26698657    -6.16823093
      208     0.03906415    -6.16105327    -6.12198912    -6.26967750    -6.16105327
      209     0.03478330    -6.15676910    -6.12198580    -6.27285657    -6.15676910
      210     0.03341930    -6.15539213    -6.12197283    -6.27658663    -6.15539213
      211     0.03510020    -6.15707687    -6.12197667    -6.28114945    -6.15707687
      212     0.03971224    -6.16174058    -6.12202834    -6.28660938    -6.16174058
      213     0.04648106    -6.16862731    -6.12214625    -6.29233994    -6.16862731
      214     0.05379017    -6.17609560    -6.12230543    -6.29679551    -6.17609560
      215     0.05966070    -6.18206574    -6.12240504    -6.29793595    -6.18206574
      216     0.06318394    -6.18549322    -6.12230928    -6.29467886    -6.18549322
      217     0.06610641    -6.18813794    -6.12203153    -6.28874147    -6.18813794
      218     0.07220037    -6.19406471    -6.12186434    -6.28433079    -6.19406471
      219     0.08345387    -6.20552522    -6.12207135    -6.28411918    -6.20552522
      220     0.09717447    -6.21961858    -6.12244411    -6.28576613    -6.21961858
      221     0.10844822    -6.23106737    -6.12261915    -6.28449933    -6.23106737
      222     0.11464839    -6.23718736    -6.12253897    -6.27806132    -6.23718736
      223     0.11646119    -6.23886459    -6.12240340    -6.26792395    -6.23886459
      224     0.13491485    -6.25734954    -6.12243469    -6.25734954    -6.23789506
      225     0.12755614    -6.24987260    -6.12231646    -6.24987260    -6.23313204
      226     0.12512044    -6.24780188    -6.12268144    -6.24780188    -6.22390469
      227     0.12474586    -6.24754170    -6.12279584    -6.24754170    -6.21327745
      228     0.12456510    -6.24737261    -6.12280751    -6.24737261    -6.20233199
      229     0.12428795    -6.24705279    -6.12276484    -6.24705279    -6.19157287
      230     0.12441770    -6.24712923    -6.12271153    -6.24712923    -6.18180318
      231     0.12566460    -6.24835440    -6.12268980    -6.24835440    -6.17388540
      232     0.12843224    -6.25113901    -6.12270677    -6.25113901    -6.16826986
      233     0.13270076    -6.25543857    -6.12273781    -6.25543857    -6.16490273
      234     0.13825594    -6.26102186    -6.12276592    -6.26102186    -6.16351038
      235     0.14484258    -6.26764747    -6.12280489    -6.26764747    -6.16379924
      236     0.15196660    -6.27485345    -6.12288685    -6.27485345    -6.16526971
      237     0.15849045    -6.28151910    -6.12302865    -6.28151910    -6.16680126
      238     0.16246934    -6.28566108    -6.12319174    -6.28566108    -6.16647125
      239     0.16184229    -6.28508260    -6.12324031    -6.28508260    -6.16222001
      240     0.15628496    -6.27930530    -6.12302034    -6.27930530    -6.15377157
      241     0.14891253    -6.27152808    -6.12261555    -6.27152808    -6.14453179
      242     0.14485444    -6.26727114    -6.12241670    -6.26727114    -6.14014043
      243     0.14658304    -6.26921663    -6.12263359    -6.26921663    -6.14327028
      244     0.15154546    -6.27451660    -6.12297114    -6.27451660    -6.15100011
      245     0.15541403    -6.27851267    -6.12309864    -6.27851267    -6.15860928
      246     0.15621632    -6.27922522    -6.12300890    -6.27922522    -6.16404363
      247     0.15485782    -6.27772269    -6.12286487    -6.27772269    -6.16822701
      248     0.15319979    -6.27598455    -6.12278476    -6.27598455    -6.17293223
      249     0.15239860    -6.27519343    -6.12279483    -6.27519343    -6.17911981
      250     0.15242008    -6.27529090    -6.12287082    -6.27529090    -6.18652539
      251     0.15229962    -6.27528211    -6.12298249    -6.27528211    -6.19397943
      252     0.15055741    -6.27366823    -6.12311082    -6.27366823    -6.19984685
      253     0.14558036    -6.26879670    -6.12321634    -6.26879670    -6.20236831
      254     0.13629881    -6.25951430    -6.12321549    -6.25951430    -6.20027277
      255     0.12330637    -6.24635046    -6.12304409    -6.24635046    -6.19388594
      256     0.10946516    -6.23224975    -6.12278459    -6.23224975    -6.18577544
      257     0.09856586    -6.22121515    -6.12264929    -6.22121515    -6.17934691
      258     0.09257147    -6.21530363    -6.12273216    -6.21530363    -6.17585689
      259     0.09046934    -6.21335948    -6.12289014    -6.21335948    -6.17319710
      260     0.09019572    -6.21312194    -6.12292622    -6.21312194    -6.16813214
      261     0.09152767    -6.21427084    -6.12274317    -6.21427084    -6.15973309
      262     0.09738161    -6.21981114    -6.12242953    -6.21981114    -6.15127423
      263     0.11205028    -6.23437157    -6.12232129    -6.23437157    -6.14870402
      264     0.13657967    -6.25927338    -6.12269371    -6.25927338    -6.15537520
      265     0.16570838    -6.28899653    -6.12328815    -6.28899653    -6.16779887
      266     0.19101765    -6.31467377    -6.12365612    -6.31467377    -6.17846456
      267     0.20673284    -6.33038953    -6.12365669    -6.33038953    -6.18196343
      268     0.21196559    -6.33540841    -6.12344282    -6.33540841    -6.17749999
      269     0.20911170    -6.33230339    -6.12319169    -6.33230339    -6.16734624
      270     0.20149535    -6.32447840    -6.12298305    -6.32447840    -6.15445229
      271     0.19216852    -6.31494777    -6.12277925    -6.31494777    -6.14088389
      272     0.18318783    -6.30606805    -6.12288022    -6.30606805    -6.12758716
      273     0.17606469    -6.29771105    -6.12164636    -6.29771105    -6.11491701
      274     0.16962214    -6.29094304    -6.12132090    -6.29094304    -6.11186357
      275     0.16295407    -6.28425457    -6.12130050    -6.28425457    -6.11516056
      276     0.15695506    -6.27829138    -6.12133632    -6.27829138    -6.12001378
      277     0.15152213    -6.27282382    -6.12130169    -6.27282382    -6.12519739
      278     0.14743232    -6.26859782    -6.12116550    -6.26859782    -6.13147391
      279     0.14663703    -6.26767862    -6.12104159    -6.26767862    -6.14108615
      280     0.15060168    -6.27174235    -6.12114067    -6.27174235    -6.15586632
      281     0.15774144    -6.27924048    -6.12149904    -6.27924048    -6.17433792
      282     0.16320249    -6.28505295    -6.12185046    -6.28505295    -6.19135859
      283     0.16236458    -6.28422696    -6.12186238    -6.28422696    -6.20188031
      284     0.15509372    -6.27657300    -6.12147928    -6.27657300    -6.20555886
      285     0.14620566    -6.26728140    -6.12107574    -6.26728140    -6.20735520
      286     0.14062428    -6.26171706    -6.12109278    -6.26171706    -6.21229751
      287     0.13816873    -6.25957816    -6.12140943    -6.25957816    -6.21958173
      288     0.13473520    -6.25631188    -6.12157668    -6.25631188    -6.22383776
      289     0.12774376    -6.24916769    -6.12142393    -6.24916769    -6.22099467
      290     0.11858934    -6.23975827    -6.12116893    -6.23975827    -6.21129987
      291     0.11059258    -6.23160955    -6.12101697    -6.23160955    -6.19829562
      292     0.10621404    -6.22721236    -6.12099832    -6.22721236    -6.18579841
      293     0.10605189    -6.22711911    -6.12106722    -6.22711911    -6.17554384
      294     0.10937127    -6.23051210    -6.12114083    -6.23051210    -6.16732077
      295     0.11521288    -6.23638502    -6.12117214    -6.23638502    -6.16035687
      296     0.12309856    -6.24426865    -6.12117009    -6.24426865    -6.15424542
      297     0.13299958    -6.25416426    -6.12116468    -6.25416426    -6.14898328
      298     0.14496862    -6.26614426    -6.12117564    -6.26614426    -6.14461337
      299     0.15887775    -6.28008113    -6.12120338    -6.28008113    -6.14097140
      300     0.17436954    -6.29561115    -6.12124161    -6.29561115    -6.13770337
      301     0.19082488    -6.31216352    -6.12133864    -6.31216352    -6.13460430
      302     0.20978332    -6.33485776    -6.12507444    -6.33485776    -6.13107615
      303     0.22946664    -6.35443680    -6.12497016    -6.35443680    -6.13641126
      304     0.24521329    -6.37040178    -6.12518849    -6.37040178    -6.14143421
      305     0.25464135    -6.38000623    -6.12536488    -6.38000623    -6.14274285
      306     0.25581425    -6.38116891    -6.12535466    -6.38116891    -6.13935153
      307     0.24909587    -6.37435474    -6.12525887    -6.37435474    -6.13335615
      308     0.23587418    -6.36115527    -6.12528109    -6.36115527    -6.12787242
      309     0.21633844    -6.34168876    -6.12535032    -6.34168876    -6.12355238
      310     0.19000547    -6.31528123    -6.12527576    -6.31528123    -6.11797197
      311     0.15798410    -6.28301076    -6.12502666    -6.28301076    -6.10938544
      312     0.12418693    -6.24879859    -6.12461166    -6.24879859    -6.09994747
      313     0.09458290    -6.21880797    -6.12422507    -6.21880797    -6.09431856
      314     0.07468261    -6.19873151    -6.12404890    -6.19873151    -6.09690012
      315     0.06705828    -6.19118257    -6.12412429    -6.19118257    -6.10962036
      316     0.07067533    -6.19502348    -6.12434815    -6.19502348    -6.13113135
      317     0.08217552    -6.20675839    -6.12458287    -6.20675839    -6.15775188
      318     0.09777400    -6.22252847    -6.12475447    -6.22252847    -6.18531137
      319     0.11438018    -6.23924911    -6.12486893    -6.23924911    -6.21057634
      320     0.12969671    -6.25465571    -6.12495900    -6.25465571    -6.23169881
      321     0.14192102    -6.26695470    -6.12503368    -6.26695470    -6.24789299
      322     0.14961872    -6.27470478    -6.12508606    -6.27470478    -6.25879171
      323     0.15180565    -6.27691801    -6.12511236    -6.27691801    -6.26405398
      324     0.14806905    -6.27316730    -6.12509825    -6.27316730    -6.26340896
      325     0.13887182    -6.26385831    -6.12498649    -6.26385831    -6.25705150
      326     0.12628665    -6.25099369    -6.12470704    -6.25099369    -6.24641576
      327     0.11444785    -6.23883325    -6.12438540    -6.23883325    -6.23473648
      328     0.10771617    -6.23199902    -6.12428285    -6.23199902    -6.22651325
      329     0.10757857    -6.23204612    -6.12446755    -6.23204612    -6.22440918
      330     0.11137627    -6.23619599    -6.12481972    -6.23619599    -6.22615468
      331     0.11411142    -6.23917953    -6.12506811    -6.23917953    -6.22658829
      332     0.11191615    -6.23702145    -6.12510530    -6.23702145    -6.22174267
      333     0.10375911    -6.22876837    -6.12500926    -6.22876837    -6.21066202
      334     0.09076899    -6.21563601    -6.12486702    -6.21563601    -6.19457584
      335     0.07513075    -6.19981769    -6.12468694    -6.19981769    -6.17571066
      336     0.05971863    -6.18418759    -6.12446896    -6.18418759    -6.15699115
      337     0.04781894    -6.17211067    -6.12429173    -6.17211067    -6.14185020
      338     0.04193657    -6.16621658    -6.12428001    -6.16621658    -6.13299868
      339     0.04224791    -6.16669053    -6.12444262    -6.16669053    -6.13069891
      340     0.04654806    -6.17118660    -6.12463854    -6.17118660    -6.13265082
      341     0.05204328    -6.17678085    -6.12473757    -6.17678085    -6.13592492
      342     0.05711688    -6.18185059    -6.12473371    -6.18185059    -6.13884052
      343     0.06154481    -6.18625888    -6.12471407    -6.18625888    -6.14116775
      344     0.06540575    -6.19017636    -6.12477061    -6.19017636    -6.14297736
      345     0.06794424    -6.19284565    -6.12490141    -6.19284565    -6.14343114
      346     0.06770610    -6.19268599    -6.12497989    -6.19268599    -6.14089798
      347     0.06422636    -6.18909376    -6.12486740    -6.18909376    -6.13474234
      348     0.05963995    -6.18424525    -6.12460530    -6.18424525    -6.12709482
      349     0.05794195    -6.18234585    -6.12440390    -6.18234585    -6.12206903
      350     0.06216169    -6.18655753    -6.12439584    -6.18655753    -6.12268430
      351     0.07248136    -6.19702526    -6.12454390    -6.19702526    -6.12892580
      352     0.08660939    -6.21136602    -6.12475663    -6.21136602    -6.13828214
      353     0.10123747    -6.22616235    -6.12492488    -6.22616235    -6.14726046
      354     0.11365606    -6.23863762    -6.12498156    -6.23863762    -6.15304136
      355     0.12268836    -6.24764245    -6.12495409    -6.24764245    -6.15443080
      356     0.12854139    -6.25342033    -6.12487894    -6.25342033    -6.15160799
      357     0.13239295    -6.25713085    -6.12473790    -6.25713085    -6.14565298
      358     0.13647721    -6.26099542    -6.12451821    -6.26099542    -6.13870510
      359     0.14387895    -6.26821946    -6.12434051    -6.26821946    -6.13389185
      360     0.15687295    -6.28124773    -6.12437478    -6.28124773    -6.13357913
      361     0.17493951    -6.29954632    -6.12460681    -6.29954632    -6.13715347
      362     0.19497627    -6.31983366    -6.12485739    -6.31983366    -6.14130674
      363     0.21339802    -6.33844099    -6.12504297    -6.33844099    -6.14258206
      364     0.22729985    -6.35255588    -6.12525603    -6.35255588    -6.13921309
      365     0.23551754    -6.36409042    -6.12857288    -6.36409042    -6.14154739
      366     0.23728531    -6.36590133    -6.12861602    -6.36590133    -6.13755145
      367     0.23199102    -6.36056926    -6.12857824    -6.36056926    -6.12513740
      368     0.22066232    -6.34928687    -6.12862455    -6.34928687    -6.10549853
      369     0.20330553    -6.33214386    -6.12883833    -6.33214386    -6.07896724
      370     0.17814205    -6.30713158    -6.12898953    -6.30713158    -6.04430229
      371     0.14451599    -6.27329988    -6.12878389    -6.27329988    -6.00196347
      372     0.10663696    -6.23481810    -6.12818114    -6.23481810    -5.95778161
      373     0.07407098    -6.20149513    -6.12742415    -6.20149513    -5.92286004
      374     0.05809918    -6.18503755    -6.12693837    -6.18503755    -5.90972972
      375     0.06554148    -6.19265832    -6.12711684    -6.19265832    -5.92595110
      376     0.09358427    -6.22152191    -6.12793764    -6.22152191    -5.96800884
      377     0.13021460    -6.25916486    -6.12895026    -6.25916486    -6.02154105
      378     0.16023840    -6.28996912    -6.12973072    -6.28996912    -6.06865915
      379     0.17230997    -6.30219820    -6.12988823    -6.30219820    -6.09603536
      380     0.16518350    -6.29428846    -6.12910496    -6.29428846    -6.10176207
      381     0.15061011    -6.27841991    -6.12780980    -6.27841991    -6.10010052
      382     0.14849281    -6.27676581    -6.12827300    -6.27676581    -6.10777458
      383     0.16178730    -6.29103608    -6.12924878    -6.29103608    -6.12803503
      384     0.17579487    -6.30559161    -6.12979674    -6.30559161    -6.14898289
      385     0.18082123    -6.31042638    -6.12960515    -6.31042638    -6.16038178
      386     0.17662744    -6.30584577    -6.12921833    -6.30584577    -6.16226219
      387     0.16700417    -6.29599634    -6.12899217    -6.29599634    -6.15855947
      388     0.15482186    -6.28370887    -6.12888701    -6.28370887    -6.15195711
      389     0.14144844    -6.27027399    -6.12882555    -6.27027399    -6.14366003
      390     0.12769990    -6.25646334    -6.12876344    -6.25646334    -6.13440496
      391     0.11441313    -6.24311317    -6.12870004    -6.24311317    -6.12503061
      392     0.10247437    -6.23112267    -6.12864830    -6.23112267    -6.11646478
      393     0.09262346    -6.22124004    -6.12861658    -6.22124004    -6.10950280
      394     0.08530116    -6.21390727    -6.12860611    -6.21390727    -6.10464582
      395     0.08061980    -6.20923055    -6.12861075    -6.20923055    -6.10206366
      396     0.07844046    -6.20706288    -6.12862242    -6.20706288    -6.10166865
      397     0.07849686    -6.20713090    -6.12863404    -6.20713090    -6.10323505
      398     0.08050561    -6.20914863    -6.12864302    -6.20914863    -6.10650926
      399     0.08420950    -6.21286662    -6.12865712    -6.21286662    -6.11126024
      400     0.08928809    -6.21798192    -6.12869383    -6.21798192    -6.11719288
      401     0.09516616    -6.22392843    -6.12876227    -6.22392843    -6.12374098
      402     0.10093171    -6.22978416    -6.12885245    -6.22978416    -6.12997691
      403     0.10549139    -6.23444593    -6.12895454    -6.23444593    -6.13479289
      404     0.10764590    -6.23675369    -6.12910779    -6.23675369    -6.13703790
      405     0.10590906    -6.23514653    -6.12923747    -6.23514653    -6.13518653
      406     0.09986118    -6.22888038    -6.12901920    -6.22888038    -6.12855915
      407     0.09345708    -6.22189855    -6.12844147    -6.22189855    -6.12117802
      408     0.09383652    -6.22210975    -6.12827323    -6.22210975    -6.12101305
      409     0.10270458    -6.23154199    -6.12883741    -6.23154199    -6.13010264
      410     0.11314609    -6.24248276    -6.12933667    -6.24248276    -6.14069458
      411     0.11808441    -6.24738221    -6.12929780    -6.24738221    -6.14518619
      412     0.11665166    -6.24564796    -6.12899630    -6.24564796    -6.14294982
      413     0.11202609    -6.24077062    -6.12874453    -6.24077062    -6.13746177
      414     0.10751803    -6.23611851    -6.12860048    -6.23611851    -6.13208491
      415     0.10513474    -6.23368142    -6.12854668    -6.23368142    -6.12879802
      416     0.10565410    -6.23420834    -6.12855424    -6.23420834    -6.12831454
      417     0.10898035    -6.23757973    -6.12859938    -6.23757973    -6.13041770
      418     0.11447762    -6.24314607    -6.12866845    -6.24314607    -6.13423690
      419     0.12119326    -6.24994542    -6.12875216    -6.24994542    -6.13839537
      420     0.12803943    -6.25687471    -6.12883528    -6.25687471    -6.14115086
      421     0.13404716    -6.26294291    -6.12889575    -6.26294291    -6.14077055
      422     0.13872756    -6.26763952    -6.12891196    -6.26763952    -6.13627060
      423     0.14231524    -6.27121298    -6.12889774    -6.27121298    -6.12800812
      424     0.14541584    -6.27433613    -6.12892029    -6.27433613    -6.11728118
      425     0.14813597    -6.27713684    -6.12900087    -6.27713684    -6.10522382
      426     0.14985462    -6.27891219    -6.12905757    -6.27891219    -6.09246538
      427     0.15021289    -6.27922619    -6.12901330    -6.27922619    -6.08006861
      428     0.15003342    -6.27893759    -6.12890417    -6.27893759    -6.07020993
      429     0.15087631    -6.27970821    -6.12883190    -6.27970821    -6.06529806
      430     0.15376005    -6.28259225    -6.12883220    -6.28259225    -6.06639056
      431     0.15862593    -6.28746611    -6.12884018    -6.28746611    -6.07269960
      432     0.16502393    -6.29383125    -6.12880732    -6.29383125    -6.08255118
      433     0.17275418    -6.30154255    -6.12878837    -6.30154255    -6.09439621
      434     0.18143458    -6.31028926    -6.12885468    -6.31028926    -6.10674167
      435     0.18981559    -6.31879082    -6.12897523    -6.31879082    -6.11770970
      436     0.19607697    -6.32514687    -6.12906990    -6.32514687    -6.12544425
      437     0.19869220    -6.32780673    -6.12911453    -6.32780673    -6.12888327
      438     0.19678130    -6.32591148    -6.12913018    -6.32591148    -6.12780844
      439     0.18997726    -6.31909453    -6.12911727    -6.31909453    -6.12238111
      440     0.17855280    -6.30758199    -6.12902919    -6.30758199    -6.11311874
      441     0.16394287    -6.29278766    -6.12884479    -6.29278766    -6.10160179
      442     0.14950189    -6.27333052    -6.12382863    -6.27333052    -6.10276928
      443     0.13856561    -6.26226689    -6.12370128    -6.26226689    -6.10599484
      444     0.13235412    -6.25613183    -6.12377771    -6.25613183    -6.11293620
      445     0.12984666    -6.25380821    -6.12396155    -6.25380821    -6.12251442
      446     0.12850225    -6.25259263    -6.12409038    -6.25259263    -6.13214233
      447     0.12635770    -6.25046239    -6.12410469    -6.25046239    -6.13994289
      448     0.12295990    -6.24700984    -6.12404994    -6.24700984    -6.14565592
      449     0.11889462    -6.24288411    -6.12398949    -6.24288411    -6.15006548
      450     0.11491604    -6.23887470    -6.12395866    -6.23887470    -6.15407563
      451     0.11141146    -6.23537503    -6.12396357    -6.23537503    -6.15816772
      452     0.10829937    -6.23229233    -6.12399296    -6.23229233    -6.16230392
      453     0.10517241    -6.22920749    -6.12403508    -6.22920749    -6.16607820
      454     0.10152166    -6.22558625    -6.12406459    -6.22558625    -6.16891735
      455     0.09721156    -6.22122175    -6.12401019    -6.22122175    -6.17051941
      456     0.09332776    -6.21716009    -6.12383233    -6.21716009    -6.17178931
      457     0.09233276    -6.21601007    -6.12367731    -6.21601007    -6.17517752
      458     0.09598359    -6.21978479    -6.12380120    -6.21978479    -6.18255425
      459     0.10240297    -6.22659141    -6.12418844    -6.22659141    -6.19190811
      460     0.10646978    -6.23097647    -6.12450669    -6.23097647    -6.19768581
      461     0.10392968    -6.22843184    -6.12450216    -6.22843184    -6.19531897
      462     0.09481125    -6.21901411    -6.12420286    -6.21901411    -6.18488738
      463     0.08320520    -6.20704698    -6.12384178    -6.20704698    -6.17082067
      464     0.07410345    -6.19776962    -6.12366617    -6.19776962    -6.15848150
      465     0.07002300    -6.19375045    -6.12372745    -6.19375045    -6.15051659
      466     0.07018333    -6.19406265    -6.12387932    -6.19406265    -6.14603322
      467     0.07234511    -6.19632121    -6.12397610    -6.19632121    -6.14267840
      468     0.07485736    -6.19884587    -6.12398851    -6.19884587    -6.13882741
      469     0.07728782    -6.20123860    -6.12395078    -6.20123860    -6.13415212
      470     0.08005033    -6.20394761    -6.12389728    -6.20394761    -6.12916488
      471     0.08388660    -6.20773389    -6.12384729    -6.20773389    -6.12467400
      472     0.08953353    -6.21334463    -6.12381110    -6.21334463    -6.12145315
      473     0.09753354    -6.22133345    -6.12379991    -6.22133345    -6.12005354
      474     0.10807522    -6.23190322    -6.12382800    -6.23190322    -6.12063148
      475     0.12080427    -6.24471342    -6.12390915    -6.24471342    -6.12273466
      476     0.13469277    -6.25872631    -6.12403354    -6.25872631    -6.12513136
      477     0.14840045    -6.27250325    -6.12410280    -6.27250325    -6.12610764
      478     0.16158303    -6.28557164    -6.12398861    -6.28557164    -6.12487960
      479     0.17616321    -6.29993297    -6.12376976    -6.29993297    -6.12324660
      480     0.19455771    -6.31854319    -6.12398548    -6.31854319    -6.12465162
      481     0.21749459    -6.34831162    -6.13081703    -6.34831162    -6.13700186
      482     0.23979314    -6.37111331    -6.13132017    -6.37111331    -6.15028844
      483     0.25317307    -6.38472035    -6.13154728    -6.38472035    -6.15550954
      484     0.25409001    -6.38561525    -6.13152524    -6.38561525    -6.14964413
      485     0.24251572    -6.37393734    -6.13142162    -6.37393734    -6.13370671
      486     0.22027494    -6.35152371    -6.13124877    -6.35152371    -6.11029387
      487     0.19052828    -6.32150303    -6.13097475    -6.32150303    -6.08283597
      488     0.15788571    -6.28852880    -6.13064309    -6.28852880    -6.05576854
      489     0.12755269    -6.25792943    -6.13037674    -6.25792943    -6.03374264
      490     0.10364485    -6.23389411    -6.13024926    -6.23389411    -6.01995938
      491     0.08818884    -6.21841720    -6.13022836    -6.21841720    -6.01538298
      492     0.08145586    -6.21171853    -6.13026267    -6.21171853    -6.01944767
      493     0.08269442    -6.21303208    -6.13033766    -6.21303208    -6.03105333
      494     0.09046658    -6.22091595    -6.13044937    -6.22091595    -6.04891084
      495     0.10279815    -6.23337147    -6.13057332    -6.23337147    -6.07145386
      496     0.11751157    -6.24819088    -6.13067931    -6.24819088    -6.09677548
      497     0.13262646    -6.26338700    -6.13076054    -6.26338700    -6.12276691
      498     0.14647620    -6.27732024    -6.13084404    -6.27732024    -6.14732818
      499     0.15742400    -6.28839198    -6.13096798    -6.28839198    -6.16838697
      500     0.16351962    -6.29464073    -6.13112111    -6.29464073    -6.18384167
      501     0.16280722    -6.29400285    -6.13119563    -6.29400285    -6.19186694
      502     0.15494786    -6.28594007    -6.13099221    -6.28594007    -6.19216975
      503     0.14341579    -6.27390712    -6.13049133    -6.27390712    -6.18813330
      504     0.13507034    -6.26516003    -6.13008969    -6.26516003    -6.18659726
      505     0.13493918    -6.26518662    -6.13024744    -6.26518662    -6.19249190
      506     0.14084724    -6.27167731    -6.13083007    -6.27167731    -6.20311575
      507     0.14500118    -6.27629126    -6.13129008    -6.27629126    -6.21009633
      508     0.14069284    -6.27204665    -6.13135381    -6.27204665    -6.20673128
      509     0.12641574    -6.25752270    -6.13110696    -6.25752270    -6.19200925
      510     0.10535405    -6.23607043    -6.13071638    -6.23607043    -6.16967793
      511     0.08303180    -6.21338378    -6.13035198    -6.21338378    -6.14575175
      512     0.06466301    -6.19484109    -6.13017808    -6.19484109    -6.12582992
      513     0.05279730    -6.18303164    -6.13023434    -6.18303164    -6.11261701
      514     0.04677932    -6.17716230    -6.13038298    -6.17716230    -6.10535129
      515     0.04446883    -6.17494404    -6.13047521    -6.17494404    -6.10173628
      516     0.04429028    -6.17476665    -6.13047637    -6.17476665    -6.10015639
      517     0.04591490    -6.17634660    -6.13043170    -6.17634660    -6.10033987
      518     0.04977215    -6.18016860    -6.13039645    -6.18016860    -6.10279315
      519     0.05626605    -6.18667885    -6.13041280    -6.18667885    -6.10798151
      520     0.06511813    -6.19563348    -6.13051535    -6.19563348    -6.11566946
      521     0.07488016    -6.20560134    -6.13072118    -6.20560134    -6.12442147
      522     0.08283421    -6.21381565    -6.13098144    -6.21381565    -6.13145766
      523     0.08596226    -6.21707282    -6.13111056    -6.21707282    -6.13355690
      524     0.08366454    -6.21451074    -6.13084620    -6.21451074    -6.12982241
      525     0.08074915    -6.21097624    -6.13022709    -6.21097624    -6.12499817
      526     0.08601835    -6.21585213    -6.12983378    -6.21585213    -6.12824896
      527     0.10433224    -6.23454653    -6.13021429    -6.23454653    -6.14471083
      528     0.13049123    -6.26147008    -6.13097885    -6.26147008    -6.16863524
      529     0.15372230    -6.28520144    -6.13147914    -6.28520144    -6.18863781
      530     0.16622040    -6.29772848    -6.13150808    -6.29772848    -6.19685261
      531     0.16658837    -6.29783408    -6.13124571    -6.29783408    -6.19218203
      532     0.15806430    -6.28894392    -6.13087962    -6.28894392    -6.17808244
      533     0.14585133    -6.27637396    -6.13052263    -6.27637396    -6.15982053
      534     0.13509186    -6.26539619    -6.13030433    -6.26539619    -6.14257361
      535     0.12896280    -6.25926668    -6.13030388    -6.25926668    -6.12949782
      536     0.12767896    -6.25811690    -6.13043794    -6.25811690    -6.12067545
      537     0.12950560    -6.26006609    -6.13056049    -6.26006609    -6.11433958
      538     0.13261586    -6.26325230    -6.13063644    -6.26325230    -6.10924619
      539     0.13864952    -6.27029107    -6.13164155    -6.27029107    -6.10476452
      540     0.14680471    -6.27790548    -6.13110077    -6.27790548    -6.10982411
      541     0.15432850    -6.28553506    -6.13120656    -6.28553506    -6.11502681
      542     0.16063202    -6.29206396    -6.13143194    -6.29206396    -6.11719648
      543     0.16295913    -6.29464179    -6.13168266    -6.29464179    -6.11301397
      544     0.15867424    -6.29043862    -6.13176438    -6.29043862    -6.09958091
      545     0.14792563    -6.27943502    -6.13150939    -6.27943502    -6.07714787
      546     0.13531393    -6.26640864    -6.13109471    -6.26640864    -6.05108166
      547     0.12707219    -6.25810492    -6.13103273    -6.25810492    -6.02895638
      548     0.12451828    -6.25599674    -6.13147846    -6.25599674    -6.01329871
      549     0.12288951    -6.25469552    -6.13180601    -6.25469552    -6.00010224
      550     0.11877703    -6.25033778    -6.13156075    -6.25033778    -5.98713526
      551     0.11599446    -6.24696750    -6.13097304    -6.24696750    -5.97984596
      552     0.12218608    -6.25300267    -6.13081659    -6.25300267    -5.98722904
      553     0.13932578    -6.27061624    -6.13129046    -6.27061624    -6.01096888
      554     0.16126580    -6.29295540    -6.13168960    -6.29295540    -6.04292208
      555     0.18149945    -6.31319608    -6.13169663    -6.31319608    -6.07473076
      556     0.19765616    -6.32935595    -6.13169979    -6.32935595    -6.10320618
      557     0.20821564    -6.34005248    -6.13183684    -6.34005248    -6.12641494
      558     0.21071668    -6.34260013    -6.13188345    -6.34260013    -6.14191242
      559     0.20434489    -6.33585037    -6.13150548    -6.33585037    -6.14953880
      560     0.19269387    -6.32416276    -6.13146889    -6.32416276    -6.14953220
      561     0.17845313    -6.30990753    -6.13145440    -6.30990753    -6.14419296
      562     0.16139381    -6.29282658    -6.13143277    -6.29282658    -6.13563919
      563     0.14177578    -6.27318573    -6.13140995    -6.27318573    -6.12401266
      564     0.12034748    -6.25160725    -6.13125977    -6.25160725    -6.10975540
      565     0.09975605    -6.23070158    -6.13094553    -6.23070158    -6.09538981
      566     0.08463393    -6.21530061    -6.13066668    -6.21530061    -6.08570024
      567     0.07876674    -6.20946265    -6.13069591    -6.20946265    -6.08471803
      568     0.08174178    -6.21272948    -6.13098770    -6.21272948    -6.09199612
      569     0.08945123    -6.22071164    -6.13126041    -6.22071164    -6.10320900
      570     0.09767662    -6.22904446    -6.13136784    -6.22904446    -6.11409530
      571     0.10428206    -6.23565607    -6.13137401    -6.23565607    -6.12269384
      572     0.10873388    -6.24011914    -6.13138526    -6.24011914    -6.12866604
      573     0.11074115    -6.24218614    -6.13144499    -6.24218614    -6.13181726
      574     0.10968079    -6.24118543    -6.13150464    -6.24118543    -6.13149928
      575     0.10509389    -6.23660450    -6.13151061    -6.23660450    -6.12721584
      576     0.09720881    -6.22872592    -6.13151711    -6.22872592    -6.11928449
      577     0.08663511    -6.21815422    -6.13151911    -6.21815422    -6.10836585
      578     0.07483066    -6.20611937    -6.13128871    -6.20611937    -6.09573894
      579     0.06635853    -6.19717113    -6.13081260    -6.19717113    -6.08596702
      580     0.06761333    -6.19834757    -6.13073424    -6.19834757    -6.08607682
      581     0.07915972    -6.21049930    -6.13133958    -6.21049930    -6.09691642
      582     0.09280988    -6.22476804    -6.13195816    -6.22476804    -6.10963451
      583     0.09945986    -6.23152240    -6.13206254    -6.23152240    -6.11457015
      584     0.09657567    -6.22828331    -6.13170764    -6.22828331    -6.10914892
      585     0.08834208    -6.22298465    -6.13464257    -6.22298465    -6.06651744
      586     0.08153086    -6.21581787    -6.13428701    -6.21581787    -6.06342105
      587     0.08103271    -6.21534881    -6.13431610    -6.21534881    -6.06686744
      588     0.08661060    -6.22117620    -6.13456560    -6.22117620    -6.07621372
      589     0.09483440    -6.22954906    -6.13471466    -6.22954906    -6.08710664
      590     0.10326001    -6.23792097    -6.13466096    -6.23792097    -6.09620226
      591     0.11206446    -6.24660157    -6.13453711    -6.24660157    -6.10298406
      592     0.12271749    -6.25718381    -6.13446632    -6.25718381    -6.10869197
      593     0.13631218    -6.27077924    -6.13446706    -6.27077924    -6.11466388
      594     0.15293078    -6.28747410    -6.13454332    -6.28747410    -6.12126137
      595     0.17158753    -6.30627074    -6.13468321    -6.30627074    -6.12768362
      596     0.19039470    -6.32526330    -6.13486860    -6.32526330    -6.13214846
      597     0.20688952    -6.34195183    -6.13506231    -6.34195183    -6.13224940
      598     0.21856581    -6.35378274    -6.13521693    -6.35378274    -6.12566890
      599     0.22346942    -6.35879297    -6.13532355    -6.35879297    -6.11111696
      600     0.22031948    -6.35574024    -6.13542076    -6.35574024    -6.08875197
