#     Density Matrix: coherence Re-Im; see the manual for detail orders
        0     0.00000000     0.00000000
        1     0.00079783    -0.00379372
        2    -0.00011567    -0.00238451
        3     0.00146480    -0.00656358
        4    -0.00026980    -0.00650093
        5     0.00214615    -0.01039486
        6    -0.00077347    -0.01182990
        7     0.00162457    -0.01256000
        8    -0.00063082    -0.01496937
        9    -0.00071196    -0.01199239
       10     0.00098591    -0.01312926
       11    -0.00156318    -0.01271065
       12    -0.00098658    -0.00939557
       13     0.00082177    -0.00965067
       14    -0.00092898    -0.00995458
       15    -0.00222798    -0.00692821
       16    -0.00057687    -0.00448966
       17     0.00048374    -0.00473432
       18    -0.00096988    -0.00459302
       19    -0.00223377    -0.00211188
       20    -0.00106086     0.00041981
       21     0.00085732     0.00045604
       22     0.00077684    -0.00093578
       23    -0.00091964    -0.00086831
       24    -0.00140816     0.00098703
       25     0.00017320     0.00197321
       26     0.00124871     0.00072806
       27    -0.00012036    -0.00032279
       28    -0.00174041     0.00125782
       29    -0.00072586     0.00345899
       30     0.00107731     0.00298086
       31     0.00009122     0.00163244
       32    -0.00163718     0.00320663
       33    -0.00015356     0.00518287
       34     0.00130725     0.00366493
       35    -0.00073114     0.00284161
       36    -0.00103493     0.00524614
       37     0.00135507     0.00478269
       38     0.00008929     0.00264997
       39    -0.00115185     0.00446285
       40     0.00136833     0.00434960
       41     0.00059241     0.00147115
       42    -0.00102142     0.00259671
       43     0.00139622     0.00245446
       44     0.00090948    -0.00078266
       45    -0.00105881    -0.00010016
       46     0.00102264     0.00033656
       47     0.00119060    -0.00262647
       48    -0.00118850    -0.00243826
       49    -0.00004349    -0.00069111
       50     0.00135742    -0.00238247
       51    -0.00073270    -0.00323765
       52    -0.00159271    -0.00070184
       53     0.00039732     0.00041132
       54     0.00061678    -0.00088910
       55    -0.00142571    -0.00028238
       56    -0.00152277     0.00243592
       57     0.00066305     0.00315512
       58     0.00134794     0.00128890
       59    -0.00018826     0.00033323
       60    -0.00062295     0.00124369
       61     0.00128074     0.00093294
       62     0.00260527    -0.00210686
       63     0.00138345    -0.00516668
       64    -0.00017957    -0.00584119
       65     0.00047358    -0.00577210
       66     0.00211177    -0.00762009
       67     0.00188103    -0.01063288
       68    -0.00010866    -0.01188450
       69    -0.00106921    -0.01084950
       70     0.00010386    -0.01004907
       71     0.00129860    -0.01111093
       72     0.00048781    -0.01247676
       73    -0.00142128    -0.01188601
       74    -0.00213448    -0.00952992
       75    -0.00113694    -0.00749299
       76    -0.00006895    -0.00689562
       77    -0.00046779    -0.00676172
       78    -0.00217115    -0.00547216
       79    -0.00391032    -0.00246591
       80    -0.00477265     0.00159390
       81    -0.00487890     0.00577798
       82    -0.00502062     0.00972608
       83    -0.00597806     0.01377500
       84    -0.00809627     0.01860567
       85    -0.01122242     0.02481921
       86    -0.01483485     0.03268365
       87    -0.01820677     0.04205925
       88    -0.02050596     0.05243429
       89    -0.02087140     0.06297661
       90    -0.01856582     0.07260462
       91    -0.01317330     0.08009428
       92    -0.00477868     0.08424009
       93     0.00596102     0.08405988
       94     0.01790488     0.07900797
       95     0.02969225     0.06913106
       96     0.04014161     0.05509046
       97     0.04867519     0.03799931
       98     0.05570071     0.01909174
       99     0.06294759    -0.00070141
      100     0.07378214    -0.02112952
      101     0.09377152    -0.04280071
      102     0.13176448    -0.06709143
      103     0.20043213    -0.09576095
      104     0.30719505    -0.13024534
      105     0.41592769    -0.17072252
      106     0.45051215    -0.21552758
      107     0.40724000    -0.26133237
      108     0.31439448    -0.30399807
      109     0.18930197    -0.33763147
      110     0.07411028    -0.35800670
      111    -0.03393385    -0.36132387
      112    -0.13676164    -0.34524918
      113    -0.23282765    -0.31012583
      114    -0.31977020    -0.25912733
      115    -0.39588506    -0.19731010
      116    -0.45811505    -0.13008540
      117    -0.49517028    -0.06186209
      118    -0.48526821     0.00457482
      119    -0.42065621     0.06770278
      120    -0.35441103     0.12578984
      121    -0.30821903     0.17992388
      122    -0.24509835     0.22610210
      123    -0.16348915     0.25972534
      124    -0.06145367     0.27766918
      125     0.06022258     0.27803864
      126     0.19072481     0.25958462
      127     0.30871905     0.22110200
      128     0.39738043     0.16125998
      129     0.45302526     0.07921698
      130     0.47622016    -0.02392856
      131     0.46388693    -0.14318970
      132     0.41271646    -0.27142056
      133     0.30490508    -0.39480585
      134     0.13166085    -0.48210576
      135    -0.09041738    -0.49156344
      136    -0.31608975    -0.38665009
      137    -0.47144247    -0.16080023
      138    -0.47600646     0.13794757
      139    -0.28675036     0.40073031
      140     0.05179172     0.48899324
      141     0.38390868     0.30994322
      142     0.48868126    -0.08439373
      143     0.22627881    -0.44275110
      144    -0.25939013    -0.42423930
      145    -0.49418420     0.05435465
      146    -0.10147598     0.48710007
      147     0.46130244     0.18449257
      148     0.18946410    -0.45661801
      149    -0.48329652    -0.11254049
      150     0.05534485     0.49569022
      151     0.39297913    -0.29969849
      152    -0.49008919    -0.07674291
      153     0.35125778     0.35380519
      154    -0.15566074    -0.46904530
      155    -0.01808803     0.49737534
      156     0.15792033    -0.47004317
      157    -0.26586185     0.41981182
      158     0.34921679    -0.35285586
      159    -0.41230656     0.27671581
      160     0.45828659    -0.19149691
      161    -0.48699242     0.09655017
      162     0.49650767     0.00807923
      163    -0.48035376    -0.12623104
      164     0.42790474     0.25156499
      165    -0.32641540    -0.37483941
      166     0.16897600     0.46583756
      167     0.04089449    -0.49621483
      168    -0.27550208     0.41125984
      169     0.46189076    -0.18371621
      170    -0.46712854    -0.17012671
      171     0.18832447     0.45828401
      172     0.25598421    -0.42615921
      173    -0.49657206     0.01020731
      174     0.25081847     0.42823206
      175     0.26728387    -0.41858498
      176    -0.49342781    -0.05634917
      177     0.16512858     0.46841807
      178     0.34460717    -0.35727866
      179    -0.47739440    -0.13652566
      180     0.11874269     0.48253273
      181     0.34525612    -0.35644769
      182    -0.48989988    -0.08073330
      183     0.23209898     0.43944948
      184     0.18825770    -0.45909440
      185    -0.46664011     0.17003122
      186     0.44761874     0.21533285
      187    -0.17276954    -0.46543727
      188    -0.18893723     0.45916339
      189     0.44783759    -0.21483515
      190    -0.47680819    -0.13885599
      191     0.26087239     0.42214513
      192     0.09630253    -0.48762269
      193    -0.40765147     0.28299291
      194     0.48807702     0.09095029
      195    -0.26517080    -0.42039510
      196    -0.14247616     0.47513879
      197     0.45915932    -0.18957992
      198    -0.42686357    -0.25422362
      199     0.03305307     0.49502228
      200     0.40246811    -0.29123755
      201    -0.45087554    -0.20848463
      202     0.01575946     0.49602239
      203     0.44763397    -0.21514931
      204    -0.36180908    -0.34033456
      205    -0.20708755     0.45122578
      206     0.49133060     0.07175250
      207    -0.05263752    -0.49381344
      208    -0.46967878     0.16124519
      209     0.25366569     0.42690558
      210     0.36980486    -0.33138408
      211    -0.39596628    -0.29964695
      212    -0.21549860     0.44746376
      213     0.48307801     0.11494769
      214    -0.00452399    -0.49632292
      215    -0.47604149     0.14195954
      216     0.28804382     0.40495320
      217     0.26362878    -0.41998460
      218    -0.49450115    -0.04553245
      219     0.21965575     0.44638163
      220     0.22242303    -0.44246989
      221    -0.47662509     0.14092989
      222     0.45022544     0.21095971
      223    -0.24108756    -0.43249371
      224    -0.02306562     0.49717752
      225     0.25857470    -0.42296764
      226    -0.42165896     0.26285340
      227     0.49372295    -0.05332027
      228    -0.47017548    -0.15925431
      229     0.36177055     0.34040764
      230    -0.19176323    -0.45795262
      231    -0.00641378     0.49653302
      232     0.19786128    -0.45554303
      233    -0.35313764     0.34895924
      234     0.45439165    -0.20051229
      235    -0.49542026     0.03348423
      236     0.47935292     0.12943299
      237    -0.41400691    -0.27446505
      238     0.30888861     0.38852364
      239    -0.17352341    -0.46556603
      240     0.01811295     0.49593618
      241     0.14489836    -0.47525898
      242    -0.29891783     0.39625084
      243     0.42230685    -0.26146541
      244    -0.49029232     0.07868872
      245     0.48001875     0.12692394
      246    -0.38004267    -0.31970948
      247     0.19887438     0.45504484
      248     0.02995438    -0.49552463
      249    -0.25513081     0.42627667
      250     0.42251554    -0.26055185
      251    -0.49487391     0.04159199
      252     0.46263612     0.18080157
      253    -0.34376723    -0.35797119
      254     0.17298122     0.46581499
      255     0.01201627    -0.49609986
      256    -0.18110046     0.46267695
      257     0.31665155    -0.38222077
      258    -0.41253915     0.27668591
      259     0.47036785    -0.15893162
      260    -0.49492416     0.04067692
      261     0.49082947     0.07563186
      262    -0.46021645    -0.18628084
      263     0.40210348     0.29157293
      264    -0.31255298    -0.38572413
      265     0.18727870     0.46001528
      266    -0.02596625    -0.49582846
      267    -0.16012489     0.47008599
      268     0.34141864    -0.36059923
      269    -0.46892470     0.16328642
      270     0.48809699     0.09143042
      271    -0.36633861    -0.33540354
      272     0.12268895     0.48086224
      273     0.16752287    -0.46794408
      274    -0.40073292     0.29246733
      275     0.49620409    -0.02281911
      276    -0.42851080    -0.25187952
      277     0.22923824     0.43874524
      278     0.04552282    -0.49627673
      279    -0.32361536     0.37429307
      280     0.49015265    -0.08038015
      281    -0.39770813    -0.29890328
      282     0.01654540     0.49519969
      283     0.40056835    -0.29382398
      284    -0.45699949    -0.19485179
      285     0.04379944     0.49466686
      286     0.42324964    -0.25925485
      287    -0.41664879    -0.26981377
      288    -0.06619116     0.49265264
      289     0.47194340    -0.15375390
      290    -0.35063137    -0.35098318
      291    -0.14264549     0.47627676
      292     0.48222178    -0.11770411
      293    -0.36245895    -0.33866561
      294    -0.06027361     0.49365009
      295     0.41774087    -0.26755164
      296    -0.48259960    -0.11609890
      297     0.27994193     0.41098809
      298     0.02817477    -0.49482382
      299    -0.29413257     0.40086707
      300     0.45053658    -0.20806590
      301    -0.49653569    -0.00014521
      302     0.46088147     0.18551933
      303    -0.37370603    -0.32641984
      304     0.25700070     0.42530921
      305    -0.12360881    -0.48062720
      306    -0.01767065     0.49641639
      307     0.15949848    -0.47022472
      308    -0.29205022     0.40149691
      309     0.40309494    -0.29023430
      310    -0.47652955     0.13918723
      311     0.49504986     0.03888357
      312    -0.44222167    -0.22631868
      313     0.30964975     0.38757040
      314    -0.10395290    -0.48624254
      315    -0.14297154     0.47471182
      316     0.36955166    -0.33243897
      317    -0.49185741     0.06768751
      318     0.43591465     0.23704764
      319    -0.19147639    -0.45864957
      320    -0.15090490     0.47287862
      321     0.42488130    -0.25678384
      322    -0.48923622    -0.08535924
      323     0.31938514     0.38071326
      324    -0.01713429    -0.49539707
      325    -0.27410079     0.41501542
      326     0.45361736    -0.20096276
      327    -0.49426993    -0.04631663
      328     0.42101825     0.26419010
      329    -0.27897010    -0.41001569
      330     0.11272272     0.48417465
      331     0.04587291    -0.49395804
      332    -0.17889019     0.46357917
      333     0.28110155    -0.40906339
      334    -0.35438382     0.34803315
      335     0.40449729    -0.28789702
      336    -0.43747946     0.23499761
      337     0.45887686    -0.18975186
      338    -0.47265881     0.15217817
      339     0.48180682    -0.12028458
      340    -0.48802007     0.09153710
      341     0.49248425    -0.06385965
      342    -0.49541641     0.03321409
      343     0.49658927     0.00222570
      344    -0.49420274    -0.04841989
      345     0.48498621     0.10630520
      346    -0.46201642    -0.18252617
      347     0.41521781     0.27152011
      348    -0.32981681    -0.37221175
      349     0.19212830     0.45654799
      350     0.00192568    -0.49771699
      351    -0.22858954     0.43959570
      352     0.42371675    -0.25977822
      353    -0.49577677    -0.03023921
      354     0.37267214     0.32745865
      355    -0.06994565    -0.49199517
      356    -0.28158292     0.40889486
      357     0.48676367    -0.09776273
      358    -0.41349718    -0.27486210
      359     0.09573187     0.48761350
      360     0.27526096    -0.41265392
      361    -0.48454705     0.10967255
      362     0.43369997     0.24260871
      363    -0.18260843    -0.46060908
      364    -0.12658802     0.48128833
      365     0.36869354    -0.33135564
      366    -0.48585579     0.10333680
      367     0.47803971     0.13554240
      368    -0.37300634    -0.32699909
      369     0.20823868     0.45130308
      370    -0.01901883    -0.49581318
      371    -0.16408053     0.46896071
      372     0.31857624    -0.38064244
      373    -0.42929092     0.25014759
      374     0.48960745    -0.08477853
      375    -0.48692593    -0.09902103
      376     0.41544323     0.27263620
      377    -0.28101232    -0.40978021
      378     0.10061596     0.48662654
      379     0.09800835    -0.48711969
      380    -0.27633697     0.41306191
      381     0.41198861    -0.27772874
      382    -0.48829450     0.09263627
      383     0.48324083     0.11590781
      384    -0.38959904    -0.30805656
      385     0.21804133     0.44716306
      386     0.00172110    -0.49589508
      387    -0.22893855     0.44222921
      388     0.41324412    -0.27426471
      389    -0.49653561     0.02064158
      390     0.41774427     0.27057476
      391    -0.15790671    -0.46999594
      392    -0.19472715     0.45771481
      393     0.45655136    -0.19642623
      394    -0.46358506    -0.17872704
      395     0.21055849     0.44954820
      396     0.14721808    -0.47559376
      397    -0.41570335     0.27061336
      398     0.49629465     0.02469177
      399    -0.40260394    -0.29283185
      400     0.20033597     0.45316574
      401     0.04453627    -0.49590747
      402    -0.27534484     0.41289062
      403     0.43894671    -0.23338430
      404    -0.49696682    -0.00458201
      405     0.43577649     0.23845724
      406    -0.27451838    -0.41441648
      407     0.05714237     0.49353930
      408     0.16247970    -0.46961670
      409    -0.33996589     0.36252076
      410     0.45133765    -0.20774339
      411    -0.49517464     0.04218595
      412     0.48480891     0.10923082
      413    -0.43950592    -0.23159972
      414     0.37618745     0.32506151
      415    -0.30645531    -0.39069089
      416     0.23490299     0.43844125
      417    -0.16086826    -0.46950489
      418     0.07953843     0.49116983
      419     0.01470293    -0.49595878
      420    -0.12530421     0.48153137
      421     0.24911866    -0.42930397
      422    -0.37189649     0.33010724
      423     0.46650788    -0.17086491
      424    -0.49558305    -0.03545440
      425     0.42549680     0.25695062
      426    -0.24503685    -0.43228626
      427    -0.01452481     0.49652174
      428     0.28024922    -0.41076972
      429    -0.46008842     0.18704129
      430     0.48674815     0.09964436
      431    -0.34917716    -0.35432988
      432     0.09832922     0.48612320
      433     0.17980764    -0.46412375
      434    -0.39824093     0.29633485
      435     0.49492209    -0.04496831
      436    -0.44524157    -0.22143564
      437     0.26398545     0.42037463
      438    -0.00305534    -0.49738129
      439    -0.26118674     0.42237415
      440     0.44695192    -0.21743906
      441    -0.49345560    -0.05909830
      442     0.38170409     0.31797425
      443    -0.14480702    -0.47548341
      444    -0.14088509     0.47649684
      445     0.37996169    -0.32020194
      446    -0.49333805     0.06000680
      447     0.44746842     0.21624312
      448    -0.26613976    -0.41937886
      449     0.01486328     0.49709489
      450     0.22887472    -0.44050542
      451    -0.40651065     0.28653922
      452     0.49027024    -0.07985104
      453    -0.47975683    -0.12869151
      454     0.38590535     0.31407709
      455    -0.22270801    -0.44304129
      456     0.00917847     0.49775690
      457     0.21967562    -0.44489326
      458    -0.40800832     0.28418090
      459     0.49550928    -0.03813586
      460    -0.44377276    -0.22322485
      461     0.26270859     0.42186538
      462    -0.00857647    -0.49706391
      463    -0.23906086     0.43514693
      464     0.41572501    -0.27297598
      465    -0.49259212     0.06416974
      466     0.47865161     0.13266703
      467    -0.40137420    -0.29395559
      468     0.28933622     0.40293906
      469    -0.16214892    -0.47054544
      470     0.03025582     0.49525386
      471     0.09958187    -0.48737505
      472    -0.22191639     0.44420604
      473     0.32937515    -0.37236043
      474    -0.41463279     0.27373660
      475     0.47100889    -0.15841738
      476    -0.49569244     0.03537289
      477     0.48971149     0.08428422
      478    -0.45832302    -0.19197806
      479     0.40850769     0.28308918
      480    -0.34774770    -0.35476367
      481     0.28180742     0.40956365
      482    -0.21458652    -0.44786609
      483     0.14738718     0.47494989
      484    -0.07984388    -0.48999944
      485     0.00986597     0.49732669
      486     0.06500591    -0.49205529
      487    -0.14718163     0.47522176
      488     0.23692081    -0.43614873
      489    -0.33051742     0.37166423
      490     0.41768900    -0.26865464
      491    -0.48020994     0.12819790
      492     0.49477560     0.04698485
      493    -0.43976108    -0.23101675
      494     0.30736890     0.39069588
      495    -0.11155562    -0.48414169
      496    -0.11058388     0.48443176
      497     0.31127635    -0.38753956
      498    -0.44772842     0.21521810
      499     0.49690427    -0.00823954
      500    -0.45741697    -0.19458760
      501     0.34498910     0.35713164
      502    -0.18264634    -0.46265855
      503    -0.00493089     0.49638180
      504     0.19316770    -0.45826368
      505    -0.35650712     0.34584039
      506     0.46653440    -0.17131781
      507    -0.49481923    -0.04628242
      508     0.41924027     0.26662772
      509    -0.23742598    -0.43656329
      510    -0.02096770     0.49659937
      511     0.28729582    -0.40517193
      512    -0.46757311     0.16882456
      513     0.47525225     0.14549851
      514    -0.28049425    -0.40948563
      515    -0.05470407     0.49473968
      516     0.37556617    -0.32424235
      517    -0.49562872    -0.03533645
      518     0.30709601     0.39179221
      519     0.10392538    -0.48455689
      520    -0.45013251     0.21167389
      521     0.42915451     0.25170963
      522    -0.01875624    -0.49538908
      523    -0.41774016     0.26996438
      524     0.43864893     0.23442817
      525    -0.00107248    -0.49620830
      526    -0.43975467     0.23181287
      527     0.40806408     0.28406672
      528     0.06161173    -0.49283302
      529    -0.46320389     0.17993400
      530     0.38375341     0.31579638
      531     0.07553700    -0.49126627
      532    -0.45482954     0.19977929
      533     0.42296906     0.26056255
      534    -0.04641356    -0.49528174
      535    -0.35014207     0.35173990
      536     0.49673664     0.01587374
      537    -0.34651242    -0.35720714
      538     0.03357268     0.49422701
      539     0.27065482    -0.41821229
      540    -0.45605778     0.19560784
      541     0.49241425     0.06453536
      542    -0.39619676    -0.30125640
      543     0.20168928     0.45311081
      544     0.04218920    -0.49571628
      545    -0.27748402     0.41196265
      546     0.44358468    -0.22382914
      547    -0.49645583    -0.02391630
      548     0.41840876     0.26844353
      549    -0.22541776    -0.44205408
      550    -0.04034524     0.49619260
      551     0.30846163    -0.38849798
      552    -0.48011431     0.12910210
      553     0.44914189     0.21359974
      554    -0.17381052    -0.46455031
      555    -0.23103908     0.44077177
      556     0.48911796    -0.08694567
      557    -0.34707610    -0.35474897
      558    -0.12938590     0.48056003
      559     0.48558177    -0.10478657
      560    -0.29693440    -0.39760730
      561    -0.25972185     0.42438836
      562     0.48599833     0.10446582
      563    -0.04656816    -0.49396843
      564    -0.46377826     0.17908123
      565     0.28634772     0.40676815
      566     0.33229335    -0.36890044
      567    -0.42955466    -0.24922745
      568    -0.16370171     0.46960860
      569     0.49095884     0.07754094
      570    -0.00830247    -0.49662459
      571    -0.48820278     0.09234237
      572     0.17394758     0.46545421
      573     0.42828124    -0.25239845
      574    -0.32528186    -0.37597843
      575    -0.30709937     0.39005253
      576     0.44416612     0.22229144
      577     0.12405969    -0.48194422
      578    -0.49672360    -0.01356385
      579     0.10680028     0.48431314
      580     0.44161985    -0.22878366
      581    -0.34112398    -0.36226739
      582    -0.24269023     0.43267292
      583     0.48898076     0.08739499
      584    -0.09129878    -0.48917957
      585    -0.41471690     0.27321495
      586     0.42408079     0.25840542
      587     0.03223080    -0.49627304
      588    -0.44394322     0.22301299
      589     0.43082034     0.24734710
      590    -0.05799412    -0.49377908
      591    -0.34090246     0.36127865
      592     0.49694663    -0.00243622
      593    -0.36673765    -0.33565129
      594     0.07603253     0.49061761
      595     0.21745948    -0.44735413
      596    -0.41481869     0.27292192
      597     0.49342521    -0.05975402
      598    -0.47811460    -0.13613955
      599     0.40796138     0.28297909
      600    -0.31540505    -0.38464629
