#    Step     Kinetic(H)     Potential(H)   Total(H)       E(0)(H)        E(1)(H)        E(2)(H)        
        0     0.00772073    -4.95311440    -4.94539368    -5.27584683    -5.05200679    -4.95311440
        1     0.00703660    -4.95242554    -4.94538894    -5.27670144    -5.05242041    -4.95242554
        2     0.00711612    -4.95252751    -4.94541140    -5.27739140    -5.05303687    -4.95252751
        3     0.00786066    -4.95328132    -4.94542066    -5.27785121    -5.05371718    -4.95328132
        4     0.00916301    -4.95464944    -4.94548643    -5.27800661    -5.05442382    -4.95464944
        5     0.01091380    -4.95648683    -4.94557303    -5.27778604    -5.05508522    -4.95648683
        6     0.01299408    -4.95869830    -4.94570422    -5.27713106    -5.05556948    -4.95869830
        7     0.01527778    -4.96125291    -4.94597513    -5.27601074    -5.05584563    -4.96125291
        8     0.01764419    -4.96401393    -4.94636974    -5.27443534    -5.05588720    -4.96401393
        9     0.01999103    -4.96700516    -4.94701413    -5.27246542    -5.05568124    -4.96700516
       10     0.02223959    -4.97018659    -4.94794700    -5.27020794    -5.05529799    -4.97018659
       11     0.02432902    -4.97358306    -4.94925404    -5.26779803    -5.05483578    -4.97358306
       12     0.02620563    -4.97722047    -4.95101483    -5.26537180    -5.05435727    -4.97722047
       13     0.02781513    -4.98105954    -4.95324441    -5.26303698    -5.05400692    -4.98105954
       14     0.02910378    -4.98511870    -4.95601492    -5.26084877    -5.05369291    -4.98511870
       15     0.03002979    -4.98920523    -4.95917543    -5.25879816    -5.05351652    -4.98920523
       16     0.03057952    -4.99325458    -4.96267506    -5.25682062    -5.05330295    -4.99325458
       17     0.07957461    -5.05299206    -4.97341745    -5.25481926    -5.05299206    -4.99705961
       18     0.02521243    -5.00228118    -4.97706875    -5.25133125    -5.05207650    -5.00228118
       19     0.02458227    -5.00480226    -4.98021999    -5.24903817    -5.05125339    -5.00480226
       20     0.02401402    -5.00694896    -4.98293494    -5.24655445    -5.05016615    -5.00694896
       21     0.02342565    -5.00865323    -4.98522758    -5.24384880    -5.04885697    -5.00865323
       22     0.02273886    -5.00998334    -4.98724448    -5.24091600    -5.04728389    -5.00998334
       23     0.02190663    -5.01099573    -4.98908910    -5.23777571    -5.04546658    -5.01099573
       24     0.02092029    -5.01165800    -4.99073771    -5.23446906    -5.04348290    -5.01165800
       25     0.01980347    -5.01209926    -4.99229579    -5.23105164    -5.04138846    -5.01209926
       26     0.01860140    -5.01234656    -4.99374516    -5.22758726    -5.03924706    -5.01234656
       27     0.01736917    -5.01246471    -4.99509553    -5.22414073    -5.03708674    -5.01246471
       28     0.01616135    -5.01255000    -4.99638865    -5.22077159    -5.03500383    -5.01255000
       29     0.01502430    -5.01261517    -4.99759087    -5.21752931    -5.03297429    -5.01261517
       30     0.01399176    -5.01273345    -4.99874169    -5.21445041    -5.03114485    -5.01273345
       31     0.01308349    -5.01285419    -4.99977070    -5.21155770    -5.02942812    -5.01285419
       32     0.01230566    -5.01309706    -5.00079140    -5.20886063    -5.02787028    -5.01309706
       33     0.01165250    -5.01338584    -5.00173334    -5.20635646    -5.02646859    -5.01338584
       34     0.01110872    -5.01374426    -5.00263555    -5.20403218    -5.02521005    -5.01374426
       35     0.01065178    -5.01415077    -5.00349899    -5.20186624    -5.02407308    -5.01415077
       36     0.01025508    -5.01454165    -5.00428657    -5.19983166    -5.02303074    -5.01454165
       37     0.00989113    -5.01496140    -5.00507027    -5.19789946    -5.02205402    -5.01496140
       38     0.00953459    -5.01534543    -5.00581084    -5.19604178    -5.02111507    -5.01534543
       39     0.00916388    -5.01567016    -5.00650628    -5.19423506    -5.02019033    -5.01567016
       40     0.00876009    -5.01595342    -5.00719334    -5.19246035    -5.01922411    -5.01595342
       41     0.00830244    -5.01611047    -5.00780803    -5.19070643    -5.01831543    -5.01611047
       42     0.00774253    -5.01610590    -5.00836338    -5.18897465    -5.01742888    -5.01610590
       43     0.00780934    -5.01677836    -5.00896902    -5.18729515    -5.01677836    -5.01585962
       44     0.00701347    -5.01651969    -5.00950621    -5.18560326    -5.01651969    -5.01512321
       45     0.00640926    -5.01637101    -5.00996175    -5.18391111    -5.01637101    -5.01423955
       46     0.00586970    -5.01620961    -5.01033991    -5.18224299    -5.01620961    -5.01323292
       47     0.00539079    -5.01606717    -5.01067638    -5.18063058    -5.01606717    -5.01228199
       48     0.00499111    -5.01597499    -5.01098388    -5.17910517    -5.01597499    -5.01134457
       49     0.00468937    -5.01592311    -5.01123374    -5.17769357    -5.01592311    -5.01052096
       50     0.00449785    -5.01600383    -5.01150598    -5.17641456    -5.01600383    -5.00975645
       51     0.00441943    -5.01615185    -5.01173242    -5.17527636    -5.01615185    -5.00909598
       52     0.00444656    -5.01640029    -5.01195374    -5.17427532    -5.01640029    -5.00857269
       53     0.00456184    -5.01677087    -5.01220903    -5.17339643    -5.01677087    -5.00809803
       54     0.00474010    -5.01716557    -5.01242547    -5.17261515    -5.01716557    -5.00772100
       55     0.00495149    -5.01762716    -5.01267567    -5.17190076    -5.01762716    -5.00741085
       56     0.00516523    -5.01808582    -5.01292058    -5.17122019    -5.01808582    -5.00709777
       57     0.00535333    -5.01851017    -5.01315684    -5.17054206    -5.01851017    -5.00675039
       58     0.00549372    -5.01887401    -5.01338029    -5.16984017    -5.01887401    -5.00637924
       59     0.00557230    -5.01919539    -5.01362309    -5.16909582    -5.01919539    -5.00600239
       60     0.00558395    -5.01946447    -5.01388053    -5.16829918    -5.01946447    -5.00549974
       61     0.00553223    -5.01964365    -5.01411141    -5.16744937    -5.01964365    -5.00498068
       62     0.00542810    -5.01977673    -5.01434863    -5.16655347    -5.01977673    -5.00441552
       63     0.00528782    -5.01984011    -5.01455229    -5.16562461    -5.01984011    -5.00381741
       64     0.00513067    -5.01988765    -5.01475698    -5.16467993    -5.01988765    -5.00324022
       65     0.00497660    -5.01993805    -5.01496145    -5.16373810    -5.01993805    -5.00262913
       66     0.00484402    -5.01997261    -5.01512858    -5.16281717    -5.01997261    -5.00207569
       67     0.00474821    -5.02008040    -5.01533220    -5.16193274    -5.02008040    -5.00155875
       68     0.00470007    -5.02019971    -5.01549964    -5.16109656    -5.02019971    -5.00109007
       69     0.00470556    -5.02037435    -5.01566879    -5.16031572    -5.02037435    -5.00067672
       70     0.00476555    -5.02060648    -5.01584093    -5.15959237    -5.02060648    -5.00035761
       71     0.00487622    -5.02089354    -5.01601732    -5.15892394    -5.02089354    -5.00005668
       72     0.00502974    -5.02119213    -5.01616239    -5.15830380    -5.02119213    -4.99984078
       73     0.00521520    -5.02156589    -5.01635068    -5.15772208    -5.02156589    -4.99966330
       74     0.00541970    -5.02196607    -5.01654637    -5.15716678    -5.02196607    -4.99951224
       75     0.00562951    -5.02234296    -5.01671345    -5.15662494    -5.02234296    -4.99937465
       76     0.00583137    -5.02275738    -5.01692601    -5.15608387    -5.02275738    -4.99923782
       77     0.00601363    -5.02312463    -5.01711100    -5.15553239    -5.02312463    -4.99909058
       78     0.00616745    -5.02347295    -5.01730549    -5.15496197    -5.02347295    -4.99892441
       79     0.00628756    -5.02379730    -5.01750973    -5.15436759    -5.02379730    -4.99869752
       80     0.00637276    -5.02409665    -5.01772390    -5.15374821    -5.02409665    -4.99844564
       81     0.00642602    -5.02437422    -5.01794820    -5.15310705    -5.02437422    -4.99817197
       82     0.00645429    -5.02463729    -5.01818300    -5.15245139    -5.02463729    -4.99784705
       83     0.00646771    -5.02485983    -5.01839212    -5.15179195    -5.02485983    -4.99748160
       84     0.00647859    -5.02509175    -5.01861317    -5.15114188    -5.02509175    -4.99712553
       85     0.00649996    -5.02534729    -5.01884733    -5.15051544    -5.02534729    -4.99675633
       86     0.00654411    -5.02560350    -5.01905939    -5.14992641    -5.02560350    -4.99638780
       87     0.00662111    -5.02594572    -5.01932461    -5.14938665    -5.02594572    -4.99603178
       88     0.00673763    -5.02630907    -5.01957144    -5.14890477    -5.02630907    -4.99573365
       89     0.00689620    -5.02669812    -5.01980192    -5.14848533    -5.02669812    -4.99542445
       90     0.00709502    -5.02718650    -5.02009148    -5.14812847    -5.02718650    -4.99514110
       91     0.00732834    -5.02769675    -5.02036841    -5.14783024    -5.02769675    -4.99487961
       92     0.00758733    -5.02825832    -5.02067099    -5.14758332    -5.02825832    -4.99463270
       93     0.00786136    -5.02882504    -5.02096368    -5.14737831    -5.02882504    -4.99439094
       94     0.00813945    -5.02946026    -5.02132081    -5.14720504    -5.02946026    -4.99414417
       95     0.00841165    -5.03008099    -5.02166934    -5.14705404    -5.03008099    -4.99384618
       96     0.00867019    -5.03071635    -5.02204616    -5.14691767    -5.03071635    -4.99352605
       97     0.00891026    -5.03139811    -5.02248785    -5.14679094    -5.03139811    -4.99317883
       98     0.00913025    -5.03205084    -5.02292060    -5.14667194    -5.03205084    -4.99280258
       99     0.00933158    -5.03271234    -5.02338076    -5.14656170    -5.03271234    -4.99239835
      100     0.00951814    -5.03338616    -5.02386802    -5.14646378    -5.03338616    -4.99193294
      101     0.00969549    -5.03404095    -5.02434546    -5.14638359    -5.03404095    -4.99144850
      102     0.00986995    -5.03475667    -5.02488672    -5.14632757    -5.03475667    -4.99095149
      103     0.01004767    -5.03550315    -5.02545549    -5.14630232    -5.03550315    -4.99044850
      104     0.01023386    -5.03628635    -5.02605250    -5.14631379    -5.03628635    -4.98990873
      105     0.01043227    -5.03711102    -5.02667875    -5.14636672    -5.03711102    -4.98941042
      106     0.01064491    -5.03798029    -5.02733538    -5.14646425    -5.03798029    -4.98888322
      107     0.01087196    -5.03889555    -5.02802359    -5.14660778    -5.03889555    -4.98840200
      108     0.01111204    -5.03985646    -5.02874443    -5.14679695    -5.03985646    -4.98789294
      109     0.01136254    -5.04086127    -5.02949873    -5.14703002    -5.04086127    -4.98739103
      110     0.01162013    -5.04190710    -5.03028697    -5.14730412    -5.04190710    -4.98693014
      111     0.01188124    -5.04299042    -5.03110917    -5.14761570    -5.04299042    -4.98646998
      112     0.01214256    -5.04414419    -5.03200163    -5.14796099    -5.04414419    -4.98600678
      113     0.01240145    -5.04529133    -5.03288988    -5.14833640    -5.04529133    -4.98557371
      114     0.01265627    -5.04650228    -5.03384601    -5.14873886    -5.04650228    -4.98516768
      115     0.01290652    -5.04770124    -5.03479473    -5.14916609    -5.04770124    -4.98474968
      116     0.01315294    -5.04896041    -5.03580747    -5.14961677    -5.04896041    -4.98431838
      117     0.01339743    -5.05024271    -5.03684529    -5.15009058    -5.05024271    -4.98394696
      118     0.01364277    -5.05158552    -5.03794275    -5.15058816    -5.05158552    -4.98356255
      119     0.01389180    -5.05295294    -5.03906115    -5.15111035    -5.05295294    -4.98323951
      120     0.01414658    -5.05434480    -5.04019822    -5.15165697    -5.05434480    -4.98290415
