#    Non-Adiabatic Coupling Matrix Elements: off-diagonal
         0     0.00000471
         1     0.00000439
         2     0.00000350
         3     0.00000208
         4     0.00000018
         5    -0.00000214
         6    -0.00000481
         7    -0.00000776
         8    -0.00001089
         9    -0.00001410
        10    -0.00001728
        11    -0.00002031
        12    -0.00002304
        13    -0.00002533
        14    -0.00002704
        15    -0.00002806
        16    -0.00002838
        17    -0.00002772
        18    -0.00002621
        19    -0.00002386
        20    -0.00002086
        21    -0.00001728
        22    -0.00001335
        23    -0.00000919
        24    -0.00158993
        25    -0.00073967
        26    -0.00063869
        27    -0.00063044
        28    -0.00064895
        29    -0.00067447
        30    -0.00069953
        31    -0.00072047
        32    -0.00073550
        33    -0.00074379
        34    -0.00074512
        35    -0.00073974
        36    -0.00072828
        37    -0.00071164
        38    -0.00069084
        39    -0.00066694
        40    -0.00064075
        41    -0.00061337
        42    -0.00058528
        43    -0.00055695
        44    -0.00052875
        45    -0.00050091
        46    -0.00047365
        47    -0.00044711
        48    -0.00042142
        49    -0.00039670
        50    -0.00037306
        51    -0.00035059
        52    -0.00032937
        53    -0.00030946
        54    -0.00029090
        55    -0.00027369
        56    -0.00025781
        57    -0.00024321
        58    -0.00022982
        59    -0.00021756
        60    -0.00020632
        61    -0.00019598
        62    -0.00018643
        63    -0.00017754
        64    -0.00016919
        65    -0.00016126
        66    -0.00015364
        67    -0.00014621
        68    -0.00013887
        69    -0.00013152
        70    -0.00012407
        71    -0.00011645
        72    -0.00010856
        73    -0.00010035
        74    -0.00009174
        75    -0.00008267
        76    -0.00007311
        77    -0.00006300
        78    -0.00005232
        79    -0.00004105
        80    -0.00002919
        81    -0.00001675
        82    -0.00000374
        83     0.00000980
        84     0.00002381
        85     0.00003823
        86     0.00005297
        87     0.00006793
        88     0.00008300
        89     0.00009806
        90     0.00011298
        91     0.00012760
        92     0.00014178
        93     0.00015534
        94     0.00016813
        95     0.00017996
        96     0.00019066
        97     0.00020020
        98     0.00020817
        99     0.00021454
       100     0.00021921
       101     0.00022211
       102     0.00022323
       103     0.00022260
       104     0.00022031
       105     0.00021652
       106     0.00021140
       107     0.00020518
       108     0.00019812
       109     0.00019046
       110     0.00018244
       111     0.00017429
       112     0.00016622
       113     0.00015819
       114     0.00015074
       115     0.00014380
       116     0.00013749
       117     0.00013188
       118     0.00012707
       119     0.00012313
       120     0.00012015
       121     0.00011819
       122     0.00011736
       123     0.00011775
       124     0.00011841
       125     0.00012173
       126     0.00012669
       127     0.00013347
       128     0.00014228
       129     0.00015335
       130     0.00016699
       131     0.00018353
       132     0.00020339
       133     0.00022706
       134     0.00025516
       135     0.00028843
       136     0.00032778
       137     0.00037437
       138     0.00042962
       139     0.00049531
       140     0.00057371
       141     0.00066770
       142     0.00078098
       143     0.00091866
       144     0.00108645
       145     0.00129282
       146     0.00154857
       147     0.00186787
       148     0.00226895
       149     0.00277467
       150     0.00341140
       151     0.00420432
       152     0.00516410
       153     0.00625873
       154     0.00737057
       155     0.00826835
       156     0.01427851
       157     0.01179043
       158     0.00872262
       159     0.00620643
       160     0.00440644
       161     0.00316227
       162     0.00229711
       163     0.00168279
       164     0.00123537
       165     0.00090102
       166     0.00064495
       167     0.00044432
       168     0.00028375
       169     0.00015269
       170     0.00004371
       171    -0.00004851
       172    -0.00012785
       173    -0.00019721
       174    -0.00025914
       175    -0.00031454
       176    -0.00036508
       177    -0.00041177
       178    -0.00045544
       179    -0.00049675
       180    -0.00053623
       181    -0.00057444
       182    -0.00061170
       183    -0.00064843
       184    -0.00068496
       185    -0.00072163
       186    -0.00075847
       187    -0.00079640
       188    -0.00083589
       189    -0.00087738
       190    -0.00092149
       191    -0.00096922
       192    -0.00102114
       193    -0.00107861
       194    -0.00114308
       195    -0.00121638
       196    -0.00130075
       197    -0.00139890
       198    -0.00151382
       199    -0.00164841
       200    -0.00180405
       201    -0.00197754
       202    -0.00215504
       203    -0.00230433
       204    -0.00237473
       205    -0.00232139
       206    -0.00214322
       207    -0.00188879
       208    -0.00161679
       209    -0.00136523
       210    -0.00114909
       211    -0.00096982
       212    -0.00082333
       213    -0.00070404
       214    -0.00060673
       215    -0.00052694
       216    -0.00046109
       217    -0.00040634
       218    -0.00036048
       219    -0.00032177
       220    -0.00028885
       221    -0.00026065
       222    -0.00023634
       223    -0.00021525
       224    -0.00019683
       225    -0.00018068
       226    -0.00016644
       227    -0.00015384
       228    -0.00014266
       229    -0.00013254
       230    -0.00012365
       231    -0.00011570
       232    -0.00010857
       233    -0.00010217
       234    -0.00009642
       235    -0.00009124
       236    -0.00008658
       237    -0.00008237
       238    -0.00007856
       239    -0.00007527
       240    -0.00007212
       241    -0.00006923
       242    -0.00006660
       243    -0.00006417
       244    -0.00006174
       245    -0.00005962
       246    -0.00005762
       247    -0.00005572
       248    -0.00005390
       249    -0.00005213
       250    -0.00005041
       251    -0.00004871
       252    -0.00004703
       253    -0.00004536
       254    -0.00004367
       255    -0.00004197
       256    -0.00004025
       257    -0.00003849
       258    -0.00003670
       259    -0.00003486
       260    -0.00003297
       261    -0.00003103
       262    -0.00002903
       263    -0.00002695
       264    -0.00002481
       265    -0.00002258
       266    -0.00002027
       267    -0.00001786
       268    -0.00001534
       269    -0.00001272
       270    -0.00000998
       271    -0.00000711
       272    -0.00000411
       273    -0.00000097
       274     0.00000232
       275     0.00000575
       276     0.00000932
       277     0.00001304
       278     0.00001689
       279     0.00002088
       280     0.00002505
       281     0.00002927
       282     0.00003360
       283     0.00003801
       284     0.00004250
       285     0.00004705
       286     0.00005167
       287     0.00005632
       288     0.00006103
       289     0.00006577
       290     0.00007056
       291     0.00007539
       292     0.00008028
       293     0.00008523
       294     0.00009027
       295     0.00009539
       296     0.00010057
       297     0.00010611
       298     0.00011156
       299     0.00011749
       300     0.00012359
