#    Step        Prob(0)        Prob(1)        Prob(2)        
        0    -0.00000000    -0.00000000     0.00000000
        1     0.00000002     0.00000336     0.00000000
        2     0.00000001     0.00000877     0.00000000
        3     0.00000000     0.00000653     0.00000000
        4     0.00000006     0.00000000     0.00000000
        5     0.00000004     0.00000000     0.00000000
        6     0.00000005     0.00000312     0.00000000
        7     0.00000015     0.00003429     0.00000000
        8     0.00000000     0.00008303     0.00000000
        9     0.00000026     0.00014978     0.00000000
       10     0.00000000     0.00027645     0.00000000
       11     0.00000028     0.00062838     0.00000000
       12     0.00000000     0.00170878     0.00000000
       13     0.00000018     0.00513653     0.00000000
       14     0.00000000     0.01709260     0.00000000
       15     0.00000000     0.06548168     0.00000000
       16     0.00000000     0.26210744     0.00000000
       17     0.00000137     0.00000000     0.00000000
       18     0.00000012     0.00000000     0.16807101
       19     0.00000052     0.00000000     0.00000000
       20     0.00000000     0.00000000     0.00000000
       21     0.00000143     0.00000000     0.00000000
       22     0.00000000     0.00000000     0.00000000
       23     0.00000003     0.00000000     0.00000000
       24     0.00000080     0.00000000     0.00000000
       25     0.00000000     0.00000000     0.00000000
       26     0.00000061     0.00607091     0.00000000
       27     0.00000037     0.01041428     0.00000000
       28     0.00000000     0.01301479     0.00000000
       29     0.00000088     0.01448090     0.00000000
       30     0.00000033     0.01529947     0.00000000
       31     0.00000000     0.01586207     0.00000000
       32     0.00000084     0.01652374     0.00000000
       33     0.00000060     0.01765960     0.00000000
       34     0.00000000     0.01961048     0.00000000
       35     0.00000031     0.02291400     0.00000000
       36     0.00000107     0.02842139     0.00000000
       37     0.00000016     0.00000000     0.00000000
       38     0.00000010     0.00000000     0.00000000
       39     0.00000032     0.00000000     0.00000000
       40     0.00000032     0.00000000     0.00000000
       41     0.00000007     0.00000000     0.00000000
       42     0.00000026     0.00000000     0.00000000
       43     0.00000052     0.00000000     0.00062608
       44     0.00000013     0.00000000     0.00755806
       45     0.00000000     0.00000000     0.00473297
       46     0.00000038     0.00000000     0.00106810
       47     0.00000034     0.00000000     0.00000000
       48     0.00000000     0.00000000     0.00000000
       49     0.00000000     0.00000000     0.00000000
       50     0.00000035     0.00000000     0.00000000
       51     0.00000006     0.00000000     0.00091566
       52     0.00000000     0.00000000     0.00295215
       53     0.00000000     0.00000000     0.00567573
       54     0.00000030     0.00000000     0.00919355
       55     0.00000000     0.00000000     0.01357876
       56     0.00000000     0.00000000     0.01880898
       57     0.00000018     0.00000000     0.02466043
       58     0.00000044     0.00000000     0.03050476
       59     0.00000003     0.00000000     0.03613718
       60     0.00000011     0.00000000     0.03905062
       61     0.00000062     0.00000000     0.03952841
       62     0.00000053     0.00000000     0.03649948
       63     0.00000034     0.00000000     0.03000929
       64     0.00000059     0.00000000     0.02204066
       65     0.00000067     0.00000000     0.01519954
       66     0.00000036     0.00000000     0.01184347
       67     0.00000026     0.00000000     0.01157801
       68     0.00000048     0.00000000     0.01133445
       69     0.00000040     0.00000000     0.00833755
       70     0.00000017     0.00000000     0.00264863
       71     0.00000018     0.00000000     0.00000000
       72     0.00000033     0.00000000     0.00000000
       73     0.00000017     0.00000000     0.00000000
       74     0.00000000     0.00000000     0.00000000
       75     0.00000003     0.00000000     0.00000000
       76     0.00000023     0.00000000     0.00370365
       77     0.00000000     0.00000000     0.00422477
       78     0.00000000     0.00000000     0.00223697
       79     0.00000010     0.00000000     0.00000000
       80     0.00000015     0.00000000     0.00000000
       81     0.00000008     0.00000000     0.00067594
       82     0.00000000     0.00000000     0.00068865
       83     0.00000000     0.00000000     0.00021213
       84     0.00000006     0.00000000     0.00000000
       85     0.00000007     0.00000000     0.00000000
       86     0.00000000     0.00000000     0.00000000
       87     0.00000000     0.00000000     0.00000000
       88     0.00000010     0.00000000     0.00020909
       89     0.00000003     0.00000000     0.00021303
       90     0.00000000     0.00000000     0.00003702
       91     0.00000005     0.00000000     0.00000000
       92     0.00000016     0.00000000     0.00000000
       93     0.00000000     0.00000000     0.00000000
       94     0.00000000     0.00000000     0.00000000
       95     0.00000021     0.00000000     0.00000000
       96     0.00000013     0.00000000     0.00000000
       97     0.00000000     0.00000000     0.00010459
       98     0.00000004     0.00000000     0.00024162
       99     0.00000035     0.00000000     0.00014420
      100     0.00000000     0.00000000     0.00000000
      101     0.00000000     0.00000000     0.00000000
      102     0.00000033     0.00000000     0.00000000
      103     0.00000037     0.00000000     0.00024255
      104     0.00000000     0.00000000     0.00050891
      105     0.00000000     0.00000000     0.00028500
      106     0.00000054     0.00000000     0.00000000
      107     0.00000019     0.00000000     0.00000000
      108     0.00000000     0.00000000     0.00000000
      109     0.00000008     0.00000000     0.00030496
      110     0.00000070     0.00000000     0.00069167
      111     0.00000000     0.00000000     0.00044107
      112     0.00000000     0.00000000     0.00000000
      113     0.00000018     0.00000000     0.00000000
      114     0.00000075     0.00000000     0.00000000
      115     0.00000000     0.00000000     0.00012802
      116     0.00000000     0.00000000     0.00064959
      117     0.00000011     0.00000000     0.00058083
      118     0.00000069     0.00000000     0.00000810
      119     0.00000000     0.00000000     0.00000000
      120     0.00000000     0.00000000     0.00000000
