#    Step     Kinetic(H)     Potential(H)   Total(H)       E(0)(H)        E(1)(H)        
        0     0.00710953    -6.15101653    -6.14390700    -6.41708832    -6.15101653
        1     0.00790746    -6.15182717    -6.14391971    -6.41715603    -6.15182717
        2     0.00865561    -6.15261955    -6.14396394    -6.41698390    -6.15261955
        3     0.00933083    -6.15338526    -6.14405443    -6.41658352    -6.15338526
        4     0.00991973    -6.15412602    -6.14420629    -6.41598091    -6.15412602
        5     0.01041842    -6.15485286    -6.14443444    -6.41521465    -6.15485286
        6     0.01083059    -6.15558358    -6.14475299    -6.41433232    -6.15558358
        7     0.01116409    -6.15633884    -6.14517475    -6.41338543    -6.15633884
        8     0.01142663    -6.15713714    -6.14571051    -6.41242324    -6.15713714
        9     0.01162178    -6.15798951    -6.14636773    -6.41148641    -6.15798951
       10     0.01174721    -6.15889566    -6.14714845    -6.41060212    -6.15889566
       11     0.01179541    -6.15984198    -6.14804657    -6.40978135    -6.15984198
       12     0.01175685    -6.16080209    -6.14904524    -6.40901857    -6.16080209
       13     0.01162443    -6.16174012    -6.15011569    -6.40829463    -6.16174012
       14     0.01139723    -6.16261595    -6.15121872    -6.40758168    -6.16261595
       15     0.01108101    -6.16339059    -6.15230958    -6.40684846    -6.16339059
       16     0.01068558    -6.16403031    -6.15334473    -6.40606488    -6.16403031
       17     0.01111140    -6.14645051    -6.13533911    -6.39865853    -6.14645051
       18     0.01254301    -6.14900984    -6.13646683    -6.39772606    -6.14900984
       19     0.01406041    -6.15174231    -6.13768190    -6.39650999    -6.15174231
       20     0.01554567    -6.15454525    -6.13899958    -6.39501700    -6.15454525
       21     0.01690610    -6.15734028    -6.14043418    -6.39324407    -6.15734028
       22     0.01806388    -6.16006252    -6.14199864    -6.39119640    -6.16006252
       23     0.01896124    -6.16266321    -6.14370197    -6.38889244    -6.16266321
       24     0.01956595    -6.16511193    -6.14554598    -6.38636576    -6.16511193
       25     0.01987391    -6.16739665    -6.14752274    -6.38366427    -6.16739665
       26     0.01990714    -6.16952150    -6.14961436    -6.38084640    -6.16952150
       27     0.01970678    -6.17150094    -6.15179416    -6.37797380    -6.17150094
       28     0.01932338    -6.17335337    -6.15402999    -6.37510402    -6.17335337
       29     0.01880648    -6.17509414    -6.15628766    -6.37228298    -6.17509414
       30     0.01819669    -6.17673022    -6.15853353    -6.36953976    -6.17673022
       31     0.01752237    -6.17825932    -6.16073695    -6.36688642    -6.17825932
       32     0.01679968    -6.17967103    -6.16287135    -6.36432007    -6.17967103
       33     0.01603612    -6.18095039    -6.16491427    -6.36182772    -6.18095039
       34     0.01523580    -6.18208353    -6.16684773    -6.35939320    -6.18208353
       35     0.01440387    -6.18306214    -6.16865827    -6.35700257    -6.18306214
       36     0.01354948    -6.18388638    -6.17033690    -6.35464811    -6.18388638
       37     0.01268687    -6.18456629    -6.17187942    -6.35233045    -6.18456629
       38     0.01183446    -6.18512073    -6.17328627    -6.35005803    -6.18512073
       39     0.01101236    -6.18557444    -6.17456208    -6.34784464    -6.18557444
       40     0.01023994    -6.18595504    -6.17571510    -6.34570671    -6.18595504
       41     0.00953358    -6.18628975    -6.17675617    -6.34366038    -6.18628975
       42     0.00890479    -6.18660256    -6.17769777    -6.34171868    -6.18660256
       43     0.00835928    -6.18691208    -6.17855280    -6.33988971    -6.18691208
       44     0.00789701    -6.18723079    -6.17933378    -6.33817585    -6.18723079
       45     0.00751299    -6.18756519    -6.18005220    -6.33657408    -6.18756519
       46     0.00719848    -6.18791655    -6.18071807    -6.33507665    -6.18791655
       47     0.00694232    -6.18828207    -6.18133975    -6.33367240    -6.18828207
       48     0.00673233    -6.18865626    -6.18192393    -6.33234803    -6.18865626
       49     0.00655652    -6.18903232    -6.18247580    -6.33108950    -6.18903232
       50     0.00640418    -6.18940335    -6.18299917    -6.32988329    -6.18940335
       51     0.00626647    -6.18976331    -6.18349684    -6.32871722    -6.18976331
       52     0.00613683    -6.19010759    -6.18397076    -6.32758109    -6.19010759
       53     0.00601110    -6.19043343    -6.18442233    -6.32646695    -6.19043343
       54     0.00588753    -6.19074011    -6.18485258    -6.32536943    -6.19074011
       55     0.00576664    -6.19102910    -6.18526246    -6.32428563    -6.19102910
       56     0.00565096    -6.19130395    -6.18565299    -6.32321514    -6.19130395
       57     0.00554480    -6.19157019    -6.18602539    -6.32215982    -6.19157019
       58     0.00545384    -6.19183509    -6.18638125    -6.32112354    -6.19183509
       59     0.00538475    -6.19210729    -6.18672254    -6.32011184    -6.19210729
       60     0.00534470    -6.19239642    -6.18705172    -6.31913137    -6.19239642
       61     0.00534075    -6.19271245    -6.18737170    -6.31818934    -6.19271245
       62     0.00537916    -6.19306497    -6.18768581    -6.31729272    -6.19306497
       63     0.00546464    -6.19346245    -6.18799781    -6.31644747    -6.19346245
       64     0.00559970    -6.19391142    -6.18831172    -6.31565777    -6.19391142
       65     0.00578408    -6.19441591    -6.18863183    -6.31492539    -6.19441591
       66     0.00601444    -6.19497704    -6.18896260    -6.31424930    -6.19497704
       67     0.00628440    -6.19559301    -6.18930861    -6.31362566    -6.19559301
       68     0.00658496    -6.19625943    -6.18967447    -6.31304814    -6.19625943
       69     0.00690527    -6.19696998    -6.19006471    -6.31250866    -6.19696998
       70     0.00723374    -6.19771741    -6.19048367    -6.31199829    -6.19771741
       71     0.00755923    -6.19849461    -6.19093538    -6.31150840    -6.19849461
       72     0.00787229    -6.19929564    -6.19142335    -6.31103167    -6.19929564
       73     0.00816606    -6.20011660    -6.19195054    -6.31056290    -6.20011660
       74     0.00843686    -6.20095609    -6.19251923    -6.31009951    -6.20095609
       75     0.00868428    -6.20181532    -6.19313104    -6.30964160    -6.20181532
       76     0.00891075    -6.20269779    -6.19378704    -6.30919165    -6.20269779
       77     0.00912086    -6.20360870    -6.19448784    -6.30875382    -6.20360870
       78     0.00932038    -6.20455413    -6.19523375    -6.30833314    -6.20455413
       79     0.00951531    -6.20554018    -6.19602487    -6.30793460    -6.20554018
       80     0.00971104    -6.20657222    -6.19686118    -6.30756249    -6.20657222
       81     0.00991170    -6.20765441    -6.19774271    -6.30721968    -6.20765441
       82     0.01011979    -6.20878930    -6.19866951    -6.30690741    -6.20878930
       83     0.01033631    -6.20997785    -6.19964154    -6.30662517    -6.20997785
       84     0.01056082    -6.21121948    -6.20065866    -6.30637090    -6.21121948
       85     0.01079182    -6.21251245    -6.20172063    -6.30614121    -6.21251245
       86     0.01102711    -6.21385420    -6.20282709    -6.30593184    -6.21385420
       87     0.01126421    -6.21524174    -6.20397753    -6.30573803    -6.21524174
       88     0.01150071    -6.21667203    -6.20517132    -6.30555495    -6.21667203
       89     0.01173449    -6.21814225    -6.20640776    -6.30537797    -6.21814225
       90     0.01196392    -6.21965005    -6.20768613    -6.30520294    -6.21965005
       91     0.01218792    -6.22119369    -6.20900577    -6.30502630    -6.22119369
       92     0.01240595    -6.22277201    -6.21036606    -6.30484524    -6.22277201
       93     0.01261793    -6.22438453    -6.21176660    -6.30465760    -6.22438453
       94     0.01282417    -6.22603127    -6.21320710    -6.30446185    -6.22603127
       95     0.01302518    -6.22771265    -6.21468747    -6.30425705    -6.22771265
       96     0.01322157    -6.22942941    -6.21620784    -6.30404257    -6.22942941
       97     0.01341387    -6.23118232    -6.21776845    -6.30381812    -6.23118232
       98     0.01360245    -6.23297217    -6.21936972    -6.30358343    -6.23297217
       99     0.01378745    -6.23479954    -6.22101209    -6.30333823    -6.23479954
      100     0.01396872    -6.23666469    -6.22269597    -6.30308216    -6.23666469
      101     0.01414582    -6.23856758    -6.22442176    -6.30281454    -6.23856758
      102     0.01431811    -6.24050778    -6.22618967    -6.30253450    -6.24050778
      103     0.01448472    -6.24248441    -6.22799969    -6.30224100    -6.24248441
      104     0.01464469    -6.24449631    -6.22985162    -6.30193263    -6.24449631
      105     0.01479706    -6.24654200    -6.23174494    -6.30160788    -6.24654200
      106     0.01494099    -6.24861992    -6.23367893    -6.30126515    -6.24861992
      107     0.01507585    -6.25072846    -6.23565261    -6.30090284    -6.25072846
      108     0.01520122    -6.25286594    -6.23766472    -6.30051953    -6.25286594
      109     0.01531697    -6.25503090    -6.23971393    -6.30011386    -6.25503090
      110     0.01542310    -6.25722190    -6.24179880    -6.29968459    -6.25722190
      111     0.01551977    -6.25943751    -6.24391774    -6.29923065    -6.25943751
      112     0.01560721    -6.26167648    -6.24606927    -6.29875099    -6.26167648
      113     0.01568568    -6.26393743    -6.24825175    -6.29824482    -6.26393743
      114     0.01575534    -6.26621890    -6.25046356    -6.29771144    -6.26621890
      115     0.01581615    -6.26851921    -6.25270306    -6.29715033    -6.26851921
      116     0.01586769    -6.27083617    -6.25496848    -6.29656117    -6.27083617
      117     0.01590896    -6.27316681    -6.25725785    -6.29594405    -6.27316681
      118     0.01593801    -6.27550688    -6.25956887    -6.29530002    -6.27550688
      119     0.01595119    -6.27784983    -6.26189864    -6.29463207    -6.27784983
      120     0.01594109    -6.28018421    -6.26424312    -6.29394770    -6.28018421
      121     0.01589096    -6.28248737    -6.26659641    -6.29326506    -6.28248737
      122     0.01575654    -6.28470527    -6.26894873    -6.29263278    -6.28470527
      123     0.01540057    -6.28668132    -6.27128075    -6.29220070    -6.28668132
      124     0.01448337    -6.28797313    -6.27348976    -6.29240313    -6.28797313
      125     0.01288011    -6.28820070    -6.27532059    -6.29361694    -6.28820070
      126     0.01748382    -6.29533531    -6.27785149    -6.29533531    -6.28788109
      127     0.01707847    -6.29752227    -6.28044380    -6.29752227    -6.28688218
      128     0.01684286    -6.29988274    -6.28303988    -6.29988274    -6.28569795
      129     0.01667072    -6.30231514    -6.28564442    -6.30231514    -6.28442142
      130     0.01653103    -6.30478310    -6.28825207    -6.30478310    -6.28308229
      131     0.01641332    -6.30727052    -6.29085720    -6.30727052    -6.28169109
      132     0.01631283    -6.30976906    -6.29345623    -6.30976906    -6.28025114
      133     0.01622612    -6.31227363    -6.29604751    -6.31227363    -6.27876270
      134     0.01614975    -6.31478050    -6.29863075    -6.31478050    -6.27722447
      135     0.01608020    -6.31728658    -6.30120638    -6.31728658    -6.27563447
      136     0.01601406    -6.31978903    -6.30377497    -6.31978903    -6.27399040
      137     0.01594825    -6.32228509    -6.30633684    -6.32228509    -6.27228991
      138     0.01588013    -6.32477197    -6.30889184    -6.32477197    -6.27053078
      139     0.01580755    -6.32724691    -6.31143936    -6.32724691    -6.26871082
      140     0.01572883    -6.32970696    -6.31397813    -6.32970696    -6.26682818
      141     0.01564283    -6.33214933    -6.31650650    -6.33214933    -6.26488130
      142     0.01554885    -6.33457139    -6.31902254    -6.33457139    -6.26286892
      143     0.01544660    -6.33697065    -6.32152405    -6.33697065    -6.26079030
      144     0.01533587    -6.33934480    -6.32400893    -6.33934480    -6.25864506
      145     0.01521677    -6.34169162    -6.32647485    -6.34169162    -6.25643318
      146     0.01508979    -6.34400912    -6.32891933    -6.34400912    -6.25415509
      147     0.01495537    -6.34629552    -6.33134015    -6.34629552    -6.25181170
      148     0.01481408    -6.34854927    -6.33373519    -6.34854927    -6.24940438
      149     0.01466651    -6.35076901    -6.33610250    -6.35076901    -6.24693493
      150     0.01451326    -6.35295352    -6.33844026    -6.35295352    -6.24440557
      151     0.01435487    -6.35510167    -6.34074680    -6.35510167    -6.24181886
      152     0.01419188    -6.35721250    -6.34302062    -6.35721250    -6.23917783
      153     0.01402481    -6.35928524    -6.34526043    -6.35928524    -6.23648591
      154     0.01385406    -6.36131925    -6.34746519    -6.36131925    -6.23374696
      155     0.01368019    -6.36331409    -6.34963390    -6.36331409    -6.23096521
      156     0.01350389    -6.36526939    -6.35176550    -6.36526939    -6.22814529
      157     0.01332576    -6.36718507    -6.35385931    -6.36718507    -6.22529198
      158     0.01314650    -6.36906125    -6.35591475    -6.36906125    -6.22241049
      159     0.01296723    -6.37089843    -6.35793120    -6.37089843    -6.21950625
      160     0.01278899    -6.37269758    -6.35990859    -6.37269758    -6.21658483
      161     0.01261289    -6.37446025    -6.36184736    -6.37446025    -6.21365186
      162     0.01244069    -6.37618870    -6.36374801    -6.37618870    -6.21071298
      163     0.01227479    -6.37788632    -6.36561153    -6.37788632    -6.20777337
      164     0.01211852    -6.37955800    -6.36743948    -6.37955800    -6.20483752
      165     0.01197670    -6.38121100    -6.36923430    -6.38121100    -6.20190854
      166     0.01185642    -6.38285602    -6.37099960    -6.38285602    -6.19898731
      167     0.01176821    -6.38450907    -6.37274086    -6.38450907    -6.19607100
      168     0.01172737    -6.38619366    -6.37446629    -6.38619366    -6.19315135
      169     0.01175413    -6.38794235    -6.37618822    -6.38794235    -6.19021382
      170     0.01186762    -6.38979206    -6.37792444    -6.38979206    -6.18724262
      171     0.01206582    -6.39176108    -6.37969526    -6.39176108    -6.18424230
      172     0.01230105    -6.39381370    -6.38151265    -6.39381370    -6.18126809
      173     0.01249043    -6.39585821    -6.38336778    -6.39585821    -6.17842042
      174     0.01256615    -6.39780788    -6.38524173    -6.39780788    -6.17578109
      175     0.01250666    -6.39962026    -6.38711360    -6.39962026    -6.17337888
      176     0.01232579    -6.40128808    -6.38896229    -6.40128808    -6.17120543
      177     0.01205115    -6.40282000    -6.39076885    -6.40282000    -6.16923832
      178     0.01171126    -6.40422903    -6.39251777    -6.40422903    -6.16745387
      179     0.01133044    -6.40552818    -6.39419774    -6.40552818    -6.16583129
      180     0.01092764    -6.40672900    -6.39580136    -6.40672900    -6.16435355
      181     0.01051682    -6.40784138    -6.39732456    -6.40784138    -6.16300693
      182     0.01010762    -6.40887364    -6.39876602    -6.40887364    -6.16178032
      183     0.00970634    -6.40983271    -6.40012637    -6.40983271    -6.16066462
      184     0.00931694    -6.41072441    -6.40140747    -6.41072441    -6.15965219
      185     0.00894158    -6.41155361    -6.40261203    -6.41155361    -6.15873643
      186     0.00858120    -6.41232440    -6.40374320    -6.41232440    -6.15791147
      187     0.00823590    -6.41304027    -6.40480437    -6.41304027    -6.15717198
      188     0.00790507    -6.41370420    -6.40579913    -6.41370420    -6.15651299
      189     0.00758796    -6.41431878    -6.40673082    -6.41431878    -6.15592987
      190     0.00728380    -6.41488633    -6.40760253    -6.41488633    -6.15541818
      191     0.00699160    -6.41540893    -6.40841733    -6.41540893    -6.15497363
      192     0.00671039    -6.41588853    -6.40917814    -6.41588853    -6.15459210
      193     0.00643931    -6.41632698    -6.40988767    -6.41632698    -6.15426960
      194     0.00617757    -6.41672606    -6.41054849    -6.41672606    -6.15400229
      195     0.00592445    -6.41708751    -6.41116306    -6.41708751    -6.15378647
      196     0.00567943    -6.41741305    -6.41173362    -6.41741305    -6.15361850
      197     0.00544218    -6.41770443    -6.41226225    -6.41770443    -6.15349493
      198     0.00521231    -6.41796334    -6.41275103    -6.41796334    -6.15341239
      199     0.00498955    -6.41819150    -6.41320195    -6.41819150    -6.15336764
      200     0.00477369    -6.41839062    -6.41361693    -6.41839062    -6.15335754
      201     0.00456457    -6.41856238    -6.41399781    -6.41856238    -6.15337906
      202     0.00436208    -6.41870843    -6.41434635    -6.41870843    -6.15342924
      203     0.00416614    -6.41883042    -6.41466428    -6.41883042    -6.15350523
      204     0.00397670    -6.41892992    -6.41495322    -6.41892992    -6.15360426
      205     0.00379370    -6.41900848    -6.41521478    -6.41900848    -6.15372367
      206     0.00361713    -6.41906761    -6.41545048    -6.41906761    -6.15386086
      207     0.00344695    -6.41910875    -6.41566180    -6.41910875    -6.15401334
      208     0.00328316    -6.41913330    -6.41585014    -6.41913330    -6.15417872
      209     0.00312574    -6.41914261    -6.41601687    -6.41914261    -6.15435472
      210     0.00297467    -6.41913798    -6.41616331    -6.41913798    -6.15453914
      211     0.00282996    -6.41912067    -6.41629071    -6.41912067    -6.15472993
      212     0.00269161    -6.41909186    -6.41640025    -6.41909186    -6.15492515
      213     0.00255963    -6.41905274    -6.41649311    -6.41905274    -6.15512296
      214     0.00243402    -6.41900439    -6.41657037    -6.41900439    -6.15532168
      215     0.00231482    -6.41894790    -6.41663308    -6.41894790    -6.15551974
      216     0.00220206    -6.41888427    -6.41668221    -6.41888427    -6.15571570
      217     0.00209577    -6.41881447    -6.41671870    -6.41881447    -6.15590822
      218     0.00199600    -6.41873943    -6.41674343    -6.41873943    -6.15609611
      219     0.00190281    -6.41866001    -6.41675720    -6.41866001    -6.15627828
      220     0.00181625    -6.41857701    -6.41676076    -6.41857701    -6.15645374
      221     0.00173640    -6.41849120    -6.41675480    -6.41849120    -6.15662161
      222     0.00166333    -6.41840325    -6.41673992    -6.41840325    -6.15678107
      223     0.00159712    -6.41831380    -6.41671668    -6.41831380    -6.15693142
      224     0.00153781    -6.41822341    -6.41668560    -6.41822341    -6.15707199
      225     0.00148551    -6.41813259    -6.41664708    -6.41813259    -6.15720220
      226     0.00144036    -6.41804175    -6.41660139    -6.41804175    -6.15732152
      227     0.00140246    -6.41795127    -6.41654881    -6.41795127    -6.15742944
      228     0.00137197    -6.41786145    -6.41648948    -6.41786145    -6.15752549
      229     0.00134902    -6.41777252    -6.41642350    -6.41777252    -6.15760922
      230     0.00133378    -6.41768466    -6.41635088    -6.41768466    -6.15768023
      231     0.00132643    -6.41759797    -6.41627154    -6.41759797    -6.15773810
      232     0.00132716    -6.41751252    -6.41618536    -6.41751252    -6.15778245
      233     0.00133619    -6.41742830    -6.41609211    -6.41742830    -6.15781293
      234     0.00135375    -6.41734528    -6.41599153    -6.41734528    -6.15782919
      235     0.00138010    -6.41726337    -6.41588327    -6.41726337    -6.15783096
      236     0.00141551    -6.41718245    -6.41576694    -6.41718245    -6.15781799
      237     0.00146029    -6.41710240    -6.41564211    -6.41710240    -6.15779014
      238     0.00151479    -6.41702304    -6.41550825    -6.41702304    -6.15774734
      239     0.00157939    -6.41694423    -6.41536484    -6.41694423    -6.15768967
      240     0.00165451    -6.41686581    -6.41521130    -6.41686581    -6.15761737
      241     0.00174067    -6.41678762    -6.41504695    -6.41678762    -6.15753087
      242     0.00183842    -6.41670955    -6.41487113    -6.41670955    -6.15743082
      243     0.00194840    -6.41663149    -6.41468309    -6.41663149    -6.15731813
      244     0.00207135    -6.41655337    -6.41448202    -6.41655337    -6.15719397
      245     0.00220804    -6.41647514    -6.41426710    -6.41647514    -6.15705983
      246     0.00235934    -6.41639678    -6.41403744    -6.41639678    -6.15691748
      247     0.00252614    -6.41631826    -6.41379212    -6.41631826    -6.15676902
      248     0.00270936    -6.41623956    -6.41353020    -6.41623956    -6.15661687
      249     0.00290987    -6.41616064    -6.41325077    -6.41616064    -6.15646372
      250     0.00312844    -6.41608139    -6.41295295    -6.41608139    -6.15631254
      251     0.00336572    -6.41600166    -6.41263594    -6.41600166    -6.15616658
      252     0.00362213    -6.41592121    -6.41229908    -6.41592121    -6.15602926
      253     0.00389776    -6.41583965    -6.41194189    -6.41583965    -6.15590419
      254     0.00419232    -6.41575652    -6.41156420    -6.41575652    -6.15579510
      255     0.00450508    -6.41567118    -6.41116610    -6.41567118    -6.15570576
      256     0.00483479    -6.41558288    -6.41074809    -6.41558288    -6.15563997
      257     0.00517955    -6.41549069    -6.41031114    -6.41549069    -6.15560148
      258     0.00553681    -6.41539358    -6.40985677    -6.41539358    -6.15559390
      259     0.00590328    -6.41529039    -6.40938711    -6.41529039    -6.15562062
      260     0.00627494    -6.41517985    -6.40890491    -6.41517985    -6.15568477
      261     0.00664706    -6.41506062    -6.40841356    -6.41506062    -6.15578907
      262     0.00701420    -6.41493133    -6.40791713    -6.41493133    -6.15593572
      263     0.00737034    -6.41479054    -6.40742020    -6.41479054    -6.15612639
      264     0.00770897    -6.41463681    -6.40692784    -6.41463681    -6.15636205
      265     0.00802327    -6.41446872    -6.40644545    -6.41446872    -6.15664289
      266     0.00830629    -6.41428488    -6.40597859    -6.41428488    -6.15696824
      267     0.00855120    -6.41408398    -6.40553278    -6.41408398    -6.15733653
      268     0.00875154    -6.41386472    -6.40511318    -6.41386472    -6.15774529
      269     0.00890148    -6.41362598    -6.40472450    -6.41362598    -6.15819113
      270     0.00899602    -6.41336676    -6.40437074    -6.41336676    -6.15866977
      271     0.00903133    -6.41308625    -6.40405492    -6.41308625    -6.15917621
      272     0.00900507    -6.41278391    -6.40377884    -6.41278391    -6.15970479
      273     0.00891631    -6.41245948    -6.40354317    -6.41245948    -6.16024935
      274     0.00876601    -6.41211311    -6.40334710    -6.41211311    -6.16080343
      275     0.00855701    -6.41174537    -6.40318836    -6.41174537    -6.16136051
      276     0.00829367    -6.41135740    -6.40306373    -6.41135740    -6.16191415
      277     0.00798186    -6.41095088    -6.40296902    -6.41095088    -6.16245819
      278     0.00762871    -6.41052815    -6.40289944    -6.41052815    -6.16298689
      279     0.00724239    -6.41009219    -6.40284980    -6.41009219    -6.16349496
      280     0.00683175    -6.40964669    -6.40281494    -6.40964669    -6.16397766
      281     0.00640603    -6.40919596    -6.40278993    -6.40919596    -6.16443081
      282     0.00597466    -6.40874496    -6.40277030    -6.40874496    -6.16485065
      283     0.00554693    -6.40829924    -6.40275231    -6.40829924    -6.16523383
      284     0.00513195    -6.40786484    -6.40273289    -6.40786484    -6.16557726
      285     0.00473852    -6.40744819    -6.40270967    -6.40744819    -6.16587801
      286     0.00437502    -6.40705604    -6.40268102    -6.40705604    -6.16613318
      287     0.00404929    -6.40669527    -6.40264598    -6.40669527    -6.16633984
      288     0.00376902    -6.40637277    -6.40260375    -6.40637277    -6.16649500
      289     0.00354155    -6.40609528    -6.40255373    -6.40609528    -6.16659551
      290     0.00337379    -6.40586914    -6.40249535    -6.40586914    -6.16663832
      291     0.00327246    -6.40570014    -6.40242768    -6.40570014    -6.16662043
      292     0.00324390    -6.40559328    -6.40234938    -6.40559328    -6.16653912
      293     0.00329402    -6.40555255    -6.40225853    -6.40555255    -6.16639219
      294     0.00342817    -6.40558083    -6.40215266    -6.40558083    -6.16617802
      295     0.00365084    -6.40567955    -6.40202871    -6.40567955    -6.16589597
      296     0.00396542    -6.40584889    -6.40188347    -6.40584889    -6.16554623
      297     0.00437373    -6.40608746    -6.40171373    -6.40608746    -6.16513013
      298     0.00487556    -6.40639250    -6.40151694    -6.40639250    -6.16464996
      299     0.00546810    -6.40675987    -6.40129177    -6.40675987    -6.16410899
      300     0.00614528    -6.40718428    -6.40103900    -6.40718428    -6.16351124
