#     Density Matrix: coherence Re-Im; see the manual for detail orders
        0     0.00000000     0.00000000     0.00000000     0.00000000     0.00000000     0.00000000
        1    -0.00000009     0.00000008     0.00004386    -0.00009106    -0.00108390     0.00042856
        2    -0.00000037     0.00000033     0.00000449    -0.00013933    -0.00242028     0.00254737
        3    -0.00000142     0.00000033     0.00003409    -0.00026261    -0.00193611     0.00514612
        4    -0.00000197    -0.00000004     0.00002710    -0.00030351    -0.00045147     0.00646117
        5    -0.00000291    -0.00000019     0.00002184    -0.00044883     0.00009922     0.00649678
        6    -0.00000355     0.00000031     0.00004494    -0.00050382    -0.00123131     0.00692984
        7    -0.00000605     0.00000225     0.00001300    -0.00064158    -0.00370317     0.00936018
        8    -0.00001024     0.00000355     0.00005150    -0.00070433    -0.00606203     0.01408729
        9    -0.00001683     0.00000641     0.00000740    -0.00081594    -0.00804147     0.02053933
       10    -0.00002517     0.00000801     0.00004837    -0.00086085    -0.01089856     0.02860306
       11    -0.00003741     0.00001609     0.00000223    -0.00093932    -0.01719434     0.03971614
       12    -0.00005542     0.00002708     0.00003817    -0.00093896    -0.03105892     0.05750280
       13    -0.00008868     0.00006014     0.00000258    -0.00098339    -0.06066820     0.08896006
       14    -0.00014257     0.00011571     0.00001763    -0.00091008    -0.12504224     0.14811160
       15    -0.00024993     0.00025141    -0.00002346    -0.00083363    -0.24808518     0.26090620
       16    -0.00030716     0.00028960    -0.00009217    -0.00045566    -0.26283852     0.42261893
       17    -0.00047148    -0.00016429     0.00008658    -0.00039694     0.05887132     0.48600796
       18    -0.00046190    -0.00044353     0.00007168    -0.00069175     0.30624871     0.39308629
       19    -0.00035027    -0.00036888    -0.00016666    -0.00064799     0.42099997     0.23426982
       20     0.00002608    -0.00023729     0.00007707    -0.00033722     0.46437520     0.05375208
       21     0.00019879    -0.00047750     0.00010545    -0.00079567     0.43970831    -0.11825250
       22     0.00006475    -0.00035347    -0.00024828    -0.00052491     0.36341922    -0.26108389
       23     0.00029110    -0.00006641     0.00018424    -0.00045450     0.25424758    -0.36422286
       24     0.00047660    -0.00017133    -0.00004081    -0.00082872     0.12967937    -0.42538077
       25     0.00025692    -0.00013111    -0.00020793    -0.00041578     0.00365324    -0.44797693
       26     0.00027262     0.00020755     0.00020776    -0.00049649    -0.11399280    -0.43845076
       27     0.00047467     0.00018180    -0.00009783    -0.00076702    -0.21707630    -0.40443691
       28     0.00025826     0.00005634    -0.00018367    -0.00034165    -0.30264961    -0.35348418
       29     0.00008057     0.00033618     0.00020485    -0.00044333    -0.37019845    -0.29214315
       30     0.00029374     0.00042897    -0.00007589    -0.00070229    -0.42058096    -0.22587844
       31     0.00022147     0.00017574    -0.00019769    -0.00031233    -0.45560482    -0.15897261
       32    -0.00009151     0.00028330     0.00018264    -0.00032821    -0.47755907    -0.09449807
       33     0.00003028     0.00051405     0.00000742    -0.00062938    -0.48886737    -0.03465660
       34     0.00017303     0.00028135    -0.00021942    -0.00032744    -0.49190006     0.01915013
       35    -0.00013055     0.00014621     0.00012960    -0.00019170    -0.48877299     0.06617938
       36    -0.00022159     0.00042298     0.00014864    -0.00054796    -0.48100559     0.10629512
       37     0.00004303     0.00040099    -0.00019234    -0.00045905    -0.46873819     0.13972483
       38    -0.00004206     0.00011051     0.00000155    -0.00015844    -0.44947544     0.16649172
       39    -0.00029001     0.00019245     0.00028590    -0.00045137    -0.41762029     0.18654621
       40    -0.00016933     0.00033980    -0.00002983    -0.00071365    -0.36290981     0.20008389
       41    -0.00003617     0.00016233    -0.00017640    -0.00038141    -0.27174403     0.20772243
       42    -0.00011270    -0.00000915     0.00025587    -0.00033373    -0.13610847     0.21075599
       43    -0.00016785    -0.00009058     0.00029543    -0.00080264     0.03005707     0.21022832
       44    -0.00020019    -0.00013508    -0.00012237    -0.00077613     0.19148663     0.20542349
       45    -0.00009614    -0.00013365    -0.00002762    -0.00036446     0.31969152     0.19522370
       46     0.00006294    -0.00033636     0.00031457    -0.00045809     0.40820693     0.18072248
       47    -0.00009307    -0.00055235     0.00012381    -0.00068384     0.45965607     0.16560287
       48    -0.00028528    -0.00032788    -0.00016798    -0.00039558     0.47545649     0.15454651
       49     0.00005556    -0.00011577     0.00005609    -0.00005712     0.42499758     0.14561556
       50     0.00039631    -0.00062333     0.00025288    -0.00017810     0.32948720     0.13559853
       51    -0.00008188    -0.00100484     0.00011489    -0.00029671     0.25830256     0.12491149
       52    -0.00035800    -0.00054371    -0.00001679    -0.00016877     0.21585807     0.11334355
       53     0.00017541    -0.00036163     0.00007380    -0.00005490     0.19321717     0.10044081
       54     0.00034771    -0.00095223     0.00015209    -0.00015189     0.18396938     0.08555158
       55    -0.00022341    -0.00111356     0.00003583    -0.00022962     0.18420450     0.06778375
       56    -0.00031803    -0.00056116    -0.00003655    -0.00012714     0.19121672     0.04609543
       57     0.00026297    -0.00051804     0.00006623    -0.00010427     0.20267455     0.01944726
       58     0.00030305    -0.00110582     0.00005375    -0.00025566     0.21615719    -0.01315580
       59    -0.00025302    -0.00111815    -0.00012347    -0.00025747     0.22851960    -0.05222915
       60    -0.00021685    -0.00055174    -0.00011333    -0.00011789     0.23700051    -0.09753447
       61     0.00036923    -0.00056969     0.00000443    -0.00020813     0.23839143    -0.14757347
       62     0.00036630    -0.00109638    -0.00014964    -0.00036294     0.23010716    -0.19929953
       63    -0.00013320    -0.00102409    -0.00032162    -0.00020817     0.21099613    -0.24851286
       64    -0.00005581    -0.00045459    -0.00016456    -0.00007711     0.18240059    -0.29040732
       65     0.00050543    -0.00043630    -0.00007602    -0.00026614     0.14851873    -0.32095411
       66     0.00053271    -0.00091155    -0.00029075    -0.00033606     0.11544140    -0.33830592
       67     0.00004705    -0.00089808    -0.00035694    -0.00011246     0.08886604    -0.34344094
       68     0.00000088    -0.00037546    -0.00014803    -0.00003126     0.07049904    -0.33958910
       69     0.00048260    -0.00026281    -0.00006862    -0.00019978     0.05613374    -0.32999393
       70     0.00058943    -0.00071175    -0.00022796    -0.00024072     0.03846273    -0.31559883
       71     0.00008717    -0.00081550    -0.00026448    -0.00004009     0.01278655    -0.29464252
       72    -0.00010853    -0.00028193    -0.00007849     0.00003699    -0.01980635    -0.26429661
       73     0.00034334    -0.00004958    -0.00003115    -0.00007798    -0.05357280    -0.22270448
       74     0.00048415    -0.00049854    -0.00012855    -0.00004403    -0.08060294    -0.17033826
       75    -0.00007321    -0.00064614    -0.00006649     0.00006960    -0.09292532    -0.11096508
       76    -0.00030193    -0.00010522     0.00002032     0.00002511    -0.08463901    -0.05234062
       77     0.00000000     0.00000000     0.00000000     0.00000000     0.00000000     0.00000000
       78     0.00030824    -0.00031036     0.00000703    -0.00001521     0.03593847    -0.01307104
       79    -0.00000518    -0.00057502    -0.00002582    -0.00002794     0.04877258    -0.04426097
       80    -0.00026139    -0.00018544    -0.00002243     0.00001378     0.03198126    -0.07504593
       81     0.00010353     0.00012751     0.00001024    -0.00000975    -0.00675279    -0.08518351
       82     0.00032457    -0.00019476    -0.00002775    -0.00001174    -0.04660502    -0.06391070
       83    -0.00009698    -0.00036920    -0.00000062     0.00002531    -0.06342767    -0.01834329
       84    -0.00030559     0.00005337     0.00001214    -0.00001087    -0.04445263     0.02769469
       85     0.00010993     0.00019656    -0.00000906     0.00000536     0.00114400     0.04661171
       86     0.00023110    -0.00024590     0.00001672    -0.00000510     0.04483560     0.02567785
       87    -0.00019065    -0.00029914    -0.00001715    -0.00001281     0.05623417    -0.02127565
       88    -0.00018719     0.00018424     0.00000632     0.00001603     0.02555117    -0.06014269
       89     0.00026754     0.00018627     0.00000424    -0.00002099    -0.02599931    -0.06003047
       90     0.00016205    -0.00024042    -0.00001400     0.00001133    -0.05915855    -0.01812119
       91    -0.00029491    -0.00010128     0.00001729    -0.00000558    -0.04647585     0.03483369
       92    -0.00010288     0.00029016    -0.00001686    -0.00000484     0.00348032     0.05668853
       93     0.00029458     0.00001323     0.00001441     0.00000920     0.05006339     0.02888222
       94     0.00001131    -0.00034022    -0.00000806    -0.00001846     0.05323145    -0.02538189
       95    -0.00027320     0.00001822    -0.00000143     0.00001622     0.00913592    -0.05854364
       96     0.00011508     0.00026474     0.00000552    -0.00001631    -0.04405050    -0.03990763
       97     0.00027925    -0.00017437    -0.00001370     0.00001458    -0.05854024     0.01545490
       98    -0.00018077    -0.00032031     0.00002248    -0.00000402    -0.02045477     0.05837944
       99    -0.00022022     0.00010182    -0.00001303    -0.00000735     0.03588995     0.04986172
      100     0.00025738     0.00004399     0.00001519     0.00000205     0.05844388    -0.00207031
      101     0.00017226    -0.00042622    -0.00001632    -0.00001950     0.02593864    -0.04866727
      102    -0.00026035    -0.00027510    -0.00000438     0.00002062    -0.03149040    -0.04566931
      103    -0.00004445     0.00010460     0.00000217    -0.00000653    -0.06014031     0.00489157
      104     0.00030897    -0.00021338     0.00000177     0.00002461    -0.03320991     0.05636829
      105    -0.00002171    -0.00057490     0.00003491    -0.00001521     0.02401806     0.06136693
      106    -0.00028429    -0.00024178    -0.00001269    -0.00001872     0.05817752     0.01611814
      107     0.00012632    -0.00004650     0.00000309    -0.00000639     0.03780875    -0.03652060
      108     0.00029736    -0.00048926    -0.00002861    -0.00000536    -0.01790264    -0.04743945
      109    -0.00014942    -0.00062934     0.00000457     0.00003745    -0.05776470    -0.00647837
      110    -0.00023053    -0.00021180     0.00002114    -0.00000165    -0.04595259     0.04933768
      111     0.00021499    -0.00022057     0.00001699     0.00001384     0.00629546     0.07050438
      112     0.00020775    -0.00070283     0.00003868    -0.00002863     0.05220058     0.03936413
      113    -0.00022745    -0.00068170    -0.00002241    -0.00003183     0.05173847    -0.01551688
      114    -0.00014749    -0.00025941    -0.00001281     0.00000519     0.00607628    -0.04582991
      115     0.00027868    -0.00037125    -0.00002213     0.00000958    -0.04500032    -0.02565572
      116     0.00015051    -0.00081165     0.00001362     0.00005167    -0.05829419     0.02751847
      117    -0.00027507    -0.00070694     0.00005564    -0.00000256    -0.02332795     0.06920327
      118    -0.00013988    -0.00032305     0.00001703    -0.00001910     0.03040674     0.06559612
      119     0.00027631    -0.00048187     0.00002634    -0.00002287     0.05906470     0.02056844
      120     0.00015203    -0.00089925    -0.00002002    -0.00004060     0.04013970    -0.02899496
