#    Non-Adiabatic Coupling Matrix Elements: off-diagonal
         0     0.00001158
         1     0.00001077
         2     0.00001010
         3     0.00000981
         4     0.00001015
         5     0.00001131
         6     0.00001342
         7    -0.00125548
         8    -0.00091441
         9    -0.00092101
        10    -0.00098350
        11    -0.00105584
        12    -0.00112530
        13    -0.00118930
        14    -0.00124788
        15    -0.00130169
        16    -0.00135062
        17    -0.00139370
        18    -0.00142950
        19    -0.00145662
        20    -0.00147476
        21    -0.00148196
        22    -0.00147925
        23    -0.00146806
        24    -0.00145105
        25    -0.00143131
        26    -0.00141177
        27    -0.00139485
        28    -0.00138243
        29    -0.00137638
        30    -0.00137929
        31    -0.00139492
        32    -0.00142825
        33    -0.00148582
        34    -0.00157663
        35    -0.00171499
        36    -0.00192595
        37    -0.00225418
        38    -0.00277789
        39    -0.00363265
        40    -0.00503329
        41    -0.00717055
        42    -0.00951494
        43    -0.00999070
        44    -0.00787876
        45    -0.00534621
        46    -0.00353136
        47    -0.00237232
        48    -0.00162880
        49    -0.00113725
        50    -0.00080566
        51    -0.00058306
        52    -0.00044225
        53    -0.00036410
        54    -0.00033424
        55    -0.00034059
        56    -0.00037376
        57    -0.00042868
        58    -0.00050094
        59    -0.00058666
        60    -0.00068175
        61    -0.00078160
        62    -0.00087920
        63    -0.00096175
        64    -0.00100703
        65    -0.00098318
        66    -0.00085699
        67    -0.00061246
        68    -0.00026805
        69     0.00012545
        70     0.00050654
        71     0.00082525
        72     0.00105611
        73     0.00119127
        74     0.00122528
        75     0.00112302
        76     0.00077409
        77    -0.00019325
        78    -0.00347946
        79    -0.02245423
        80     0.02160595
        81     0.00417510
        82     0.00130070
        83     0.00055286
        84     0.00032802
        85     0.00027494
        86     0.00028315
        87     0.00030955
        88     0.00033470
        89     0.00034968
        90     0.00035164
        91     0.00034197
        92     0.00032347
        93     0.00030359
        94     0.00028456
        95     0.00026855
        96     0.00025767
        97     0.00025367
        98     0.00025574
        99     0.00025902
       100     0.00025675
       101     0.00024436
       102     0.00022305
       103     0.00019598
       104     0.00016718
       105     0.00014014
       106     0.00011783
       107     0.00010303
       108     0.00009877
       109     0.00010863
       110     0.00013691
       111     0.00018782
       112     0.00026368
       113     0.00035731
       114     0.00045360
       115     0.00053120
       116     0.00057428
       117     0.00058205
       118     0.00056704
       119     0.00054086
       120     0.00050170
       121     0.00043789
       122     0.00032494
       123     0.00013785
       124    -0.00017612
       125    -0.00075834
       126    -0.00208359
       127    -0.00640369
       128    -0.02852627
       129    -0.01585676
       130    -0.00352127
       131    -0.00110323
       132    -0.00033687
       133     0.00000282
       134     0.00023453
       135     0.00047838
       136     0.00076878
       137     0.00107320
       138     0.00129918
       139     0.00133647
       140     0.00115029
       141     0.00082928
       142     0.00048552
       143     0.00017484
       144    -0.00007407
       145    -0.00021544
       146    -0.00019613
       147     0.00001048
       148     0.00041262
       149     0.00103617
       150     0.00189018
       151     0.00277775
       152     0.00444798
       153     0.00468589
       154     0.00262077
       155     0.00244452
       156     0.00238855
       157     0.00233320
       158     0.00227494
       159     0.00223023
       160     0.00221001
       161     0.00221298
       162     0.00223304
       163     0.00226736
       164     0.00232945
       165     0.00245146
       166     0.00269302
       167     0.00315742
       168     0.00402216
       169     0.00558044
       170     0.00809535
       171     0.01067122
       172     0.01037934
       173     0.00747701
       174     0.00486129
       175     0.00324347
       176     0.00232998
       177     0.00183387
       178     0.00157850
       179     0.00145323
       180     0.00138434
       181     0.00132036
       182     0.00121616
       183     0.00099918
       184     0.00050181
       185    -0.00020787
       186     0.01340787
       187    -0.00105290
       188    -0.00092721
       189    -0.00084657
       190    -0.00077818
       191    -0.00072501
       192    -0.00070193
       193    -0.00072209
       194    -0.00078604
       195    -0.00087349
       196    -0.00094512
       197    -0.00096044
       198    -0.00090143
       199    -0.00077770
       200    -0.00061653
       201    -0.00045965
       202    -0.00036578
       203    -0.00039315
       204    -0.00056795
       205    -0.00087031
       206    -0.00124633
       207    -0.00162686
       208    -0.00194036
       209    -0.00212656
       210    -0.00215082
       211    -0.00201493
       212    -0.00175568
       213    -0.00143206
       214    -0.00110660
       215    -0.00082822
       216    -0.00062267
       217    -0.00049274
       218    -0.00042588
       219    -0.00040384
       220    -0.00040696
       221    -0.00040654
       222    -0.00035192
       223    -0.00019844
       224    -0.00000800
       225     0.00006290
       226    -0.00002109
       227    -0.00016092
       228    -0.00026569
       229    -0.00030058
       230    -0.00026507
       231    -0.00016368
       232    -0.00000385
       233     0.00020771
       234     0.00046373
       235     0.00074803
       236     0.00102986
       237     0.00126313
       238     0.00139828
       239     0.00140537
       240     0.00129199
       241     0.00109980
       242     0.00088606
       243     0.00070436
       244     0.00060049
       245     0.00061236
       246     0.00077662
       247     0.00114253
       248     0.00177826
       249     0.00276132
       250     0.00401314
       251     0.00440504
       252     0.00308877
       253     0.00191784
       254     0.00126867
       255     0.00092439
       256     0.00072434
       257     0.00059225
       258     0.00049835
       259     0.00043595
       260     0.00040908
       261     0.00043120
       262     0.00053117
       263     0.00078780
       264     0.00147300
       265     0.00447842
       266     0.00775811
       267     0.00305340
       268     0.00227974
       269     0.00201914
       270     0.00194987
       271     0.00199831
       272     0.00214596
       273     0.00238875
       274     0.00271494
       275     0.00308345
       276     0.00341275
       277     0.00360818
       278     0.00363641
       279     0.00356886
       280     0.00354723
       281     0.00373360
       282     0.00432824
       283     0.00564853
       284     0.00806728
       285     0.01090917
       286     0.01086517
       287     0.00775451
       288     0.00492983
       289     0.00318453
       290     0.00216179
       291     0.00155824
       292     0.00121499
       293     0.00105523
       294     0.00104251
       295     0.00116309
       296     0.00142413
       297     0.00191008
       298     0.00312850
       299     0.01489962
       300     0.00233530
       301     0.00067861
       302     0.00033040
       303     0.00026364
       304     0.00027731
       305     0.00027733
       306     0.00019159
       307    -0.00001549
       308    -0.00029873
       309    -0.00053315
       310    -0.00060338
       311    -0.00050491
       312    -0.00032355
       313    -0.00013591
       314     0.00004098
       315     0.00027048
       316     0.00082713
       317     0.00290725
       318     0.00847504
       319     0.00443263
       320     0.00327583
       321     0.00258251
       322     0.00206374
       323     0.00165451
       324     0.00131862
       325     0.00102101
       326     0.00073286
       327     0.00043528
       328     0.00012197
       329    -0.00019820
       330    -0.00050034
       331    -0.00074898
       332    -0.00090991
       333    -0.00096323
       334    -0.00091155
       335    -0.00077856
       336    -0.00060461
       337    -0.00043669
       338    -0.00031179
       339    -0.00023997
       340    -0.00020616
       341    -0.00018906
       342    -0.00017596
       343    -0.00016735
       344    -0.00017561
       345    -0.00021925
       346    -0.00031326
       347    -0.00046379
       348    -0.00066652
       349    -0.00090836
       350    -0.00117343
       351    -0.00145323
       352    -0.00176075
       353    -0.00215587
       354    -0.00284135
       355    -0.00495044
       356    -0.00486445
       357    -0.00089500
       358    -0.00045711
       359    -0.00041676
       360    -0.00050057
       361    -0.00062156
       362    -0.00072889
       363    -0.00079227
       364    -0.00080253
       365    -0.00076939
       366    -0.00072666
       367    -0.00073717
       368    -0.00087982
       369    -0.00128337
       370    -0.00223904
       371    -0.00411571
       372    -0.00526441
       373    -0.00450590
       374    -0.00378863
       375    -0.00336223
       376    -0.00303373
       377    -0.00267898
       378    -0.00226428
       379    -0.00181713
       380    -0.00138401
       381    -0.00099978
       382    -0.00067932
       383    -0.00042239
       384    -0.00022075
       385    -0.00006202
       386     0.00006348
       387     0.00016636
       388     0.00025242
       389     0.00032280
       390     0.00037405
       391     0.00039910
       392     0.00038942
       393     0.00033707
       394     0.00023937
       395     0.00010186
       396    -0.00006108
       397    -0.00022600
       398    -0.00036396
       399    -0.00044709
       400    -0.00045618
       401    -0.00038604
       402    -0.00024566
       403    -0.00005261
       404     0.00017277
       405     0.00041413
       406     0.00066083
       407     0.00090696
       408     0.00115250
       409     0.00140385
       410     0.00167950
       411     0.00202279
       412     0.00254254
       413     0.00356930
       414     0.00742874
       415     0.00158032
       416     0.00078633
       417     0.00050755
       418     0.00037193
       419     0.00028349
       420     0.00021247
       421     0.00014331
       422     0.00006249
       423    -0.00003125
       424    -0.00012228
       425    -0.00017808
       426    -0.00016097
       427    -0.00004775
       428     0.00013364
       429     0.00029592
       430     0.00035641
       431     0.00030749
       432     0.00019888
       433     0.00008209
       434    -0.00001140
       435    -0.00006662
       436    -0.00007743
       437    -0.00004417
       438    -0.00291682
       439    -0.00187492
       440    -0.00144967
       441    -0.00123094
       442    -0.00111120
       443    -0.00105505
       444    -0.00104104
       445    -0.00104726
       446    -0.00105064
       447    -0.00102689
       448    -0.00095690
       449    -0.00083674
       450    -0.00067840
       451    -0.00049937
       452    -0.00031361
       453    -0.00013232
       454     0.00003951
       455     0.00019998
       456     0.00035058
       457     0.00049302
       458     0.00062782
       459     0.00075278
       460     0.00086218
       461     0.00094866
       462     0.00100865
       463     0.00104868
       464     0.00108481
       465     0.00113255
       466     0.00119790
       467     0.00128217
       468     0.00139384
       469     0.00155084
       470     0.00177834
       471     0.00212040
       472     0.00268955
       473     0.00381395
       474     0.00651486
       475     0.00800732
       476     0.00325452
       477     0.00156696
       478     0.00092695
       479     0.00061322
       480     0.00040454
       481     0.00021054
       482     0.00000939
       483    -0.00017364
       484    -0.00030774
       485    -0.00039159
       486    -0.00043391
       487    -0.00040732
       488    -0.00026952
       489    -0.00002254
       490     0.00032596
       491     0.00087038
       492     0.00206709
       493     0.01023251
       494     0.00367801
       495     0.00217411
       496     0.00168278
       497     0.00141076
       498     0.00122773
       499     0.00109228
       500     0.00098464
       501     0.00089355
       502     0.00081384
       503     0.00074373
       504     0.00068098
       505     0.00062208
       506     0.00056517
       507     0.00051042
       508     0.00045406
       509     0.00038556
       510     0.00029069
       511     0.00015948
       512    -0.00000813
       513    -0.00020301
       514    -0.00041021
       515    -0.00060748
       516    -0.00077391
       517    -0.00089634
       518    -0.00097607
       519    -0.00103202
       520    -0.00109727
       521    -0.00121084
       522    -0.00140605
       523    -0.00171137
       524    -0.00216240
       525    -0.00281886
       526    -0.00380550
       527    -0.00515717
       528    -0.00487555
       529    -0.00257361
       530    -0.00144107
       531    -0.00101940
       532    -0.00086115
       533    -0.00078468
       534    -0.00071163
       535    -0.00062362
       536    -0.00053270
       537    -0.00045940
       538    -0.00041995
       539    -0.00042949
       540    -0.00051393
       541    -0.00072858
       542    -0.00122806
       543    -0.00263725
       544    -0.00858902
       545    -0.00579463
       546    -0.00321044
       547    -0.00228068
       548    -0.00183724
       549    -0.00161592
       550    -0.00150963
       551    -0.00144101
       552    -0.00133290
       553    -0.00113031
       554    -0.00081258
       555    -0.00039519
       556     0.00008811
       557     0.00060687
       558     0.00112416
       559     0.00158593
       560     0.00189048
       561     0.00192658
       562     0.00164935
       563     0.00112714
       564     0.00050240
       565    -0.00008220
       566    -0.00052536
       567    -0.00076947
       568    -0.00078836
       569    -0.00058310
       570    -0.00017788
       571     0.00037518
       572     0.00101404
       573     0.00172163
       574     0.00267701
       575     0.00493855
       576     0.01152526
       577     0.00254419
       578     0.00117723
       579     0.00078656
       580     0.00061871
       581     0.00051973
       582     0.00045362
       583    -0.00113652
       584    -0.00097647
       585    -0.00071113
       586    -0.00031996
       587     0.00020390
       588     0.00078825
       589    -0.00078786
       590    -0.00097584
       591    -0.00129446
       592    -0.00182878
       593    -0.00267802
       594    -0.00364973
       595    -0.00387690
       596    -0.00322788
       597    -0.00240363
       598    -0.00177699
       599    -0.00142736
       600    -0.00128323
