#    Non-Adiabatic Coupling Matrix Elements: off-diagonal
         0     0.00000000     0.00000000     0.00000000
         1     0.00002590     0.00002290    -0.00031302
         2     0.00003307     0.00001586    -0.00038640
         3     0.00004042     0.00000586    -0.00046908
         4     0.00004764    -0.00001045    -0.00056857
         5     0.00005455    -0.00003876    -0.00070064
         6     0.00006100    -0.00008464    -0.00089427
         7     0.00006669    -0.00014196    -0.00118923
         8     0.00007083    -0.00019460    -0.00161714
         9     0.00007270    -0.00023588    -0.00220834
        10     0.00007214    -0.00026623    -0.00304864
        11     0.00006926    -0.00028684    -0.00430859
        12     0.00006427    -0.00029865    -0.00630511
        13     0.00005717    -0.00030314    -0.00966741
        14     0.00004751    -0.00030217    -0.01568990
        15     0.00003404    -0.00029711    -0.02659026
        16     0.00001774    -0.00028856    -0.04184762
        17     0.00001083    -0.00027883    -0.04673089
        18     0.00001770    -0.00039591    -0.04431264
        19     0.00003079    -0.00023161    -0.01387985
        20     0.00003225    -0.00022804    -0.00892127
        21     0.00003227    -0.00022287    -0.00603144
        22     0.00003154    -0.00021602    -0.00423897
        23     0.00003032    -0.00020743    -0.00305585
        24     0.00002885    -0.00019816    -0.00222974
        25     0.00002766    -0.00019203    -0.00162172
        26     0.00002631    -0.00018652    -0.00115163
        27     0.00002463    -0.00018020    -0.00076966
        28     0.00002266    -0.00017343    -0.00044286
        29     0.00002043    -0.00016655    -0.00014781
        30     0.00001795    -0.00015975     0.00013362
        31     0.00001518    -0.00015308     0.00041723
        32     0.00001234    -0.00014767     0.00071854
        33     0.00000947    -0.00014352     0.00105502
        34     0.00000641    -0.00013964     0.00144820
        35     0.00000324    -0.00013623     0.00192678
        36     0.00000010    -0.00013352     0.00253148
        37    -0.00000280    -0.00013165     0.00332299
        38    -0.00000511    -0.00013076     0.00439174
        39    -0.00000626    -0.00013093     0.00586613
        40    -0.00000531    -0.00013215     0.00789834
        41    -0.00000087    -0.00013410     0.01056101
        42     0.00000857    -0.00013595     0.01356545
        43     0.00002345    -0.00013633     0.01606175
        44     0.00004243    -0.00013359     0.01749030
        45     0.00006419    -0.00012562     0.01906127
        46     0.00010605    -0.00011956     0.02394998
        47     0.00012964    -0.00010047     0.01855550
        48     0.00014271    -0.00009132     0.01095830
        49     0.00015179    -0.00008843     0.00649925
        50     0.00015936    -0.00008883     0.00418047
        51     0.00016609    -0.00009111     0.00288938
        52     0.00017236    -0.00009447     0.00209071
        53     0.00017828    -0.00009853     0.00153856
        54     0.00018390    -0.00010307     0.00111470
        55     0.00018925    -0.00010796     0.00075853
        56     0.00019433    -0.00011314     0.00043678
        57     0.00019913    -0.00011856     0.00013026
        58     0.00020364    -0.00012417    -0.00017252
        59     0.00020783    -0.00012994    -0.00047894
        60     0.00021167    -0.00013584    -0.00079343
        61     0.00021512    -0.00014182    -0.00111881
        62     0.00021813    -0.00014784    -0.00145661
        63     0.00022064    -0.00015386    -0.00180747
        64     0.00022260    -0.00015980    -0.00217108
        65     0.00022396    -0.00016561    -0.00254632
        66     0.00022469    -0.00017120    -0.00293130
        67     0.00022477    -0.00017650    -0.00332271
        68     0.00022418    -0.00018142    -0.00371564
        69     0.00022298    -0.00018586    -0.00410345
        70     0.00022113    -0.00018983    -0.00447776
        71     0.00021869    -0.00019326    -0.00482894
        72     0.00021573    -0.00019608    -0.00514680
        73     0.00021230    -0.00019831    -0.00542075
        74     0.00020849    -0.00019990    -0.00564086
        75     0.00020434    -0.00020089    -0.00579856
        76     0.00019994    -0.00020129    -0.00588822
        77     0.00019537    -0.00020115    -0.00590739
        78     0.00019070    -0.00020043    -0.00585748
        79     0.00018593    -0.00019933    -0.00574348
        80     0.00018103    -0.00019819    -0.00557320
        81     0.00017619    -0.00019663    -0.00535647
        82     0.00017155    -0.00019451    -0.00510450
        83     0.00016709    -0.00019207    -0.00482784
        84     0.00016287    -0.00018940    -0.00453647
        85     0.00015897    -0.00018654    -0.00423886
        86     0.00015546    -0.00018354    -0.00394199
        87     0.00015244    -0.00018042    -0.00365117
        88     0.00015001    -0.00017722    -0.00337031
        89     0.00014822    -0.00017405    -0.00310175
        90     0.00014716    -0.00017097    -0.00284729
        91     0.00014691    -0.00016805    -0.00260757
        92     0.00014755    -0.00016536    -0.00238272
        93     0.00014915    -0.00016291    -0.00217244
        94     0.00015181    -0.00016073    -0.00197618
        95     0.00015558    -0.00015884    -0.00179318
        96     0.00016055    -0.00015725    -0.00162266
        97     0.00016675    -0.00015597    -0.00146378
        98     0.00017424    -0.00015502    -0.00131570
        99     0.00018305    -0.00015440    -0.00117762
       100     0.00019320    -0.00015413    -0.00104875
       101     0.00020471    -0.00015423    -0.00092832
       102     0.00021759    -0.00015470    -0.00081571
       103     0.00023183    -0.00015556    -0.00071031
       104     0.00024743    -0.00015683    -0.00061162
       105     0.00026435    -0.00015852    -0.00051916
       106     0.00028258    -0.00016066    -0.00043253
       107     0.00030209    -0.00016325    -0.00035136
       108     0.00032283    -0.00016631    -0.00027533
       109     0.00034476    -0.00016986    -0.00020414
       110     0.00036786    -0.00017391    -0.00013760
       111     0.00039205    -0.00017847    -0.00007544
       112     0.00041730    -0.00018356    -0.00001753
       113     0.00044356    -0.00018917     0.00003627
       114     0.00047076    -0.00019531     0.00008608
       115     0.00049887    -0.00020197     0.00013198
       116     0.00052784    -0.00020915     0.00017404
       117     0.00055764    -0.00021682     0.00021231
       118     0.00058824    -0.00022496     0.00024686
       119     0.00061964    -0.00023356     0.00027774
       120     0.00065186    -0.00024257     0.00030501
