#     Density Matrix: coherence Re-Im; see the manual for detail orders
        0     0.00000000     0.00000000
        1    -0.00075962     0.00239263
        2    -0.00021577     0.00289086
        3    -0.00074053     0.00443778
        4    -0.00048108     0.00536533
        5    -0.00076209     0.00631567
        6    -0.00071557     0.00703131
        7    -0.00083866     0.00744048
        8    -0.00089932     0.00771888
        9    -0.00094611     0.00780436
       10    -0.00098597     0.00782254
       11    -0.00098713     0.00778352
       12    -0.00098978     0.00768783
       13    -0.00101949     0.00756935
       14    -0.00107435     0.00745952
       15    -0.00112348     0.00737452
       16    -0.00111016     0.00728063
       17    -0.00098559     0.00709166
       18    -0.00073356     0.00670042
       19    -0.00038199     0.00602045
       20     0.00000006     0.00502825
       21     0.00032943     0.00379040
       22     0.00055261     0.00244943
       23     0.00067320     0.00116295
       24     0.00073051     0.00003706
       25     0.00075723    -0.00089119
       26     0.00076129    -0.00162956
       27     0.00073764    -0.00219990
       28     0.00068710    -0.00262676
       29     0.00062087    -0.00293516
       30     0.00055765    -0.00314788
       31     0.00051834    -0.00328954
       32     0.00051644    -0.00339611
       33     0.00053985    -0.00350909
       34     0.00055655    -0.00364223
       35     0.00054643    -0.00377392
       36     0.00050782    -0.00386633
       37     0.00044714    -0.00387605
       38     0.00037866    -0.00376633
       39     0.00031873    -0.00352996
       40     0.00027084    -0.00319173
       41     0.00022738    -0.00278814
       42     0.00018135    -0.00235385
       43     0.00012883    -0.00191605
       44     0.00006651    -0.00148893
       45    -0.00000475    -0.00107399
       46    -0.00008103    -0.00066851
       47    -0.00015664    -0.00026921
       48    -0.00022212     0.00011970
       49    -0.00026682     0.00047965
       50    -0.00028316     0.00078041
       51    -0.00027038     0.00099250
       52    -0.00022722     0.00109772
       53    -0.00014985     0.00108311
       54    -0.00004154     0.00094149
       55     0.00008079     0.00067959
       56     0.00018443     0.00033050
       57     0.00022782    -0.00003519
       58     0.00017944    -0.00031277
       59     0.00003693    -0.00039407
       60    -0.00017641    -0.00021263
       61    -0.00044073     0.00023903
       62    -0.00076057     0.00093936
       63    -0.00115366     0.00187721
       64    -0.00163116     0.00306173
       65    -0.00219338     0.00451110
       66    -0.00283308     0.00623750
       67    -0.00353964     0.00823307
       68    -0.00430398     0.01046488
       69    -0.00512510     0.01288557
       70    -0.00600774     0.01545350
       71    -0.00694727     0.01813695
       72    -0.00791879     0.02089714
       73    -0.00888087     0.02366986
       74    -0.00976579     0.02635744
       75    -0.01046768     0.02882088
       76    -0.01078946     0.03087758
       77    -0.01032341     0.03226583
       78    -0.00823182     0.03258719
       79    -0.00276681     0.03121503
       80     0.00983047     0.02717079
       81     0.03814128     0.01896781
       82     0.10301583     0.00443847
       83     0.35215024    -0.02738620
       84     0.49078542    -0.07480131
       85     0.43242226    -0.12816887
       86     0.32904953    -0.18240153
       87     0.23028394    -0.22832910
       88     0.12870919    -0.25469564
       89     0.02619867    -0.25157722
       90    -0.06626077    -0.21442866
       91    -0.13394212    -0.14693786
       92    -0.16410022    -0.06168594
       93    -0.15140957     0.02179456
       94    -0.10217380     0.08201737
       95    -0.03505154     0.10346963
       96     0.02443939     0.08469707
       97     0.05524409     0.04085444
       98     0.05172846    -0.00344513
       99     0.02588323    -0.02790960
      100    -0.00175934    -0.02737279
      101    -0.01573760    -0.01178330
      102    -0.01366881     0.00354691
      103    -0.00394568     0.00909184
      104     0.00333537     0.00559554
      105     0.00426883    -0.00008328
      106     0.00182273    -0.00272098
      107     0.00037975    -0.00246881
      108     0.00104211    -0.00217956
      109     0.00215885    -0.00320137
      110     0.00246831    -0.00468341
      111     0.00225250    -0.00563631
      112     0.00209999    -0.00606920
      113     0.00200778    -0.00627898
      114     0.00182487    -0.00624964
      115     0.00161177    -0.00595776
      116     0.00141690    -0.00552579
      117     0.00122096    -0.00504214
      118     0.00102743    -0.00454501
      119     0.00084191    -0.00405676
      120     0.00066671    -0.00357505
      121     0.00050811    -0.00309205
      122     0.00037371    -0.00260985
      123     0.00027040    -0.00214850
      124     0.00020087    -0.00174103
      125     0.00016353    -0.00141959
      126     0.00015513    -0.00120652
      127     0.00016791    -0.00110940
      128     0.00019674    -0.00112267
      129     0.00023114    -0.00123023
      130     0.00025637    -0.00139325
      131     0.00025784    -0.00155064
      132     0.00022770    -0.00163182
      133     0.00017423    -0.00158777
      134     0.00011746    -0.00142159
      135     0.00007234    -0.00118176
      136     0.00004209    -0.00092562
      137     0.00001528    -0.00068272
      138    -0.00001118    -0.00045346
      139    -0.00004252    -0.00022987
      140    -0.00007832     0.00000079
      141    -0.00011472     0.00024098
      142    -0.00014548     0.00048193
      143    -0.00016439     0.00070694
      144    -0.00016736     0.00089887
      145    -0.00015338     0.00104513
      146    -0.00012384     0.00113804
      147    -0.00008336     0.00117345
      148    -0.00003793     0.00114960
      149     0.00000530     0.00106659
      150     0.00003980     0.00092875
      151     0.00006187     0.00074628
      152     0.00007166     0.00053449
      153     0.00007226     0.00031084
      154     0.00006781     0.00009140
      155     0.00006173    -0.00011132
      156     0.00005637    -0.00028892
      157     0.00005262    -0.00043619
      158     0.00005048    -0.00054954
      159     0.00004944    -0.00062670
      160     0.00004891    -0.00066785
      161     0.00004868    -0.00067757
      162     0.00004887    -0.00066487
      163     0.00004953    -0.00064019
      164     0.00005044    -0.00061154
      165     0.00005091    -0.00058246
      166     0.00004946    -0.00055129
      167     0.00004428    -0.00051181
      168     0.00003352    -0.00045524
      169     0.00001553    -0.00037241
      170    -0.00001107    -0.00025504
      171    -0.00004775    -0.00009558
      172    -0.00009597     0.00011381
      173    -0.00015676     0.00038161
      174    -0.00022956     0.00071558
      175    -0.00031040     0.00111824
      176    -0.00038966     0.00157739
      177    -0.00045186     0.00205335
      178    -0.00048124     0.00247395
      179    -0.00047341     0.00275708
      180    -0.00044163     0.00286012
      181    -0.00040666     0.00281038
      182    -0.00038283     0.00268153
      183    -0.00037493     0.00254812
      184    -0.00038322     0.00246092
      185    -0.00040528     0.00244420
      186    -0.00043879     0.00250045
      187    -0.00047807     0.00261398
      188    -0.00051746     0.00275172
      189    -0.00055226     0.00287539
      190    -0.00058197     0.00295633
      191    -0.00060946     0.00298862
      192    -0.00063772     0.00298545
      193    -0.00067020     0.00296912
      194    -0.00070939     0.00296285
      195    -0.00075833     0.00298398
      196    -0.00081968     0.00304199
      197    -0.00089370     0.00313430
      198    -0.00097854     0.00324799
      199    -0.00106761     0.00336662
      200    -0.00114944     0.00347420
      201    -0.00120489     0.00355399
      202    -0.00120763     0.00357877
      203    -0.00113356     0.00351085
      204    -0.00097071     0.00331257
      205    -0.00072591     0.00295983
      206    -0.00042584     0.00245323
      207    -0.00011265     0.00182311
      208     0.00016615     0.00112826
      209     0.00036570     0.00044864
      210     0.00045237    -0.00012434
      211     0.00041355    -0.00050829
      212     0.00025802    -0.00065159
      213     0.00001069    -0.00054275
      214    -0.00028861    -0.00020735
      215    -0.00058132     0.00029407
      216    -0.00079179     0.00086068
      217    -0.00084595     0.00135139
      218    -0.00070942     0.00161520
      219    -0.00040566     0.00154973
      220     0.00000702     0.00113498
      221     0.00046588     0.00042098
      222     0.00091635    -0.00050370
      223     0.00131486    -0.00153435
      224     0.00163453    -0.00256630
      225     0.00186905    -0.00351349
      226     0.00202528    -0.00432433
      227     0.00211095    -0.00498209
      228     0.00212981    -0.00549356
      229     0.00208741    -0.00587802
      230     0.00199283    -0.00616139
      231     0.00185615    -0.00636481
      232     0.00168379    -0.00649257
      233     0.00147149    -0.00651888
      234     0.00120473    -0.00638446
      235     0.00085865    -0.00599791
      236     0.00044502    -0.00526075
      237     0.00009480    -0.00421580
      238    -0.00006969    -0.00313093
      239    -0.00010315    -0.00225943
      240    -0.00009598    -0.00164415
      241    -0.00008556    -0.00121058
      242    -0.00007949    -0.00087790
      243    -0.00007507    -0.00059492
      244    -0.00006786    -0.00034436
      245    -0.00005554    -0.00013385
      246    -0.00003985     0.00002097
      247    -0.00002144     0.00010867
      248    -0.00000386     0.00012904
      249     0.00001440     0.00009150
      250     0.00003312     0.00000750
      251     0.00005186    -0.00010831
      252     0.00006870    -0.00023920
      253     0.00007851    -0.00036284
      254     0.00007783    -0.00045196
      255     0.00006736    -0.00048678
      256     0.00005154    -0.00046569
      257     0.00003541    -0.00040478
      258     0.00002043    -0.00032476
      259     0.00000634    -0.00023913
      260    -0.00000689    -0.00015391
      261    -0.00001917    -0.00007085
      262    -0.00002823     0.00000767
      263    -0.00003392     0.00007673
      264    -0.00003533     0.00013185
      265    -0.00003337     0.00016826
      266    -0.00002681     0.00018274
      267    -0.00001897     0.00017444
      268    -0.00001304     0.00015234
      269    -0.00001184     0.00012870
      270    -0.00001771     0.00011788
      271    -0.00002991     0.00013068
      272    -0.00004566     0.00016942
      273    -0.00005997     0.00022658
      274    -0.00006874     0.00028748
      275    -0.00007089     0.00033951
      276    -0.00006783     0.00037757
      277    -0.00006236     0.00040385
      278    -0.00005622     0.00042336
      279    -0.00005105     0.00043994
      280    -0.00004626     0.00045418
      281    -0.00003994     0.00046144
      282    -0.00003141     0.00045623
      283    -0.00001992     0.00043470
      284    -0.00000470     0.00039142
      285     0.00003246     0.00029171
      286     0.00037830    -0.00035532
      287    -0.00044104    -0.00032138
      288     0.00007234     0.00034967
      289     0.00000060     0.00009491
      290     0.00001435     0.00008700
      291     0.00002492     0.00000122
      292     0.00002828    -0.00006729
      293     0.00003013    -0.00013014
      294     0.00002732    -0.00017777
      295     0.00002219    -0.00021160
      296     0.00001481    -0.00023497
      297     0.00000610    -0.00025119
      298    -0.00000377    -0.00026287
      299    -0.00001426    -0.00027159
      300    -0.00002570    -0.00027658
      301    -0.00003734    -0.00027333
      302    -0.00004725    -0.00025474
      303    -0.00005211    -0.00021619
      304    -0.00004978    -0.00016133
      305    -0.00004069    -0.00010095
      306    -0.00002768    -0.00004551
      307    -0.00001397    -0.00000082
      308    -0.00000199     0.00003117
      309     0.00000672     0.00005007
      310     0.00001140     0.00005596
      311     0.00001344     0.00004760
      312     0.00001743     0.00001601
      313     0.00002677    -0.00006141
      314     0.00004430    -0.00022702
      315     0.00006487    -0.00053580
      316    -0.00003120    -0.00081728
      317    -0.00033837    -0.00046068
      318    -0.00004459    -0.00000287
      319    -0.00000669     0.00014868
      320     0.00000365     0.00018273
      321     0.00000440     0.00020670
      322     0.00000217     0.00022350
      323    -0.00000226     0.00024226
      324    -0.00001165     0.00027167
      325    -0.00003146     0.00033699
      326    -0.00007052     0.00048756
      327    -0.00010751     0.00075557
      328    -0.00000908     0.00093678
      329     0.00014450     0.00073938
      330     0.00015099     0.00029269
      331     0.00011127    -0.00011712
      332     0.00005471    -0.00039547
      333    -0.00001150    -0.00049987
      334    -0.00007589    -0.00040703
      335    -0.00009034    -0.00018024
      336    -0.00003467     0.00000338
      337     0.00002785     0.00001621
      338     0.00006048    -0.00012843
      339     0.00006867    -0.00036329
      340     0.00003623    -0.00058738
      341    -0.00007906    -0.00058871
      342    -0.00016892    -0.00024886
      343    -0.00008868     0.00014821
      344    -0.00003164     0.00034829
      345    -0.00000784     0.00040325
      346     0.00000295     0.00038123
      347     0.00000647     0.00032097
      348     0.00000720     0.00025088
      349     0.00000564     0.00018759
      350     0.00000316     0.00013945
      351     0.00000091     0.00010690
      352     0.00000013     0.00008544
      353     0.00000176     0.00006756
      354     0.00000590     0.00004519
      355     0.00001139     0.00001312
      356     0.00001588    -0.00002739
      357     0.00001753    -0.00006821
      358     0.00001506    -0.00009787
      359     0.00001079    -0.00010912
      360     0.00000655    -0.00010362
      361     0.00000404    -0.00008826
      362     0.00000412    -0.00007223
      363     0.00000711    -0.00006340
      364     0.00001268    -0.00006671
      365     0.00002030    -0.00008381
      366     0.00002629    -0.00011068
      367     0.00002528    -0.00013302
      368     0.00001658    -0.00013384
      369    -0.00000218    -0.00010146
      370    -0.00002152    -0.00003657
      371    -0.00003677     0.00004213
      372    -0.00004531     0.00012007
      373    -0.00004687     0.00018498
      374    -0.00004654     0.00023474
      375    -0.00004855     0.00027766
      376    -0.00005037     0.00031947
      377    -0.00004605     0.00035102
      378    -0.00003291     0.00035356
      379    -0.00001376     0.00031432
      380     0.00000672     0.00023566
      381     0.00002351     0.00013284
      382     0.00003354     0.00002725
      383     0.00003603    -0.00006224
      384     0.00003227    -0.00012367
      385     0.00002526    -0.00015385
      386     0.00001844    -0.00015827
      387     0.00001400    -0.00014814
      388     0.00001233    -0.00013493
      389     0.00001198    -0.00012541
      390     0.00001192    -0.00012080
      391     0.00001111    -0.00011914
      392     0.00000914    -0.00011692
      393     0.00000622    -0.00011150
      394     0.00000238    -0.00010107
      395    -0.00000095    -0.00008565
      396    -0.00000430    -0.00006567
      397    -0.00000641    -0.00004194
      398    -0.00000683    -0.00001787
      399    -0.00000656     0.00000381
      400    -0.00000623     0.00002236
      401    -0.00000748     0.00003999
      402    -0.00000997     0.00006026
      403    -0.00001313     0.00008430
      404    -0.00001658     0.00011097
      405    -0.00001982     0.00013766
      406    -0.00002252     0.00016149
      407    -0.00002239     0.00017799
      408    -0.00002305     0.00018633
      409    -0.00001873     0.00018520
      410    -0.00001160     0.00016733
      411     0.00000001     0.00013030
      412     0.00001625     0.00006878
      413     0.00003639    -0.00001916
      414     0.00005884    -0.00013105
      415     0.00007961    -0.00025811
      416     0.00009961    -0.00039271
      417     0.00011787    -0.00053516
      418     0.00013392    -0.00068731
      419     0.00014701    -0.00085272
      420     0.00015523    -0.00103290
      421     0.00015607    -0.00122415
      422     0.00014636    -0.00141361
      423     0.00012225    -0.00157358
      424     0.00008291    -0.00166354
      425     0.00003325    -0.00164733
      426    -0.00001721    -0.00151251
      427    -0.00006085    -0.00127095
      428    -0.00009649    -0.00094188
      429    -0.00012659    -0.00054033
      430    -0.00015318    -0.00008063
      431    -0.00017525     0.00041341
      432    -0.00019000     0.00090305
      433    -0.00019410     0.00133716
      434    -0.00018598     0.00166047
      435    -0.00016650     0.00182998
      436    -0.00014148     0.00184033
      437    -0.00011478     0.00173045
      438    -0.00008781     0.00155377
      439    -0.00006063     0.00135020
      440    -0.00003350     0.00113852
      441    -0.00000885     0.00092519
      442     0.00001081     0.00071568
      443     0.00002373     0.00051898
      444     0.00003032     0.00034527
      445     0.00003222     0.00019982
      446     0.00003092     0.00008183
      447     0.00002716    -0.00001233
      448     0.00002149    -0.00008601
      449     0.00001390    -0.00014045
      450     0.00000527    -0.00017521
      451    -0.00000313    -0.00019044
      452    -0.00000954    -0.00018873
      453    -0.00001263    -0.00017612
      454    -0.00001224    -0.00016063
      455    -0.00000929    -0.00014959
      456    -0.00000476    -0.00014823
      457     0.00000091    -0.00016009
      458     0.00000768    -0.00018774
      459     0.00001546    -0.00023281
      460     0.00002396    -0.00029539
      461     0.00003264    -0.00037350
      462     0.00004091    -0.00046273
      463     0.00004783    -0.00055641
      464     0.00005197    -0.00064518
      465     0.00005085    -0.00071522
      466     0.00004110    -0.00074578
      467     0.00001845    -0.00070860
      468    -0.00001907    -0.00057476
      469    -0.00006910    -0.00033149
      470    -0.00012359     0.00000138
      471    -0.00017315     0.00037129
      472    -0.00021167     0.00071589
      473    -0.00023745     0.00098862
      474    -0.00025024     0.00116872
      475    -0.00024848     0.00125503
      476    -0.00022893     0.00125450
      477    -0.00018826     0.00117335
      478    -0.00012567     0.00101395
      479    -0.00004655     0.00077832
      480     0.00003475     0.00047966
      481     0.00009874     0.00015647
      482     0.00013422    -0.00013370
      483     0.00014562    -0.00034924
      484     0.00014243    -0.00048501
      485     0.00013094    -0.00055785
      486     0.00011586    -0.00058913
      487     0.00010093    -0.00059795
      488     0.00008785    -0.00059802
      489     0.00007559    -0.00059487
      490     0.00006138    -0.00058377
      491     0.00004315    -0.00055213
      492     0.00002134    -0.00048761
      493    -0.00000097    -0.00038757
      494    -0.00001985    -0.00026223
      495    -0.00003271    -0.00012869
      496    -0.00003876    -0.00000329
      497    -0.00003842     0.00010148
      498    -0.00003270     0.00017668
      499    -0.00002278     0.00021619
      500    -0.00001034     0.00021762
      501     0.00000403     0.00018185
      502     0.00002099     0.00010961
      503     0.00004316    -0.00000222
      504     0.00007423    -0.00016162
      505     0.00011748    -0.00037742
      506     0.00017507    -0.00065704
      507     0.00024797    -0.00100989
      508     0.00033135    -0.00144187
      509     0.00040057    -0.00192166
      510     0.00039784    -0.00232098
      511     0.00026696    -0.00240296
      512     0.00004079    -0.00198148
      513    -0.00018283    -0.00112600
      514    -0.00034378    -0.00009694
      515    -0.00043402     0.00087194
      516    -0.00046307     0.00164838
      517    -0.00044265     0.00217248
      518    -0.00037986     0.00242085
      519    -0.00028161     0.00238823
      520    -0.00016102     0.00209498
      521    -0.00005001     0.00161357
      522     0.00004546     0.00104654
      523     0.00012900     0.00046196
      524     0.00021171    -0.00011504
      525     0.00030168    -0.00069702
      526     0.00039921    -0.00129806
      527     0.00049713    -0.00190253
      528     0.00058735    -0.00247097
      529     0.00066815    -0.00298178
      530     0.00074138    -0.00343779
      531     0.00080830    -0.00383430
      532     0.00087066    -0.00415041
      533     0.00092589    -0.00436655
      534     0.00096637    -0.00447549
      535     0.00097975    -0.00447710
      536     0.00095349    -0.00436411
      537     0.00088034    -0.00412139
      538     0.00076218    -0.00373861
      539     0.00060682    -0.00322369
      540     0.00042305    -0.00260210
      541     0.00021566    -0.00190573
      542    -0.00001245    -0.00115996
      543    -0.00025522    -0.00038388
      544    -0.00050302     0.00040595
      545    -0.00074455     0.00119541
      546    -0.00096810     0.00197504
      547    -0.00115978     0.00273511
      548    -0.00130073     0.00344307
      549    -0.00137055     0.00401598
      550    -0.00137886     0.00436009
      551    -0.00136426     0.00448569
      552    -0.00134448     0.00449811
      553    -0.00130235     0.00447871
      554    -0.00122661     0.00444149
      555    -0.00112159     0.00437574
      556    -0.00098898     0.00426303
      557    -0.00083497     0.00408237
      558    -0.00066244     0.00381877
      559    -0.00047780     0.00345483
      560    -0.00030335     0.00299340
      561    -0.00016759     0.00247716
      562    -0.00008276     0.00197552
      563    -0.00003944     0.00154576
      564    -0.00001963     0.00120967
      565    -0.00000848     0.00095751
      566     0.00000119     0.00076514
      567     0.00001153     0.00060857
      568     0.00002288     0.00046846
      569     0.00003530     0.00032858
      570     0.00004869     0.00017387
      571     0.00006212    -0.00000728
      572     0.00007395    -0.00021599
      573     0.00008324    -0.00044267
      574     0.00009267    -0.00068460
      575     0.00010307    -0.00095411
      576     0.00011346    -0.00126403
      577     0.00011335    -0.00159949
      578     0.00008058    -0.00187792
      579    -0.00000358    -0.00193706
      580    -0.00012461    -0.00161580
      581    -0.00023454    -0.00090728
      582    -0.00029495    -0.00001052
      583    -0.00029445     0.00079867
      584    -0.00024676     0.00132498
      585    -0.00018262     0.00152341
      586    -0.00012920     0.00147398
      587    -0.00009713     0.00130171
      588    -0.00008758     0.00111351
      589    -0.00009662     0.00097732
      590    -0.00012172     0.00092648
      591    -0.00015350     0.00096571
      592    -0.00017868     0.00106454
      593    -0.00018527     0.00116288
      594    -0.00016608     0.00119231
      595    -0.00013082     0.00112338
      596    -0.00008457     0.00097545
      597    -0.00002848     0.00076665
      598     0.00002858     0.00050812
      599     0.00006740     0.00022767
      600     0.00007861    -0.00002699
