#    Density matrix based averaged BO population
       0     0.00000000     1.00000000
       1     0.00001834     0.99998166
       2     0.00000942     0.99999058
       3     0.00002803     0.99997197
       4     0.00004219     0.99995781
       5     0.00005076     0.99994924
       6     0.00009305     0.99990695
       7     0.00009567     0.99990433
       8     0.00012545     0.99987455
       9     0.00015574     0.99984426
      10     0.00013364     0.99986636
      11     0.00016868     0.99983132
      12     0.00016822     0.99983178
      13     0.00014306     0.99985694
      14     0.00015946     0.99984054
      15     0.00015489     0.99984511
      16     0.00012558     0.99987442
      17     0.00010981     0.99989019
      18     0.00010312     0.99989688
      19     0.00008995     0.99991005
      20     0.00007161     0.99992839
      21     0.00005885     0.99994115
      22     0.00005612     0.99994388
      23     0.00005742     0.99994258
      24     0.00005990     0.99994010
      25     0.00006864     0.99993136
      26     0.00008094     0.99991906
      27     0.00008396     0.99991604
      28     0.00007722     0.99992278
      29     0.00007401     0.99992599
      30     0.00007416     0.99992584
      31     0.00006865     0.99993135
      32     0.00006420     0.99993580
      33     0.00006383     0.99993617
      34     0.00005671     0.99994329
      35     0.00004863     0.99995137
      36     0.00004937     0.99995063
      37     0.00004515     0.99995485
      38     0.00003274     0.99996726
      39     0.00002949     0.99997051
      40     0.00002753     0.99997247
      41     0.00001914     0.99998086
      42     0.00001613     0.99998387
      43     0.00001565     0.99998435
      44     0.00001309     0.99998691
      45     0.00001370     0.99998630
      46     0.00001659     0.99998341
      47     0.00001717     0.99998283
      48     0.00002042     0.99997958
      49     0.00002560     0.99997440
      50     0.00002668     0.99997332
      51     0.00002897     0.99997103
      52     0.00003262     0.99996738
      53     0.00003212     0.99996788
      54     0.00003298     0.99996702
      55     0.00003599     0.99996401
      56     0.00003226     0.99996774
      57     0.00002836     0.99997164
      58     0.00003200     0.99996800
      59     0.00003322     0.99996678
      60     0.00002798     0.99997202
      61     0.00002439     0.99997561
      62     0.00002643     0.99997357
      63     0.00003074     0.99996926
      64     0.00003323     0.99996677
      65     0.00003415     0.99996585
      66     0.00003500     0.99996500
      67     0.00003615     0.99996385
      68     0.00003979     0.99996021
      69     0.00004599     0.99995401
      70     0.00004822     0.99995178
      71     0.00004535     0.99995465
      72     0.00004598     0.99995402
      73     0.00005083     0.99994917
      74     0.00005303     0.99994697
      75     0.00005316     0.99994684
      76     0.00005773     0.99994227
      77     0.00006935     0.99993065
      78     0.00008947     0.99991053
      79     0.00012620     0.99987380
      80     0.00019809     0.99980191
      81     0.00034690     0.99965310
      82     0.00067574     0.99932426
      83     0.00156820     0.99843180
      84     0.00383837     0.99616163
      85     0.00657425     0.99342575
      86     0.00823856     0.99176144
      87     0.00910509     0.99089491
      88     0.00953751     0.99046249
      89     0.00979469     0.99020531
      90     0.00999851     0.99000149
      91     0.01028163     0.98971837
      92     0.01079356     0.98920644
      93     0.01169210     0.98830790
      94     0.01250711     0.98749289
      95     0.01246742     0.98753258
      96     0.01274777     0.98725223
      97     0.01323014     0.98676986
      98     0.01418757     0.98581243
      99     0.01620552     0.98379448
     100     0.01914839     0.98085161
     101     0.02216340     0.97783660
     102     0.02539015     0.97460985
     103     0.02936926     0.97063074
     104     0.03621095     0.96378905
     105     0.05023318     0.94976682
     106     0.06423935     0.93576065
     107     0.07080130     0.92919870
     108     0.07441408     0.92558592
     109     0.07764309     0.92235691
     110     0.08328240     0.91671760
     111     0.09140589     0.90859411
     112     0.09764396     0.90235604
     113     0.10022056     0.89977944
     114     0.10025056     0.89974944
     115     0.10099889     0.89900111
     116     0.10221478     0.89778522
     117     0.10723018     0.89276982
     118     0.11217360     0.88782640
     119     0.11540650     0.88459350
     120     0.11689529     0.88310471
     121     0.11742407     0.88257593
     122     0.12007864     0.87992136
     123     0.12493742     0.87506258
     124     0.12812647     0.87187353
     125     0.12984629     0.87015371
     126     0.13126127     0.86873873
     127     0.13371608     0.86628392
     128     0.13643832     0.86356168
     129     0.13840224     0.86159776
     130     0.13995922     0.86004078
     131     0.14098219     0.85901781
     132     0.14154703     0.85845297
     133     0.14253088     0.85746912
     134     0.14353058     0.85646942
     135     0.14466522     0.85533478
     136     0.14631041     0.85368959
     137     0.14827832     0.85172168
     138     0.15310957     0.84689043
     139     0.16019842     0.83980158
     140     0.16496424     0.83503576
     141     0.16804692     0.83195308
     142     0.17526088     0.82473912
     143     0.18635023     0.81364977
     144     0.19938969     0.80061031
     145     0.21349883     0.78650117
     146     0.23831898     0.76168102
     147     0.25610695     0.74389305
     148     0.26682181     0.73317819
     149     0.27330398     0.72669602
     150     0.27520854     0.72479146
     151     0.27665676     0.72334324
     152     0.28511124     0.71488876
     153     0.29037382     0.70962618
     154     0.29001257     0.70998743
     155     0.29630192     0.70369808
     156     0.30110988     0.69889012
     157     0.30311660     0.69688340
     158     0.30718514     0.69281486
     159     0.31159469     0.68840531
     160     0.31662541     0.68337459
     161     0.32370673     0.67629327
     162     0.33057675     0.66942325
     163     0.33468077     0.66531923
     164     0.33759114     0.66240886
     165     0.33879186     0.66120814
     166     0.33934707     0.66065293
     167     0.33952398     0.66047602
     168     0.33871499     0.66128501
     169     0.33929119     0.66070881
     170     0.34110481     0.65889519
     171     0.34304994     0.65695006
     172     0.34586038     0.65413962
     173     0.34608896     0.65391104
     174     0.34612575     0.65387425
     175     0.34615818     0.65384182
     176     0.34640296     0.65359704
     177     0.34670950     0.65329050
     178     0.34713073     0.65286927
     179     0.34980245     0.65019755
     180     0.35491985     0.64508015
     181     0.36129875     0.63870125
     182     0.36898057     0.63101943
     183     0.37781272     0.62218728
     184     0.38849004     0.61150996
     185     0.39357425     0.60642575
     186     0.40137686     0.59862314
     187     0.40739953     0.59260047
     188     0.41177393     0.58822607
     189     0.41475324     0.58524676
     190     0.42136729     0.57863271
     191     0.42621207     0.57378793
     192     0.43329191     0.56670809
     193     0.43989876     0.56010124
     194     0.44273264     0.55726736
     195     0.44777174     0.55222826
     196     0.45271422     0.54728578
     197     0.46029442     0.53970558
     198     0.46534684     0.53465316
     199     0.46992895     0.53007105
     200     0.47301402     0.52698598
     201     0.47526654     0.52473346
     202     0.47578912     0.52421088
     203     0.47457621     0.52542379
     204     0.47211876     0.52788124
     205     0.47076992     0.52923008
     206     0.47032079     0.52967921
     207     0.47011761     0.52988239
     208     0.47013469     0.52986531
     209     0.47174799     0.52825201
     210     0.47346415     0.52653585
     211     0.47585285     0.52414715
     212     0.47891215     0.52108785
     213     0.48064524     0.51935476
     214     0.48393124     0.51606876
     215     0.48487587     0.51512413
     216     0.48383888     0.51616112
     217     0.48315947     0.51684053
     218     0.48128847     0.51871153
     219     0.48232318     0.51767682
     220     0.48531598     0.51468402
     221     0.48978815     0.51021185
     222     0.49590136     0.50409864
     223     0.49972745     0.50027255
     224     0.50346038     0.49653962
     225     0.50935162     0.49064838
     226     0.51704493     0.48295507
     227     0.52185846     0.47814154
     228     0.52597527     0.47402473
     229     0.53292864     0.46707136
     230     0.53874487     0.46125513
     231     0.53979366     0.46020634
     232     0.53943894     0.46056106
     233     0.54084476     0.45915524
     234     0.54460282     0.45539718
     235     0.54757976     0.45242024
     236     0.54824232     0.45175768
     237     0.54734710     0.45265290
     238     0.54849871     0.45150129
     239     0.55058572     0.44941428
     240     0.55326801     0.44673199
     241     0.55699436     0.44300564
     242     0.55752464     0.44247536
     243     0.55898260     0.44101740
     244     0.55891087     0.44108913
     245     0.55804655     0.44195345
     246     0.55705933     0.44294067
     247     0.55670006     0.44329994
     248     0.55613124     0.44386876
     249     0.55495853     0.44504147
     250     0.55292018     0.44707982
     251     0.55180199     0.44819801
     252     0.55053997     0.44946003
     253     0.54949082     0.45050918
     254     0.55103266     0.44896734
     255     0.55277253     0.44722747
     256     0.55418387     0.44581613
     257     0.56031005     0.43968995
     258     0.56531046     0.43468954
     259     0.56871724     0.43128276
     260     0.58016397     0.41983603
     261     0.57568268     0.42431732
     262     0.57587619     0.42412381
     263     0.57593812     0.42406188
     264     0.57718880     0.42281120
     265     0.57791097     0.42208903
     266     0.57879686     0.42120314
     267     0.57999294     0.42000706
     268     0.58264652     0.41735348
     269     0.58560665     0.41439335
     270     0.58864785     0.41135215
     271     0.59026370     0.40973630
     272     0.59117648     0.40882352
     273     0.59089427     0.40910573
     274     0.58998643     0.41001357
     275     0.59456377     0.40543623
     276     0.59864222     0.40135778
     277     0.60104905     0.39895095
     278     0.60258117     0.39741883
     279     0.60323307     0.39676693
     280     0.60585707     0.39414293
     281     0.60761941     0.39238059
     282     0.60918653     0.39081347
     283     0.61013221     0.38986779
     284     0.61014073     0.38985927
     285     0.61268495     0.38731505
     286     0.61589488     0.38410512
     287     0.61846290     0.38153710
     288     0.62118892     0.37881108
     289     0.62115008     0.37884992
     290     0.62131792     0.37868208
     291     0.62020744     0.37979256
     292     0.62079391     0.37920609
     293     0.62004089     0.37995911
     294     0.62045181     0.37954819
     295     0.62027278     0.37972722
     296     0.61997867     0.38002133
     297     0.61994926     0.38005074
     298     0.62026800     0.37973200
     299     0.62089275     0.37910725
     300     0.62095376     0.37904624
     301     0.62087887     0.37912113
     302     0.62086487     0.37913513
     303     0.62209229     0.37790771
     304     0.62152360     0.37847640
     305     0.62393592     0.37606408
     306     0.62561492     0.37438508
     307     0.62606995     0.37393005
     308     0.62882937     0.37117063
     309     0.63282441     0.36717559
     310     0.63541277     0.36458723
     311     0.63778208     0.36221792
     312     0.63828508     0.36171492
     313     0.63753615     0.36246385
     314     0.63641265     0.36358735
     315     0.63321653     0.36678347
     316     0.63168745     0.36831255
     317     0.63170791     0.36829209
     318     0.63267574     0.36732426
     319     0.63290240     0.36709760
     320     0.63388436     0.36611564
     321     0.63428742     0.36571258
     322     0.63457297     0.36542703
     323     0.63453270     0.36546730
     324     0.63500209     0.36499791
     325     0.63513734     0.36486266
     326     0.63481956     0.36518044
     327     0.63446199     0.36553801
     328     0.63374152     0.36625848
     329     0.63323851     0.36676149
     330     0.63304024     0.36695976
     331     0.63280668     0.36719332
     332     0.63366983     0.36633017
     333     0.63568459     0.36431541
     334     0.63676624     0.36323376
     335     0.63818701     0.36181299
     336     0.64072121     0.35927879
     337     0.64661132     0.35338868
     338     0.64832735     0.35167265
     339     0.64883011     0.35116989
     340     0.64854557     0.35145443
     341     0.64952532     0.35047468
     342     0.65121154     0.34878846
     343     0.65288410     0.34711590
     344     0.65560431     0.34439569
     345     0.65751551     0.34248449
     346     0.65993441     0.34006559
     347     0.66175714     0.33824286
     348     0.66100775     0.33899225
     349     0.66207698     0.33792302
     350     0.66212654     0.33787346
     351     0.66205323     0.33794677
     352     0.66206485     0.33793515
     353     0.66136216     0.33863784
     354     0.66096686     0.33903314
     355     0.66141164     0.33858836
     356     0.66127494     0.33872506
     357     0.66084199     0.33915801
     358     0.66124068     0.33875932
     359     0.65991179     0.34008821
     360     0.66038573     0.33961427
     361     0.66061949     0.33938051
     362     0.66190089     0.33809911
     363     0.66367636     0.33632364
     364     0.66437390     0.33562610
     365     0.66447680     0.33552320
     366     0.66404543     0.33595457
     367     0.66326535     0.33673465
     368     0.66445072     0.33554928
     369     0.66504062     0.33495938
     370     0.66526919     0.33473081
     371     0.66649077     0.33350923
     372     0.66633767     0.33366233
     373     0.66952153     0.33047847
     374     0.67205872     0.32794128
     375     0.67288643     0.32711357
     376     0.67340790     0.32659210
     377     0.67308955     0.32691045
     378     0.67262107     0.32737893
     379     0.67332737     0.32667263
     380     0.67339238     0.32660762
     381     0.67356389     0.32643611
     382     0.67291121     0.32708879
     383     0.67284061     0.32715939
     384     0.67393325     0.32606675
     385     0.67334383     0.32665617
     386     0.67355802     0.32644198
     387     0.67504016     0.32495983
     388     0.67794450     0.32205550
     389     0.67459877     0.32540123
     390     0.67369388     0.32630612
     391     0.67275614     0.32724386
     392     0.67336534     0.32663466
     393     0.67295011     0.32704989
     394     0.67259933     0.32740067
     395     0.67365919     0.32634081
     396     0.67361302     0.32638698
     397     0.67415151     0.32584849
     398     0.67604100     0.32395900
     399     0.67586865     0.32413135
     400     0.67589709     0.32410291
     401     0.67624461     0.32375539
     402     0.67534102     0.32465898
     403     0.67516755     0.32483245
     404     0.67461928     0.32538072
     405     0.67485529     0.32514471
     406     0.67465396     0.32534604
     407     0.67561852     0.32438148
     408     0.67560487     0.32439513
     409     0.67631054     0.32368946
     410     0.67595571     0.32404429
     411     0.67698673     0.32301327
     412     0.67654887     0.32345113
     413     0.67764037     0.32235963
     414     0.67845235     0.32154765
     415     0.67922615     0.32077385
     416     0.68043045     0.31956955
     417     0.68073369     0.31926631
     418     0.68124853     0.31875147
     419     0.68221930     0.31778070
     420     0.68228702     0.31771298
     421     0.68093527     0.31906473
     422     0.68174255     0.31825745
     423     0.68038222     0.31961778
     424     0.67890246     0.32109754
     425     0.67937400     0.32062600
     426     0.67859443     0.32140557
     427     0.67911979     0.32088021
     428     0.67983752     0.32016248
     429     0.67799872     0.32200128
     430     0.67884514     0.32115486
     431     0.67918646     0.32081354
     432     0.67898214     0.32101786
     433     0.67930466     0.32069534
     434     0.67959422     0.32040578
     435     0.67980253     0.32019747
     436     0.68014300     0.31985700
     437     0.68130496     0.31869504
     438     0.68260937     0.31739063
     439     0.68388068     0.31611932
     440     0.68475077     0.31524923
     441     0.68486738     0.31513262
     442     0.68413802     0.31586198
     443     0.68452735     0.31547265
     444     0.68803560     0.31196440
     445     0.68933293     0.31066707
     446     0.69003336     0.30996664
     447     0.69011795     0.30988205
     448     0.68925027     0.31074973
     449     0.69118482     0.30881518
     450     0.69148493     0.30851507
     451     0.69185920     0.30814080
     452     0.69217088     0.30782912
     453     0.69151562     0.30848438
     454     0.69244555     0.30755445
     455     0.69210673     0.30789327
     456     0.69206040     0.30793960
     457     0.69211909     0.30788091
     458     0.69184130     0.30815870
     459     0.69217203     0.30782797
     460     0.69194360     0.30805640
     461     0.69202225     0.30797775
     462     0.69215726     0.30784274
     463     0.69194964     0.30805036
     464     0.69155702     0.30844298
     465     0.69156787     0.30843213
     466     0.69070003     0.30929997
     467     0.68804808     0.31195192
     468     0.68518279     0.31481721
     469     0.68509612     0.31490388
     470     0.68487525     0.31512475
     471     0.68447114     0.31552886
     472     0.68437842     0.31562158
     473     0.68390168     0.31609832
     474     0.68407567     0.31592433
     475     0.68393520     0.31606480
     476     0.68310143     0.31689857
     477     0.68307582     0.31692418
     478     0.68288512     0.31711488
     479     0.68262060     0.31737940
     480     0.68269709     0.31730291
     481     0.68193596     0.31806404
     482     0.68216524     0.31783476
     483     0.68337670     0.31662330
     484     0.68379924     0.31620076
     485     0.68486586     0.31513414
     486     0.68467103     0.31532897
     487     0.68481783     0.31518217
     488     0.68518000     0.31482000
     489     0.68518548     0.31481452
     490     0.68477091     0.31522909
     491     0.68562242     0.31437758
     492     0.68596691     0.31403310
     493     0.69078657     0.30921343
     494     0.69231793     0.30768207
     495     0.69236401     0.30763599
     496     0.69132028     0.30867972
     497     0.69065078     0.30934922
     498     0.68989515     0.31010485
     499     0.68898813     0.31101187
     500     0.68881158     0.31118842
     501     0.68812066     0.31187934
     502     0.68777832     0.31222168
     503     0.68684445     0.31315555
     504     0.68655566     0.31344434
     505     0.68443975     0.31556025
     506     0.68282546     0.31717454
     507     0.68132701     0.31867299
     508     0.68040646     0.31959354
     509     0.68036697     0.31963303
     510     0.68033418     0.31966582
     511     0.68068465     0.31931535
     512     0.68129521     0.31870479
     513     0.68116749     0.31883251
     514     0.68204713     0.31795287
     515     0.68215491     0.31784509
     516     0.68175517     0.31824483
     517     0.68245398     0.31754602
     518     0.68239460     0.31760540
     519     0.68239764     0.31760236
     520     0.68243111     0.31756889
     521     0.68236095     0.31763905
     522     0.68207738     0.31792262
     523     0.68229595     0.31770405
     524     0.68226896     0.31773104
     525     0.68242572     0.31757428
     526     0.68289385     0.31710615
     527     0.68345894     0.31654106
     528     0.68375890     0.31624110
     529     0.68371336     0.31628664
     530     0.68431215     0.31568785
     531     0.68392013     0.31607987
     532     0.68363256     0.31636744
     533     0.68385147     0.31614853
     534     0.68335415     0.31664585
     535     0.68350608     0.31649392
     536     0.68454976     0.31545024
     537     0.68445657     0.31554343
     538     0.68623326     0.31376674
     539     0.68630939     0.31369061
     540     0.68670391     0.31329609
     541     0.68699429     0.31300571
     542     0.68716984     0.31283016
     543     0.68690967     0.31309033
     544     0.68781045     0.31218955
     545     0.68723792     0.31276208
     546     0.68820023     0.31179977
     547     0.68790490     0.31209510
     548     0.69010770     0.30989230
     549     0.69292302     0.30707698
     550     0.69285236     0.30714764
     551     0.69204448     0.30795552
     552     0.69136266     0.30863734
     553     0.69008220     0.30991780
     554     0.69002049     0.30997951
     555     0.68920262     0.31079738
     556     0.68930040     0.31069960
     557     0.68936010     0.31063990
     558     0.68987696     0.31012304
     559     0.69003475     0.30996525
     560     0.68923599     0.31076401
     561     0.68952312     0.31047688
     562     0.68823592     0.31176408
     563     0.68782765     0.31217235
     564     0.68750114     0.31249886
     565     0.68580094     0.31419906
     566     0.68576006     0.31423994
     567     0.68819076     0.31180924
     568     0.69028543     0.30971457
     569     0.69166484     0.30833516
     570     0.69271361     0.30728639
     571     0.69337848     0.30662152
     572     0.69361685     0.30638315
     573     0.69376742     0.30623258
     574     0.69322199     0.30677801
     575     0.69354856     0.30645144
     576     0.69311461     0.30688539
     577     0.69294042     0.30705958
     578     0.69341354     0.30658646
     579     0.69272460     0.30727540
     580     0.69318801     0.30681199
     581     0.69338150     0.30661850
     582     0.69270007     0.30729993
     583     0.69364208     0.30635792
     584     0.69296290     0.30703710
     585     0.69291337     0.30708663
     586     0.69323386     0.30676614
     587     0.69314504     0.30685496
     588     0.69323307     0.30676693
     589     0.69373813     0.30626187
     590     0.69373883     0.30626117
     591     0.69415231     0.30584769
     592     0.69385774     0.30614226
     593     0.69447934     0.30552066
     594     0.69402988     0.30597012
     595     0.69420773     0.30579227
     596     0.69441173     0.30558827
     597     0.69422039     0.30577961
     598     0.69423156     0.30576844
     599     0.69427729     0.30572271
     600     0.69407393     0.30592607