#     Density Matrix: coherence Re-Im; see the manual for detail orders
        0     0.00000000     0.00000000     0.00000000     0.00000000     0.00000000     0.00000000
        1    -0.00000005     0.00000004    -0.00005592     0.00009248     0.00055221    -0.00017548
        2     0.00000030     0.00000011     0.00012217    -0.00002631     0.00212648    -0.00134363
        3     0.00000023    -0.00000065    -0.00005497    -0.00010849     0.00393165    -0.00415133
        4     0.00000264    -0.00000024     0.00011971    -0.00024927     0.00490131    -0.00822830
        5     0.00000366    -0.00000223    -0.00005430    -0.00031054     0.00497256    -0.01265231
        6     0.00000837    -0.00000036     0.00011794    -0.00045608     0.00518883    -0.01699416
        7     0.00001087    -0.00000490    -0.00005703    -0.00051254     0.00709822    -0.02199549
        8     0.00002020    -0.00000427     0.00011709    -0.00063405     0.01219228    -0.02957571
        9     0.00002877    -0.00001838    -0.00006346    -0.00070684     0.02211783    -0.04259854
       10     0.00005441    -0.00002370     0.00010904    -0.00076188     0.04026482    -0.06523291
       11     0.00008747    -0.00007394    -0.00006732    -0.00086695     0.07567819    -0.10505323
       12     0.00015866    -0.00011400     0.00006113    -0.00078686     0.15036321    -0.17831277
       13     0.00027308    -0.00031791    -0.00011650    -0.00078622     0.27018540    -0.31180351
       14     0.00056262    -0.00029535    -0.00008077    -0.00052337     0.15950300    -0.46522564
       15     0.00022664     0.00017882     0.00004185    -0.00025624    -0.24104280    -0.43486342
       16     0.00035614     0.00083766     0.00021110    -0.00109860    -0.40628581    -0.27311650
       17     0.00030865     0.00046095    -0.00033217    -0.00074845    -0.45747024    -0.07962247
       18    -0.00028407     0.00039292     0.00030404    -0.00073795    -0.43152018     0.10338566
       19    -0.00027010     0.00059702    -0.00023057    -0.00112470    -0.34860515     0.25260963
       20    -0.00010497     0.00020783    -0.00021366    -0.00036299    -0.22886662     0.35621644
       21    -0.00040933    -0.00003759     0.00022982    -0.00071720    -0.09116531     0.41052258
       22    -0.00037398     0.00016642    -0.00038265    -0.00064622     0.04860371     0.41739137
       23    -0.00004195    -0.00001534    -0.00000690    -0.00008128     0.17764205     0.38197436
       24    -0.00017264    -0.00028476     0.00016867    -0.00057992     0.28596118     0.31146505
       25    -0.00026798    -0.00003952    -0.00038087    -0.00030502     0.36639275     0.21410019
       26     0.00007770     0.00004227     0.00011781     0.00010600     0.41393142     0.09885631
       27     0.00014626    -0.00027539     0.00023226    -0.00050594     0.42564623    -0.02464597
       28    -0.00012831    -0.00022468    -0.00035255    -0.00029752     0.40064815    -0.14667661
       29    -0.00005469     0.00010382     0.00003386     0.00020665     0.34019213    -0.25716674
       30     0.00023224     0.00003785     0.00029705    -0.00029818     0.24816145    -0.34617364
       31     0.00007667    -0.00022984    -0.00034975    -0.00025783     0.13108829    -0.40465767
       32    -0.00022537    -0.00001207    -0.00002006     0.00040473    -0.00170347    -0.42508483
       33     0.00003404     0.00022295     0.00035809    -0.00018742    -0.13814663    -0.40246402
       34     0.00020429    -0.00009908    -0.00036354    -0.00017655    -0.26422071    -0.33546971
       35    -0.00015240    -0.00018610     0.00005429     0.00041906    -0.36486539    -0.22740137
       36    -0.00013225     0.00017233     0.00028261    -0.00024498    -0.42547139    -0.08714430
       37     0.00022270     0.00005362    -0.00038300    -0.00002878    -0.43421679     0.07064504
       38     0.00007328    -0.00025562     0.00010804     0.00041872    -0.38459901     0.22623651
       39    -0.00017596    -0.00003750     0.00021725    -0.00018263    -0.27787460     0.35673794
       40     0.00010098     0.00020977    -0.00035367     0.00006115    -0.12504474     0.43909859
       41     0.00028324    -0.00007340     0.00016121     0.00041891     0.05195200     0.45451336
       42    -0.00005714    -0.00011039     0.00010791    -0.00016413     0.22121017     0.39401635
       43    -0.00005023     0.00025960    -0.00034288     0.00030326     0.34334894     0.26401972
       44     0.00018794     0.00014860     0.00031288     0.00040193     0.37409441     0.09166584
       45    -0.00001332    -0.00004573    -0.00008310    -0.00013776     0.26309049    -0.06980261
       46    -0.00007213    -0.00006782    -0.00030167     0.00062306    -0.04191257    -0.13373640
       47    -0.00021574    -0.00016500     0.00038201     0.00030015    -0.42590150    -0.00556003
       48     0.00014351     0.00014142    -0.00013298    -0.00003040    -0.39496993     0.24395766
       49     0.00035938    -0.00027319     0.00011654     0.00014999     0.00378710     0.35745792
       50    -0.00024941    -0.00004901    -0.00009189    -0.00010159     0.33460121     0.24991495
       51    -0.00010140     0.00051842    -0.00006823     0.00036678     0.47119376    -0.00435378
       52     0.00020840     0.00016711     0.00022100     0.00001153     0.39876321    -0.28694679
       53    -0.00023470    -0.00025938    -0.00028244     0.00012710     0.15264649    -0.47226269
       54    -0.00048125     0.00004929     0.00018596     0.00038593    -0.16876312    -0.46675544
       55     0.00009694     0.00004973    -0.00004922    -0.00007897    -0.42369937    -0.25368378
       56     0.00022514    -0.00052042    -0.00010883     0.00045033    -0.48280315     0.08346001
       57    -0.00019242    -0.00024303     0.00024555    -0.00000186    -0.29923420     0.38388052
       58     0.00020985     0.00042427    -0.00031524     0.00019717     0.04830469     0.48337109
       59     0.00053008     0.00009225     0.00027818     0.00032425     0.37577041     0.30976808
       60    -0.00023983    -0.00008250    -0.00020011    -0.00004498     0.48596995    -0.05378392
       61    -0.00043633     0.00046045     0.00008771     0.00051268     0.29392619    -0.39243861
       62     0.00013534     0.00011793     0.00007366    -0.00012796    -0.09480816    -0.48135345
       63    -0.00010955    -0.00051691    -0.00013148     0.00041146    -0.42569944    -0.24268704
       64    -0.00026904    -0.00001683     0.00020878    -0.00006428    -0.45759280     0.17284569
       65     0.00041562     0.00023025    -0.00027907     0.00026248    -0.14911841     0.46532467
       66     0.00027422    -0.00018516     0.00024898     0.00009638     0.27897984     0.40125543
       67    -0.00034927     0.00019511    -0.00028735     0.00014975     0.48888509     0.01419815
       68    -0.00000642     0.00048945     0.00031330     0.00024481     0.29624024    -0.38953796
       69     0.00013795    -0.00019160    -0.00018275    -0.00005844    -0.15139462    -0.46542617
       70    -0.00035157    -0.00020627     0.00022869     0.00023924    -0.47064395    -0.13398128
       71     0.00002260     0.00035313    -0.00020162    -0.00020451    -0.36967142     0.32055681
       72     0.00043513     0.00001693     0.00003799     0.00035139     0.07146731     0.48405785
       73    -0.00017902    -0.00009631    -0.00010184    -0.00012966     0.44840959     0.19564871
       74    -0.00022563     0.00048413     0.00007488     0.00042590     0.40081043    -0.28022077
       75     0.00028033     0.00017665     0.00012705    -0.00023596    -0.03339957    -0.48780708
       76    -0.00011604    -0.00025543    -0.00000941     0.00022713    -0.43657107    -0.22058020
       77    -0.00027052     0.00031182     0.00004833    -0.00033227    -0.41208805     0.26421814
       78     0.00032546     0.00033867    -0.00026552     0.00027578     0.01901349     0.48935306
       79     0.00007129    -0.00016534     0.00011450    -0.00009111     0.43147047     0.23103482
       80    -0.00035599     0.00025727    -0.00013678     0.00032728     0.41692879    -0.25513128
       81     0.00019448     0.00050383     0.00040260    -0.00016392    -0.00892736    -0.48836848
       82     0.00021695    -0.00005259    -0.00017348    -0.00004953    -0.42524609    -0.24117091
       83    -0.00034892     0.00014108     0.00019117    -0.00024020    -0.42642960     0.24095799
       84    -0.00000804     0.00056677    -0.00046432    -0.00002252    -0.01680910     0.49003919
       85     0.00028275     0.00006930     0.00016006     0.00017536     0.40681762     0.27274107
       86    -0.00022838    -0.00002274    -0.00017541     0.00005774     0.44651263    -0.19792352
       87    -0.00010835     0.00058285     0.00044619     0.00015599     0.07405904    -0.48178196
       88     0.00037021     0.00037766    -0.00001839    -0.00042374    -0.36302470    -0.32623214
       89    -0.00009034     0.00002802     0.00006604    -0.00004012    -0.47529152     0.11893310
       90    -0.00036030     0.00050153    -0.00028236    -0.00042745    -0.17497432     0.45919031
       91     0.00018541     0.00053005    -0.00028156     0.00036952     0.27046575     0.40996722
       92     0.00014162    -0.00001359     0.00011501    -0.00000504     0.48834088     0.02535606
       93    -0.00031274     0.00026680     0.00000345     0.00032429     0.31163632    -0.37328210
       94     0.00006938     0.00072073     0.00053881    -0.00017749    -0.10700372    -0.47353644
       95     0.00033354     0.00027280    -0.00014669    -0.00031192    -0.44015323    -0.21026290
       96    -0.00020499     0.00011577     0.00011327    -0.00015887    -0.44507606     0.20807358
       97    -0.00022892     0.00062924    -0.00046335    -0.00032948    -0.13122548     0.47561343
       98     0.00029270     0.00054070    -0.00024612     0.00045661     0.27021259     0.41218508
       99     0.00008958     0.00007526     0.00006282     0.00007156     0.48396622     0.07395144
      100    -0.00034676     0.00039369    -0.00001653     0.00040849     0.37649029    -0.30549472
      101     0.00004934     0.00074440     0.00056899    -0.00000344     0.02897664    -0.48132664
      102     0.00029993     0.00025344    -0.00001731    -0.00030404    -0.33307829    -0.35153335
      103    -0.00017689     0.00007711     0.00014418    -0.00006089    -0.48920221    -0.00560911
      104    -0.00019085     0.00057154    -0.00022214    -0.00046047    -0.35355398     0.34404626
      105     0.00032869     0.00057576    -0.00050590     0.00027000    -0.01409581     0.49458222
      106     0.00022241     0.00014784     0.00003335     0.00022485     0.33058761     0.36650710
      107    -0.00030413     0.00034851    -0.00027011     0.00026447     0.48848172     0.03839876
      108    -0.00014474     0.00078932     0.00030083     0.00055256     0.37757761    -0.30527966
      109     0.00020839     0.00039907     0.00032504    -0.00011836     0.06360058    -0.47892656
      110    -0.00015422    -0.00007815     0.00002054     0.00013244    -0.28247150    -0.39329339
      111    -0.00035731     0.00026118     0.00032076    -0.00014713    -0.47761552    -0.09739710
      112     0.00021245     0.00050594    -0.00036263    -0.00026733    -0.42115698     0.25129442
      113     0.00046812     0.00012079    -0.00021095     0.00034381    -0.14434252     0.47025619
      114    -0.00002875     0.00009489    -0.00008178     0.00001176     0.20813829     0.44558119
      115    -0.00021759     0.00069805    -0.00038682     0.00046074     0.45261926     0.18936239
      116     0.00016902     0.00077085     0.00034090     0.00054220     0.46039323    -0.16567778
      117     0.00009459     0.00013106     0.00012879    -0.00001894     0.22523831    -0.43348829
      118    -0.00044213    -0.00001914     0.00008054     0.00034687    -0.13094170    -0.47054123
      119    -0.00031043     0.00037151     0.00036925    -0.00012668    -0.41804159    -0.25299478
      120     0.00034341     0.00025965    -0.00031562    -0.00014505    -0.47727943     0.10502742
