#    Non-Adiabatic Coupling Matrix Elements: off-diagonal
         0     0.00000045
         1     0.00000130
         2     0.00000222
         3     0.00000322
         4     0.00000434
         5     0.00000557
         6     0.00000695
         7     0.00000847
         8     0.00001013
         9     0.00001191
        10     0.00001378
        11     0.00001571
        12     0.00001766
        13     0.00001961
        14    -0.00501129
        15    -0.00123794
        16    -0.00094780
        17    -0.00085314
        18    -0.00081858
        19    -0.00080701
        20    -0.00080519
        21    -0.00080604
        22    -0.00080588
        23    -0.00080291
        24    -0.00079661
        25    -0.00078701
        26    -0.00077448
        27    -0.00075956
        28    -0.00074259
        29    -0.00072390
        30    -0.00070378
        31    -0.00068249
        32    -0.00066032
        33    -0.00063740
        34    -0.00061424
        35    -0.00059095
        36    -0.00056777
        37    -0.00054485
        38    -0.00052237
        39    -0.00050051
        40    -0.00047939
        41    -0.00045914
        42    -0.00043987
        43    -0.00042162
        44    -0.00040444
        45    -0.00038834
        46    -0.00037328
        47    -0.00035922
        48    -0.00034609
        49    -0.00033379
        50    -0.00032223
        51    -0.00031131
        52    -0.00030092
        53    -0.00029097
        54    -0.00028136
        55    -0.00027201
        56    -0.00026286
        57    -0.00025384
        58    -0.00024490
        59    -0.00023601
        60    -0.00022714
        61    -0.00021828
        62    -0.00020940
        63    -0.00020050
        64    -0.00019160
        65    -0.00018268
        66    -0.00017377
        67    -0.00016487
        68    -0.00015602
        69    -0.00014721
        70    -0.00013958
        71    -0.00013095
        72    -0.00012243
        73    -0.00011403
        74    -0.00010578
        75    -0.00009768
        76    -0.00008972
        77    -0.00008189
        78    -0.00007417
        79    -0.00006652
        80    -0.00005887
        81    -0.00005117
        82    -0.00004330
        83    -0.00003515
        84    -0.00002659
        85    -0.00001744
        86    -0.00000751
        87     0.00000346
        88     0.00001576
        89     0.00002974
        90     0.00004586
        91     0.00006463
        92     0.00008677
        93     0.00011313
        94     0.00014484
        95     0.00018332
        96     0.00023046
        97     0.00028877
        98     0.00036165
        99     0.00045381
       100     0.00057197
       101     0.00072584
       102     0.00092997
       103     0.00120685
       104     0.00159244
       105     0.00214648
       106     0.00297229
       107     0.00425442
       108     0.00632317
       109     0.00970343
       110     0.01473617
       111     0.01947251
       112     0.01881866
       113     0.01355101
       114     0.01177518
       115     0.00675672
       116     0.00404314
       117     0.00251247
       118     0.00159056
       119     0.00100054
       120     0.00060287
       121     0.00032288
       122     0.00011825
       123    -0.00003622
       124    -0.00015618
       125    -0.00025179
       126    -0.00032978
       127    -0.00039480
       128    -0.00045012
       129    -0.00049813
       130    -0.00054057
       131    -0.00057909
       132    -0.00061412
       133    -0.00064676
       134    -0.00067766
       135    -0.00070737
       136    -0.00073637
       137    -0.00076505
       138    -0.00079380
       139    -0.00082294
       140    -0.00085282
       141    -0.00088349
       142    -0.00091599
       143    -0.00095058
       144    -0.00098785
       145    -0.00102849
       146    -0.00107323
       147    -0.00112369
       148    -0.00118069
       149    -0.00124625
       150    -0.00132269
       151    -0.00141309
       152    -0.00152139
       153    -0.00165265
       154    -0.00181287
       155    -0.00200789
       156    -0.00223944
       157    -0.00249454
       158    -0.00272495
       159    -0.00283414
       160    -0.00273004
       161    -0.00242892
       162    -0.00204591
       163    -0.00168025
       164    -0.00137247
       165    -0.00112635
       166    -0.00093275
       167    -0.00078061
       168    -0.00066034
       169    -0.00056443
       170    -0.00048718
       171    -0.00042435
       172    -0.00037274
       173    -0.00032995
       174    -0.00029415
       175    -0.00026395
       176    -0.00023826
       177    -0.00021624
       178    -0.00019705
       179    -0.00018057
       180    -0.00016617
       181    -0.00015354
       182    -0.00014240
       183    -0.00013254
       184    -0.00012379
       185    -0.00011599
       186    -0.00010904
       187    -0.00010282
       188    -0.00009726
       189    -0.00009227
       190    -0.00008779
       191    -0.00008376
       192    -0.00008014
       193    -0.00007703
       194    -0.00007407
       195    -0.00007136
       196    -0.00006891
       197    -0.00006666
       198    -0.00006442
       199    -0.00006249
       200    -0.00006067
       201    -0.00005895
       202    -0.00005731
       203    -0.00005572
       204    -0.00005417
       205    -0.00005265
       206    -0.00005113
       207    -0.00004960
       208    -0.00004805
       209    -0.00004648
       210    -0.00004487
       211    -0.00004321
       212    -0.00004149
       213    -0.00003972
       214    -0.00003787
       215    -0.00003593
       216    -0.00003392
       217    -0.00003180
       218    -0.00002958
       219    -0.00002725
       220    -0.00002479
       221    -0.00002220
       222    -0.00001947
       223    -0.00001659
       224    -0.00001355
       225    -0.00001035
       226    -0.00000697
       227    -0.00000342
       228     0.00000030
       229     0.00000420
       230     0.00000826
       231     0.00001247
       232     0.00001682
       233     0.00002130
       234     0.00002588
       235     0.00003054
       236     0.00003527
       237     0.00004005
       238     0.00004485
       239     0.00004976
       240     0.00005459
       241     0.00005940
       242     0.00006421
       243     0.00006900
       244     0.00007379
       245     0.00007859
       246     0.00008341
       247     0.00008826
       248     0.00009318
       249     0.00009804
       250     0.00010318
       251     0.00010863
       252     0.00011405
       253     0.00011954
       254     0.00012557
       255     0.00013184
       256     0.00013845
       257     0.00014547
       258     0.00015296
       259     0.00016094
       260     0.00016945
       261     0.00017847
       262     0.00018800
       263     0.00019797
       264     0.00020827
       265     0.00021873
       266     0.00022916
       267     0.00023924
       268     0.00024862
       269     0.00025685
       270     0.00026342
       271     0.00026774
       272     0.00026917
       273     0.00026704
       274     0.00026071
       275     0.00024955
       276     0.00023309
       277     0.00021102
       278     0.00018328
       279     0.00015015
       280     0.00011226
       281     0.00007058
       282     0.00002644
       283    -0.00001864
       284    -0.00006300
       285    -0.00010504
       286    -0.00014332
       287    -0.00017672
       288    -0.00020447
       289    -0.00022618
       290    -0.00024186
       291    -0.00025179
       292    -0.00025653
       293    -0.00025675
       294    -0.00025323
       295    -0.00024675
       296    -0.00023805
       297    -0.00022781
       298    -0.00021661
       299    -0.00020471
       300    -0.00019295
