#    Step        Prob(0)        Prob(1)        
        0     0.00000000     0.00000000
        1     0.00000097     0.00000000
        2     0.00000256     0.00000000
        3     0.00000530     0.00000000
        4     0.00001066     0.00000000
        5     0.00001514     0.00000000
        6     0.00002745     0.00000000
        7     0.00003561     0.00000000
        8     0.00004944     0.00000000
        9     0.00005491     0.00000000
       10     0.00005934     0.00000000
       11     0.00006024     0.00000000
       12     0.00006106     0.00000000
       13     0.00006436     0.00000000
       14     0.00007012     0.00000000
       15     0.00007947     0.00000000
       16     0.00009253     0.00000000
       17     0.00010843     0.00000000
       18     0.00012510     0.00000000
       19     0.00013827     0.00000000
       20     0.00014180     0.00000000
       21     0.00012944     0.00000000
       22     0.00009809     0.00000000
       23     0.00005251     0.00000000
       24     0.00000606     0.00000000
       25     0.00000000     0.00000000
       26     0.00000000     0.00000000
       27     0.00000144     0.00000000
       28     0.00004220     0.00000000
       29     0.00007849     0.00000000
       30     0.00009848     0.00000000
       31     0.00010150     0.00000000
       32     0.00009438     0.00000000
       33     0.00000000     0.08547520
       34     0.00000000     0.00000000
       35     0.00000000     0.00000000
       36     0.00000000     0.00319622
       37     0.00000000     0.00000000
       38     0.00000000     0.00019912
       39     0.00000000     0.00000000
       40     0.00000000     0.00000000
       41     0.00000000     0.00000004
       42     0.00000000     0.00000000
       43     0.00000000     0.00000000
       44     0.00000000     0.00000000
       45     0.00000000     0.00000001
       46     0.00000000     0.00000003
       47     0.00000000     0.00000007
       48     0.00000000     0.00000011
       49     0.00000000     0.00000012
       50     0.00000000     0.00000000
       51     0.00000000     0.00013912
       52     0.00000000     0.00000000
       53     0.00000000     0.00000000
       54     0.00000000     0.00000259
       55     0.00000000     0.00003267
       56     0.00000000     0.00018088
       57     0.00000000     0.00079121
       58     0.00000000     0.00216790
       59     0.00000000     0.00157027
       60     0.00000000     0.00040217
       61     0.00000000     0.00018630
       62     0.00000000     0.00018380
       63     0.00000000     0.00012093
       64     0.00000000     0.00007722
       65     0.00000000     0.00004442
       66     0.00000000     0.00001187
       67     0.00000000     0.00000000
       68     0.00000000     0.00000731
       69     0.00000000     0.00005738
       70     0.00000000     0.00014480
       71     0.00000000     0.00026257
       72     0.00000000     0.00040697
       73     0.00000000     0.00058595
       74     0.00000000     0.00082085
       75     0.00000000     0.00117570
       76     0.00000000     0.00236292
       77     0.00000000     0.00548760
       78     0.00000000     0.00000000
       79     0.00000000     0.00000000
       80     0.00000000     0.00002539
       81     0.00000000     0.00000000
       82     0.00000000     0.00000644
       83     0.00000000     0.00000128
       84     0.00000000     0.00000788
       85     0.00000000     0.00000985
       86     0.00000000     0.00000552
       87     0.00000000     0.00000504
       88     0.00000000     0.00000422
       89     0.00000000     0.00000415
       90     0.00000000     0.00000933
       91     0.00000000     0.00000000
       92     0.00000000     0.00010093
       93     0.00000000     0.00038483
       94     0.00000000     0.00105796
       95     0.00000000     0.00111666
       96     0.00000000     0.00041873
       97     0.00000000     0.00009994
       98     0.00000000     0.00000229
       99     0.00000000     0.00000000
      100     0.00000000     0.00001266
      101     0.00000000     0.00005479
      102     0.00000000     0.00009137
      103     0.00000000     0.00011818
      104     0.00000000     0.00013449
      105     0.00000000     0.00013344
      106     0.00000000     0.00010293
      107     0.00000000     0.00004723
      108     0.00000000     0.00000137
      109     0.00000000     0.00000000
      110     0.00000000     0.00000000
      111     0.00000000     0.00000000
      112     0.00000000     0.00000000
      113     0.00000000     0.00002718
      114     0.00000000     0.00014299
      115     0.00000000     0.00000000
      116     0.00000000     0.00000000
      117     0.00000000     0.00000046
      118     0.00000000     0.00000000
      119     0.00000000     0.00000000
      120     0.00000000     0.00000000
      121     0.00000000     0.00000000
      122     0.00000000     0.00000001
      123     0.00000000     0.00000000
      124     0.00000000     0.00000000
      125     0.00000000     0.00000099
      126     0.00000000     0.00000000
      127     0.00000000     0.00000117
      128     0.00000000     0.00004095
      129     0.00000000     0.00026079
      130     0.00000000     0.00116648
      131     0.00000000     0.00233640
      132     0.00000000     0.00171267
      133     0.00000000     0.00124531
      134     0.00000000     0.00108752
      135     0.00000000     0.00083511
      136     0.00000000     0.00046784
      137     0.00000000     0.00012065
      138     0.00000000     0.00000000
      139     0.00000000     0.00006718
      140     0.00000000     0.00034493
      141     0.00000000     0.00052424
      142     0.00000000     0.00053510
      143     0.00000000     0.00055309
      144     0.00000000     0.00056255
      145     0.00000000     0.00049977
      146     0.00000000     0.00039323
      147     0.00000000     0.00019908
      148     0.00000000     0.00000000
      149     0.00000000     0.00000000
      150     0.00000000     0.00000000
      151     0.00000000     0.00000000
      152     0.00000000     0.00000000
      153     0.00000000     0.00000592
      154     0.00000000     0.00000000
      155     0.00000000     0.00000014
      156     0.00000000     0.00000000
      157     0.00000000     0.00000004
      158     0.00000000     0.00000007
      159     0.00000000     0.00000023
      160     0.00000000     0.00000120
      161     0.00000000     0.00001917
      162     0.00000000     0.00000000
      163     0.00000000     0.00000370
      164     0.00000000     0.00000000
      165     0.00000000     0.00000421
      166     0.00000000     0.00003449
      167     0.00000000     0.00015886
      168     0.00000000     0.00059293
      169     0.00000000     0.00151784
      170     0.00000000     0.00136990
      171     0.00000000     0.00059165
      172     0.00000000     0.00030616
      173     0.00000000     0.00021695
      174     0.00000000     0.00012796
      175     0.00000000     0.00006101
      176     0.00000000     0.00001867
      177     0.00000000     0.00000000
      178     0.00000000     0.00000000
      179     0.00000000     0.00002829
      180     0.00000000     0.00009309
      181     0.00000000     0.00018334
      182     0.00000000     0.00028404
      183     0.00000000     0.00038054
      184     0.00000000     0.00045342
      185     0.00000000     0.00045670
      186     0.00000000     0.00032778
      187     0.00000000     0.00010832
      188     0.00000000     0.00000000
      189     0.00000000     0.00000000
      190     0.00000000     0.00000460
      191     0.00000000     0.00000000
      192     0.00000000     0.00000003
      193     0.00000000     0.00000000
      194     0.00000000     0.00000000
      195     0.00000000     0.00000000
      196     0.00000000     0.00000000
      197     0.00000000     0.00000004
      198     0.00000000     0.00000005
      199     0.00000000     0.00000003
      200     0.00000000     0.00000000
      201     0.00000000     0.00000007
      202     0.00000000     0.00001235
      203     0.00000000     0.00003002
      204     0.00000000     0.00011333
      205     0.00000000     0.00038462
      206     0.00000000     0.00091147
      207     0.00000000     0.00085496
      208     0.00000000     0.00044882
      209     0.00000000     0.00022065
      210     0.00000000     0.00011658
      211     0.00000000     0.00005026
      212     0.00000000     0.00001158
      213     0.00000000     0.00000000
      214     0.00000000     0.00000000
      215     0.00000000     0.00001375
      216     0.00000000     0.00003270
      217     0.00000000     0.00004917
      218     0.00000000     0.00006189
      219     0.00000000     0.00007287
      220     0.00000000     0.00008540
      221     0.00000000     0.00010460
      222     0.00000000     0.00013644
      223     0.00000000     0.00018104
      224     0.00000000     0.00022805
      225     0.00000000     0.00025857
      226     0.00000000     0.00025441
      227     0.00000000     0.00021765
      228     0.00000000     0.00018600
      229     0.00000000     0.00041467
      230     0.00000000     0.00000000
      231     0.00000000     0.00000559
      232     0.00000000     0.00000094
      233     0.00000000     0.00000000
      234     0.00000000     0.00000023
      235     0.00000000     0.00000000
      236     0.00000000     0.00000006
      237     0.00000000     0.00000011
      238     0.00000000     0.00000030
      239     0.00000000     0.00000071
      240     0.00000000     0.00000139
      241     0.00000000     0.00000178
      242     0.00000000     0.00000094
      243     0.00000000     0.00065348
      244     0.00000000     0.00071455
      245     0.00000000     0.00046347
      246     0.00000000     0.00011060
      247     0.00000000     0.00004092
      248     0.00000000     0.00000143
      249     0.00000000     0.00000000
      250     0.00000000     0.00000723
      251     0.00000000     0.00004594
      252     0.00000000     0.00008611
      253     0.00000000     0.00011655
      254     0.00000000     0.00013300
      255     0.00000000     0.00013545
      256     0.00000000     0.00012319
      257     0.00000000     0.00009725
      258     0.00000000     0.00006661
      259     0.00000000     0.00004423
      260     0.00000000     0.00003623
      261     0.00000000     0.00004348
      262     0.00000000     0.00006616
      263     0.00000000     0.00007358
      264     0.00000000     0.00000000
      265     0.00000000     0.00000000
      266     0.00000000     0.00000000
      267     0.00000000     0.00000000
      268     0.00000000     0.00000000
      269     0.00000000     0.00000009
      270     0.00000000     0.00000165
      271     0.00000000     0.00000414
      272     0.00000000     0.00000000
      273     0.00000000     0.00000000
      274     0.00000000     0.00000063
      275     0.00000000     0.00000024
      276     0.00000000     0.00000000
      277     0.00000000     0.00000131
      278     0.00000000     0.00000836
      279     0.00000000     0.00003000
      280     0.00000000     0.00008630
      281     0.00000000     0.00020827
      282     0.00000000     0.00038463
      283     0.00000000     0.00044362
      284     0.00000000     0.00031689
      285     0.00000000     0.00017898
      286     0.00000000     0.00007978
      287     0.00000000     0.00001649
      288     0.00000000     0.00000000
      289     0.00000000     0.00000000
      290     0.00000000     0.00001904
      291     0.00000000     0.00005791
      292     0.00000000     0.00010169
      293     0.00000000     0.00013779
      294     0.00000000     0.00015307
      295     0.00000000     0.00013742
      296     0.00000000     0.00010000
      297     0.00000000     0.00011184
      298     0.00000000     0.00000000
      299     0.00000000     0.00000000
      300     0.00000000     0.00000124
      301     0.00000000     0.00000017
      302     0.00000000     0.00000034
      303     0.00000000     0.00000008
      304     0.00000000     0.00000136
      305     0.00000000     0.00000000
      306     0.00000000     0.00000082
      307     0.00000000     0.00000008
      308     0.00000000     0.00000000
      309     0.00000000     0.00000111
      310     0.00000000     0.00000687
      311     0.00000000     0.00002595
      312     0.00000000     0.00008368
      313     0.00000000     0.00024957
      314     0.00000000     0.00062422
      315     0.00000000     0.00087806
      316     0.00000000     0.00057681
      317     0.00000000     0.00025196
      318     0.00000000     0.00009122
      319     0.00000000     0.00001502
      320     0.00000000     0.00000000
      321     0.00000000     0.00000000
      322     0.00000000     0.00002740
      323     0.00000000     0.00006594
      324     0.00000000     0.00011157
      325     0.00000000     0.00015772
      326     0.00000000     0.00018720
      327     0.00000000     0.00017967
      328     0.00000000     0.00013104
      329     0.00000000     0.00006709
      330     0.00000000     0.00002174
      331     0.00000000     0.00000255
      332     0.00000000     0.00000000
      333     0.00000000     0.00000000
      334     0.00000000     0.00000000
      335     0.00000000     0.00000076
      336     0.00000000     0.00000000
      337     0.00000000     0.00000005
      338     0.00000000     0.00000003
      339     0.00000000     0.00000000
      340     0.00000000     0.00000000
      341     0.00000000     0.00000000
      342     0.00000000     0.00000001
      343     0.00000000     0.00000014
      344     0.00000000     0.00000116
      345     0.00000000     0.00001206
      346     0.00000000     0.00000000
      347     0.00000000     0.00005001
      348     0.00000000     0.00014996
      349     0.00000000     0.00058139
      350     0.00000000     0.00154477
      351     0.00000000     0.00149387
      352     0.00000000     0.00085530
      353     0.00000000     0.00041852
      354     0.00000000     0.00015335
      355     0.00000000     0.00000000
      356     0.00000000     0.00000000
      357     0.00000000     0.00006071
      358     0.00000000     0.00015059
      359     0.00000000     0.00022204
      360     0.00000000     0.00028123
      361     0.00000000     0.00031215
      362     0.00000000     0.00031279
      363     0.00000000     0.00029420
      364     0.00000000     0.00025419
      365     0.00000000     0.00019497
      366     0.00000000     0.00013342
      367     0.00000000     0.00008801
      368     0.00000000     0.00007098
      369     0.00000000     0.00008920
      370     0.00000000     0.00014448
      371     0.00000000     0.00005095
      372     0.00000000     0.00000000
      373     0.00000000     0.00000000
      374     0.00000000     0.00000000
      375     0.00000000     0.00000000
      376     0.00000000     0.00000003
      377     0.00000000     0.00000018
      378     0.00000000     0.00000028
      379     0.00000000     0.00000047
      380     0.00000000     0.00000083
      381     0.00000000     0.00000112
      382     0.00000000     0.00000000
      383     0.00000000     0.00000000
      384     0.00000000     0.00000793
      385     0.00000000     0.00005760
      386     0.00000000     0.00025647
      387     0.00000000     0.00081293
      388     0.00000000     0.00119291
      389     0.00000000     0.00089121
      390     0.00000000     0.00055217
      391     0.00000000     0.00028051
      392     0.00000000     0.00006580
      393     0.00000000     0.00000000
      394     0.00000000     0.00000955
      395     0.00000000     0.00016176
      396     0.00000000     0.00038757
      397     0.00000000     0.00062578
      398     0.00000000     0.00081716
      399     0.00000000     0.00088040
      400     0.00000000     0.00064841
      401     0.00000000     0.00022309
      402     0.00000000     0.00001731
      403     0.00000000     0.00001387
      404     0.00000000     0.00006768
      405     0.00000000     0.00023754
      406     0.00000000     0.00000000
      407     0.00000000     0.00000000
      408     0.00000000     0.00000018
      409     0.00000000     0.00000000
      410     0.00000000     0.00000007
      411     0.00000000     0.00000422
      412     0.00000000     0.00001150
      413     0.00000000     0.00000703
      414     0.00000000     0.00000032
      415     0.00000000     0.00000000
      416     0.00000000     0.00000072
      417     0.00000000     0.00000276
      418     0.00000000     0.00000940
      419     0.00000000     0.00003155
      420     0.00000000     0.00009820
      421     0.00000000     0.00026741
      422     0.00000000     0.00054405
      423     0.00000000     0.00063045
      424     0.00000000     0.00040512
      425     0.00000000     0.00017370
      426     0.00000000     0.00006134
      427     0.00000000     0.00002113
      428     0.00000000     0.00000092
      429     0.00000000     0.00000000
      430     0.00000000     0.00000017
      431     0.00000000     0.00003347
      432     0.00000000     0.00009377
      433     0.00000000     0.00018011
      434     0.00000000     0.00028244
      435     0.00000000     0.00036452
      436     0.00000000     0.00033835
      437     0.00000000     0.00013029
      438     0.00000000     0.00000000
      439     0.00000000     0.00000000
      440     0.00000000     0.00000000
      441     0.00000000     0.00000000
      442     0.00000000     0.00001825
      443     0.00000000     0.00000000
      444     0.00000000     0.00000119
      445     0.00000000     0.00000106
      446     0.00000000     0.00000109
      447     0.00000000     0.00000103
      448     0.00000000     0.00000059
      449     0.00000000     0.00000000
      450     0.00000000     0.00000000
      451     0.00000000     0.00012934
      452     0.00000000     0.00000000
      453     0.00000000     0.00009118
      454     0.00000000     0.00029931
      455     0.00000000     0.00109376
      456     0.00000000     0.00243264
      457     0.00000000     0.00159899
      458     0.00000000     0.00067387
      459     0.00000000     0.00023446
      460     0.00000000     0.00000000
      461     0.00000000     0.00000000
      462     0.00000000     0.00002818
      463     0.00000000     0.00012180
      464     0.00000000     0.00021733
      465     0.00000000     0.00028183
      466     0.00000000     0.00029751
      467     0.00000000     0.00028372
      468     0.00000000     0.00025577
      469     0.00000000     0.00021812
      470     0.00000000     0.00017243
      471     0.00000000     0.00012577
      472     0.00000000     0.00009091
      473     0.00000000     0.00008304
      474     0.00000000     0.00014786
      475     0.00000000     0.00159793
      476     0.00000000     0.00000000
      477     0.00000000     0.00000000
      478     0.00000000     0.00000015
      479     0.00000000     0.00000017
      480     0.00000000     0.00000000
      481     0.00000000     0.00000000
      482     0.00000000     0.00000010
      483     0.00000000     0.00000030
      484     0.00000000     0.00000039
      485     0.00000000     0.00000033
      486     0.00000000     0.00000024
      487     0.00000000     0.00000045
      488     0.00000000     0.00000308
      489     0.00000000     0.00006510
      490     0.00000000     0.00000000
      491     0.00000000     0.00004400
      492     0.00000000     0.00010857
      493     0.00000000     0.00034275
      494     0.00000000     0.00100840
      495     0.00000000     0.00175043
      496     0.00000000     0.00123775
      497     0.00000000     0.00064898
      498     0.00000000     0.00037758
      499     0.00000000     0.00019065
      500     0.00000000     0.00004923
      501     0.00000000     0.00000000
      502     0.00000000     0.00000000
      503     0.00000000     0.00008046
      504     0.00000000     0.00019711
      505     0.00000000     0.00029475
      506     0.00000000     0.00032940
      507     0.00000000     0.00031543
      508     0.00000000     0.00029547
      509     0.00000000     0.00026329
      510     0.00000000     0.00021212
      511     0.00000000     0.00016501
      512     0.00000000     0.00013582
      513     0.00000000     0.00012733
      514     0.00000000     0.00014212
      515     0.00000000     0.00018442
      516     0.00000000     0.00023212
      517     0.00000000     0.00010559
      518     0.00000000     0.00000000
      519     0.00000000     0.00000000
      520     0.00000000     0.00000000
      521     0.00000000     0.00000296
      522     0.00000000     0.00000291
      523     0.00000000     0.00000098
      524     0.00000000     0.00000000
      525     0.00000000     0.00000076
      526     0.00000000     0.00000832
      527     0.00000000     0.00001208
      528     0.00000000     0.00000488
      529     0.00000000     0.00000000
      530     0.00000000     0.00000334
      531     0.00000000     0.00006674
      532     0.00000000     0.00024321
      533     0.00000000     0.00051731
      534     0.00000000     0.00038287
      535     0.00000000     0.00010573
      536     0.00000000     0.00001696
      537     0.00000000     0.00000000
      538     0.00000000     0.00000000
      539     0.00000000     0.00000000
      540     0.00000000     0.00002561
      541     0.00000000     0.00006040
      542     0.00000000     0.00009850
      543     0.00000000     0.00012800
      544     0.00000000     0.00013082
      545     0.00000000     0.00009741
      546     0.00000000     0.00004686
      547     0.00000000     0.00001201
      548     0.00000000     0.00000039
      549     0.00000000     0.00000000
      550     0.00000000     0.00000164
      551     0.00000000     0.00000286
      552     0.00000000     0.00000344
      553     0.00000000     0.00000342
      554     0.00000000     0.00000186
      555     0.00000000     0.00000000
      556     0.00000000     0.00000000
      557     0.00000000     0.00000204
      558     0.00000000     0.00000772
      559     0.00000000     0.00000797
      560     0.00000000     0.00000000
      561     0.00000000     0.00000230
      562     0.00000000     0.00000734
      563     0.00000000     0.00002138
      564     0.00000000     0.00006490
      565     0.00000000     0.00019591
      566     0.00000000     0.00047882
      567     0.00000000     0.00060127
      568     0.00000000     0.00040134
      569     0.00000000     0.00021497
      570     0.00000000     0.00007465
      571     0.00000000     0.00000000
      572     0.00000000     0.00000000
      573     0.00000000     0.00009327
      574     0.00000000     0.00022916
      575     0.00000000     0.00033719
      576     0.00000000     0.00037368
      577     0.00000000     0.00032795
      578     0.00000000     0.00019633
      579     0.00000000     0.00001103
      580     0.00000000     0.00000000
      581     0.00000000     0.00000000
      582     0.00000000     0.00000000
      583     0.00000000     0.00004752
      584     0.00000000     0.00000789
      585     0.00000000     0.00000000
      586     0.00000000     0.00000035
      587     0.00000000     0.00000000
      588     0.00000000     0.00000004
      589     0.00000000     0.00000127
      590     0.00000000     0.00001086
      591     0.00000000     0.00000000
      592     0.00000000     0.00000000
      593     0.00000000     0.00000000
      594     0.00000000     0.00000000
      595     0.00000000     0.00000171
      596     0.00000000     0.00000592
      597     0.00000000     0.00001577
      598     0.00000000     0.00003717
      599     0.00000000     0.00008054
      600     0.00000000     0.00016084
