#    Step     Kinetic(H)     Potential(H)   Total(H)       E(0)(H)        E(1)(H)        
        0     0.00677004    -6.15875728    -6.15198724    -6.41110605    -6.15875728
        1     0.00685383    -6.15883884    -6.15198501    -6.41211365    -6.15883884
        2     0.00669648    -6.15868248    -6.15198600    -6.41255154    -6.15868248
        3     0.00631042    -6.15829598    -6.15198556    -6.41237915    -6.15829598
        4     0.00576106    -6.15773455    -6.15197349    -6.41162167    -6.15773455
        5     0.00529075    -6.15723694    -6.15194619    -6.41050263    -6.15723694
        6     0.00533596    -6.15725364    -6.15191768    -6.40946871    -6.15725364
        7     0.00630785    -6.15822242    -6.15191457    -6.40896592    -6.15822242
        8     0.00822855    -6.16018090    -6.15195235    -6.40905652    -6.16018090
        9     0.01053950    -6.16255510    -6.15201560    -6.40921155    -6.16255510
       10     0.01232925    -6.16439555    -6.15206630    -6.40854665    -6.16439555
       11     0.01286881    -6.16494135    -6.15207254    -6.40637964    -6.16494135
       12     0.01206372    -6.16409526    -6.15203154    -6.40269587    -6.16409526
       13     0.01049546    -6.16246644    -6.15197098    -6.39818203    -6.16246644
       14     0.00903050    -6.16095912    -6.15192862    -6.39380943    -6.16095912
       15     0.00828907    -6.16021324    -6.15192417    -6.39027300    -6.16021324
       16     0.00836056    -6.16030789    -6.15194733    -6.38769506    -6.16030789
       17     0.00892078    -6.16089470    -6.15197392    -6.38575940    -6.16089470
       18     0.00955812    -6.16154649    -6.15198837    -6.38406014    -6.16154649
       19     0.01000782    -6.16199890    -6.15199108    -6.38234396    -6.16199890
       20     0.01017564    -6.16216562    -6.15198998    -6.38052667    -6.16216562
       21     0.01004425    -6.16203422    -6.15198997    -6.37858962    -6.16203422
       22     0.00961491    -6.16160249    -6.15198758    -6.37651429    -6.16160249
       23     0.00895848    -6.16093173    -6.15197325    -6.37432980    -6.16093173
       24     0.00833052    -6.16027238    -6.15194186    -6.37222933    -6.16027238
       25     0.00821453    -6.16011790    -6.15190337    -6.37061395    -6.16011790
       26     0.00916139    -6.16104265    -6.15188126    -6.36991938    -6.16104265
       27     0.01146246    -6.16335586    -6.15189340    -6.37025055    -6.16335586
       28     0.01493555    -6.16686081    -6.15192526    -6.37107685    -6.16686081
       29     0.01924248    -6.17111681    -6.15187433    -6.37117754    -6.17111681
       30     0.02352520    -6.17939804    -6.15587284    -6.36616560    -6.17939804
       31     0.02696818    -6.18282980    -6.15586162    -6.36415975    -6.18282980
       32     0.02994602    -6.18576292    -6.15581690    -6.36043725    -6.18576292
       33     0.03316345    -6.18892730    -6.15576385    -6.35569247    -6.18892730
       34     0.03742034    -6.19315661    -6.15573627    -6.35079050    -6.19315661
       35     0.04315565    -6.19890675    -6.15575110    -6.34628441    -6.19890675
       36     0.05020319    -6.20600080    -6.15579761    -6.34215026    -6.20600080
       37     0.05792783    -6.21377659    -6.15584876    -6.33791364    -6.21377659
       38     0.06560520    -6.22148753    -6.15588233    -6.33302457    -6.22148753
       39     0.07274613    -6.22863963    -6.15589350    -6.32717274    -6.22863963
       40     0.07919310    -6.23508400    -6.15589090    -6.32037387    -6.23508400
       41     0.08502377    -6.24090958    -6.15588581    -6.31287963    -6.24090958
       42     0.09037785    -6.24626741    -6.15588956    -6.30505745    -6.24626741
       43     0.09527238    -6.25119080    -6.15591842    -6.29735125    -6.25119080
       44     0.09935405    -6.25536206    -6.15600801    -6.29041642    -6.25536206
       45     0.10151548    -6.25769391    -6.15617843    -6.28551205    -6.25769391
       46     0.10029619    -6.25646135    -6.15616516    -6.28435834    -6.25646135
       47     0.09572007    -6.25170744    -6.15598737    -6.28674286    -6.25170744
       48     0.08927553    -6.24516518    -6.15588965    -6.29075815    -6.24516518
       49     0.08215038    -6.23799266    -6.15584228    -6.29519975    -6.23799266
       50     0.07493671    -6.23074901    -6.15581230    -6.29960574    -6.23074901
       51     0.06799003    -6.22377871    -6.15578868    -6.30385529    -6.22377871
       52     0.06158779    -6.21735700    -6.15576921    -6.30798365    -6.21735700
       53     0.05595772    -6.21171391    -6.15575619    -6.31208781    -6.21171391
       54     0.05125577    -6.20700767    -6.15575190    -6.31625307    -6.20700767
       55     0.04752947    -6.20328628    -6.15575681    -6.32049401    -6.20328628
       56     0.04469570    -6.20046558    -6.15576988    -6.32472170    -6.20046558
       57     0.04255257    -6.19834080    -6.15578823    -6.32874746    -6.19834080
       58     0.04082482    -6.19663169    -6.15580687    -6.33232043    -6.19663169
       59     0.03923498    -6.19505564    -6.15582066    -6.33519162    -6.19505564
       60     0.03758386    -6.19340896    -6.15582510    -6.33718667    -6.19340896
       61     0.03581766    -6.19163538    -6.15581772    -6.33826796    -6.19163538
       62     0.03405471    -6.18985557    -6.15580086    -6.33856162    -6.18985557
       63     0.03254535    -6.18832761    -6.15578226    -6.33831952    -6.18832761
       64     0.03155558    -6.18732793    -6.15577235    -6.33780513    -6.18732793
       65     0.03121741    -6.18699570    -6.15577829    -6.33714423    -6.18699570
       66     0.03143166    -6.18722991    -6.15579825    -6.33622780    -6.18722991
       67     0.03189598    -6.18771814    -6.15582216    -6.33474385    -6.18771814
       68     0.03224849    -6.18808667    -6.15583818    -6.33232797    -6.18808667
       69     0.03223859    -6.18807831    -6.15583972    -6.32874063    -6.18807831
       70     0.03182775    -6.18765530    -6.15582755    -6.32396976    -6.18765530
       71     0.03117932    -6.18698805    -6.15580873    -6.31822078    -6.18698805
       72     0.03056587    -6.18635677    -6.15579090    -6.31182029    -6.18635677
       73     0.03025973    -6.18603766    -6.15577793    -6.30510154    -6.18603766
       74     0.03047207    -6.18624122    -6.15576915    -6.29833790    -6.18624122
       75     0.03135908    -6.18712020    -6.15576112    -6.29174114    -6.18712020
       76     0.03305947    -6.18881210    -6.15575263    -6.28549328    -6.18881210
       77     0.03570766    -6.19145360    -6.15574594    -6.27975399    -6.19145360
       78     0.03940325    -6.19514862    -6.15574537    -6.27462808    -6.19514862
       79     0.04416434    -6.19991702    -6.15575268    -6.27012252    -6.19991702
       80     0.04990395    -6.20567033    -6.15576638    -6.26613750    -6.20567033
       81     0.05644817    -6.21223157    -6.15578340    -6.26251153    -6.21223157
       82     0.06357395    -6.21937776    -6.15580381    -6.25911203    -6.21937776
       83     0.07099976    -6.22684155    -6.15584179    -6.25597120    -6.22684155
       84     0.07811758    -6.23409268    -6.15597510    -6.25359175    -6.23409268
       85     0.08309933    -6.23936622    -6.15626689    -6.25392679    -6.23936622
       86     0.08463577    -6.24060848    -6.15597271    -6.25933638    -6.24060848
       87     0.08423254    -6.24008931    -6.15585677    -6.26742129    -6.24008931
       88     0.08349823    -6.23936137    -6.15586314    -6.27583368    -6.23936137
       89     0.08245450    -6.23835019    -6.15589569    -6.28346589    -6.23835019
       90     0.08069893    -6.23661636    -6.15591743    -6.28961908    -6.23661636
       91     0.07800442    -6.23391321    -6.15590879    -6.29399093    -6.23391321
       92     0.07459058    -6.23046043    -6.15586985    -6.29680667    -6.23046043
       93     0.07109449    -6.22691861    -6.15582412    -6.29875683    -6.22691861
       94     0.06822094    -6.22402518    -6.15580424    -6.30062799    -6.22402518
       95     0.06628653    -6.22211081    -6.15582428    -6.30281798    -6.22211081
       96     0.06503036    -6.22089675    -6.15586639    -6.30512271    -6.22089675
       97     0.06385431    -6.21975338    -6.15589907    -6.30697504    -6.21975338
       98     0.06225866    -6.21816371    -6.15590505    -6.30788808    -6.21816371
       99     0.06011089    -6.21599940    -6.15588851    -6.30771925    -6.21599940
      100     0.05761110    -6.21347609    -6.15586499    -6.30662411    -6.21347609
      101     0.05508414    -6.21093146    -6.15584732    -6.30483947    -6.21093146
      102     0.05279820    -6.20863574    -6.15583754    -6.30249995    -6.20863574
      103     0.05092609    -6.20675447    -6.15582838    -6.29960623    -6.20675447
      104     0.04963562    -6.20544707    -6.15581145    -6.29613136    -6.20544707
      105     0.04919970    -6.20498620    -6.15578650    -6.29215651    -6.20498620
      106     0.04999021    -6.20575581    -6.15576560    -6.28789949    -6.20575581
      107     0.05230857    -6.20807407    -6.15576550    -6.28358456    -6.20807407
      108     0.05616347    -6.21195614    -6.15579267    -6.27926141    -6.21195614
      109     0.06119928    -6.21703506    -6.15583578    -6.27479373    -6.21703506
      110     0.06685551    -6.22273919    -6.15588368    -6.27015656    -6.22273919
      111     0.07250889    -6.22847297    -6.15596408    -6.26595347    -6.22847297
      112     0.07720138    -6.23332418    -6.15612280    -6.26392668    -6.23332418
      113     0.07969834    -6.23583410    -6.15613576    -6.26653741    -6.23583410
      114     0.07991743    -6.23590710    -6.15598967    -6.27391515    -6.23590710
      115     0.07894842    -6.23487454    -6.15592612    -6.28358756    -6.23487454
      116     0.07753179    -6.23343793    -6.15590614    -6.29350457    -6.23343793
      117     0.07592068    -6.23181149    -6.15589081    -6.30260382    -6.23181149
      118     0.15456650    -6.31044207    -6.15587557    -6.31044207    -6.23016765
      119     0.16407151    -6.32000561    -6.15593410    -6.32000561    -6.23366050
      120     0.16957383    -6.32552043    -6.15594660    -6.32552043    -6.23150496
      121     0.17102462    -6.32693178    -6.15590716    -6.32693178    -6.22451880
      122     0.16916271    -6.32498078    -6.15581807    -6.32498078    -6.21390376
      123     0.16542450    -6.32114136    -6.15571686    -6.32114136    -6.20138507
      124     0.16133422    -6.31700244    -6.15566822    -6.31700244    -6.18871849
      125     0.15762584    -6.31332149    -6.15569565    -6.31332149    -6.17680689
      126     0.15394298    -6.30969207    -6.15574909    -6.30969207    -6.16539984
      127     0.14947138    -6.30523666    -6.15576528    -6.30523666    -6.15380890
      128     0.14379602    -6.29952726    -6.15573124    -6.29952726    -6.14185641
      129     0.13718420    -6.29285896    -6.15567476    -6.29285896    -6.13020146
      130     0.13031031    -6.28593478    -6.15562447    -6.28593478    -6.12009833
      131     0.12388494    -6.27947805    -6.15559311    -6.27947805    -6.11299997
      132     0.11843694    -6.27401677    -6.15557983    -6.27401677    -6.11003498
      133     0.11421640    -6.26979968    -6.15558328    -6.26979968    -6.11143808
      134     0.11120115    -6.26679450    -6.15559335    -6.26679450    -6.11650176
      135     0.10927096    -6.26486528    -6.15559432    -6.26486528    -6.12415916
      136     0.10842576    -6.26401132    -6.15558556    -6.26401132    -6.13354610
      137     0.10878339    -6.26436681    -6.15558342    -6.26436681    -6.14412516
      138     0.11035525    -6.26595580    -6.15560055    -6.26595580    -6.15548250
      139     0.11287790    -6.26850569    -6.15562779    -6.26850569    -6.16712221
      140     0.11592979    -6.27156726    -6.15563747    -6.27156726    -6.17852253
      141     0.11928990    -6.27490076    -6.15561086    -6.27490076    -6.18944702
      142     0.12315837    -6.27873192    -6.15557355    -6.27873192    -6.20014481
      143     0.12783533    -6.28342003    -6.15558470    -6.28342003    -6.21099352
      144     0.13302190    -6.28869218    -6.15567028    -6.28869218    -6.22174163
      145     0.13753321    -6.29331693    -6.15578372    -6.29331693    -6.23119972
      146     0.13986124    -6.29571768    -6.15585644    -6.29571768    -6.23784948
      147     0.13902642    -6.29488649    -6.15586007    -6.29488649    -6.24070485
      148     0.13498001    -6.29078502    -6.15580501    -6.29078502    -6.23961877
      149     0.12848922    -6.28420725    -6.15571803    -6.28420725    -6.23506046
      150     0.12072068    -6.27636805    -6.15564737    -6.27636805    -6.22773756
      151     0.11257837    -6.26822327    -6.15564490    -6.26822327    -6.21816431
      152     0.10410008    -6.25980936    -6.15570928    -6.25980936    -6.20633806
      153     0.09455131    -6.25032251    -6.15577120    -6.25032251    -6.19191318
      154     0.08330811    -6.23906648    -6.15575837    -6.23906648    -6.17491595
      155     0.07077579    -6.22643023    -6.15565444    -6.22643023    -6.15640965
      156     0.05861646    -6.21411409    -6.15549763    -6.21411409    -6.13850870
      157     0.04923471    -6.20458175    -6.15534704    -6.20458175    -6.12373541
      158     0.04493802    -6.20018961    -6.15525159    -6.20018961    -6.11417158
      159     0.04720091    -6.20243751    -6.15523660    -6.20243751    -6.11084940
      160     0.05627409    -6.21157522    -6.15530113    -6.21157522    -6.11355568
      161     0.07117733    -6.22660288    -6.15542555    -6.22660288    -6.12097739
      162     0.08997498    -6.24555740    -6.15558242    -6.24555740    -6.13103192
      163     0.11019235    -6.26593502    -6.15574267    -6.26593502    -6.14128823
      164     0.12931291    -6.28518290    -6.15586999    -6.28518290    -6.14946830
      165     0.14535550    -6.30127821    -6.15592271    -6.30127821    -6.15401751
      166     0.15743021    -6.31331094    -6.15588073    -6.31331094    -6.15460065
      167     0.16595895    -6.32173631    -6.15577736    -6.32173631    -6.15219364
      168     0.17216208    -6.32787107    -6.15570899    -6.32787107    -6.14852522
      169     0.17682511    -6.33258065    -6.15575554    -6.33258065    -6.14526643
      170     0.17951739    -6.33535632    -6.15583893    -6.33535632    -6.14326269
      171     0.18065402    -6.33345608    -6.15280206    -6.33345608    -6.13270553
      172     0.17750890    -6.32928162    -6.15177272    -6.32928162    -6.13541534
      173     0.16956742    -6.32127483    -6.15170741    -6.32127483    -6.13842757
      174     0.15988449    -6.31157785    -6.15169336    -6.31157785    -6.13809600
      175     0.14909402    -6.30072688    -6.15163286    -6.30072688    -6.13559097
      176     0.13815632    -6.28972101    -6.15156469    -6.28972101    -6.13227834
      177     0.12814421    -6.27965003    -6.15150582    -6.27965003    -6.12938229
      178     0.11997866    -6.27144319    -6.15146453    -6.27144319    -6.12791126
      179     0.11429461    -6.26574110    -6.15144649    -6.26574110    -6.12857195
      180     0.11135425    -6.26281103    -6.15145678    -6.26281103    -6.13169375
      181     0.11097661    -6.26247610    -6.15149949    -6.26247610    -6.13715801
      182     0.11249883    -6.26407078    -6.15157195    -6.26407078    -6.14435146
      183     0.11485686    -6.26651129    -6.15165443    -6.26651129    -6.15223481
      184     0.11691323    -6.26861875    -6.15170552    -6.26861875    -6.15966386
      185     0.11805328    -6.26973728    -6.15168400    -6.26973728    -6.16600690
      186     0.11868526    -6.27028922    -6.15160396    -6.27028922    -6.17169869
      187     0.11992385    -6.27148699    -6.15156314    -6.27148699    -6.17794882
      188     0.12227630    -6.27392844    -6.15165214    -6.27392844    -6.18532817
      189     0.12453303    -6.27636290    -6.15182987    -6.27636290    -6.19252263
      190     0.12431125    -6.27626669    -6.15195544    -6.27626669    -6.19689755
      191     0.11986685    -6.27180533    -6.15193848    -6.27180533    -6.19645319
      192     0.11132028    -6.26313228    -6.15181200    -6.26313228    -6.19110637
      193     0.10034024    -6.25199815    -6.15165791    -6.25199815    -6.18224156
      194     0.08904704    -6.24057345    -6.15152641    -6.24057345    -6.17144059
      195     0.07922727    -6.23066602    -6.15143875    -6.23066602    -6.15969144
      196     0.07200927    -6.22341476    -6.15140549    -6.22341476    -6.14733542
      197     0.06789914    -6.21930358    -6.15140444    -6.21930358    -6.13453370
      198     0.06691088    -6.21835200    -6.15144112    -6.21835200    -6.12172286
      199     0.06847834    -6.21999957    -6.15152123    -6.21999957    -6.10936179
      200     0.07136308    -6.22299977    -6.15163669    -6.22299977    -6.09748795
      201     0.07379504    -6.22555837    -6.15176333    -6.22555837    -6.08554978
      202     0.07387951    -6.22574046    -6.15186095    -6.22574046    -6.07260658
      203     0.07026730    -6.22213582    -6.15186852    -6.22213582    -6.05789113
      204     0.06308229    -6.21480533    -6.15172304    -6.21480533    -6.04175716
      205     0.05467121    -6.20611950    -6.15144829    -6.20611950    -6.02660079
      206     0.04900665    -6.20022844    -6.15122179    -6.20022844    -6.01645251
      207     0.04917818    -6.20042051    -6.15124233    -6.20042051    -6.01446457
      208     0.05488862    -6.20635937    -6.15147075    -6.20635937    -6.02026618
      209     0.06293028    -6.21461562    -6.15168534    -6.21461562    -6.03057232
      210     0.07008376    -6.22180678    -6.15172302    -6.22180678    -6.04208671
      211     0.07429280    -6.21668402    -6.14239122    -6.21668402    -6.08613369
      212     0.07558331    -6.21791626    -6.14233295    -6.21791626    -6.09492972
      213     0.07513662    -6.21736503    -6.14222841    -6.21736503    -6.09693308
      214     0.07502533    -6.21684962    -6.14182429    -6.21684962    -6.09285272
      215     0.07320706    -6.21825388    -6.14504682    -6.21825388    -6.09132838
      216     0.06783791    -6.21283069    -6.14499278    -6.21283069    -6.10006468
      217     0.06354676    -6.20847840    -6.14493164    -6.20847840    -6.10901024
      218     0.06126322    -6.20615028    -6.14488706    -6.20615028    -6.11880924
      219     0.06167323    -6.20653174    -6.14485851    -6.20653174    -6.12978043
      220     0.06514192    -6.21000265    -6.14486073    -6.21000265    -6.14190744
      221     0.07155095    -6.21645445    -6.14490350    -6.21645445    -6.15464191
      222     0.08024758    -6.22521089    -6.14496331    -6.22521089    -6.16685285
      223     0.09037947    -6.23539262    -6.14501315    -6.23539262    -6.17730011
      224     0.10124416    -6.24632079    -6.14507663    -6.24632079    -6.18521151
      225     0.11200560    -6.25721708    -6.14521148    -6.25721708    -6.19009155
      226     0.12111686    -6.26649150    -6.14537464    -6.26649150    -6.19096135
      227     0.12712883    -6.27246461    -6.14533578    -6.27246461    -6.18690968
      228     0.13129448    -6.27628667    -6.14499219    -6.27628667    -6.17979509
      229     0.13800386    -6.28277001    -6.14476615    -6.28277001    -6.17498365
      230     0.14967977    -6.29476908    -6.14508931    -6.29476908    -6.17579758
      231     0.16246176    -6.30805748    -6.14559572    -6.30805748    -6.17838679
      232     0.17007198    -6.31584065    -6.14576867    -6.31584065    -6.17612340
      233     0.16989543    -6.31550064    -6.14560521    -6.31550064    -6.16632441
      234     0.16365348    -6.30900827    -6.14535479    -6.30900827    -6.15078276
      235     0.15455778    -6.29972470    -6.14516692    -6.29972470    -6.13271718
      236     0.14516859    -6.29026277    -6.14509418    -6.29026277    -6.11485498
      237     0.13875590    -6.28355249    -6.14479659    -6.28355249    -6.09901417
      238     0.13596376    -6.28063882    -6.14467506    -6.28063882    -6.08715094
      239     0.13496949    -6.27970150    -6.14473201    -6.27970150    -6.07872694
      240     0.13504169    -6.27988956    -6.14484787    -6.27988956    -6.07216565
      241     0.13450235    -6.27947674    -6.14497439    -6.27947674    -6.06571405
      242     0.13155605    -6.27662871    -6.14507266    -6.27662871    -6.05773236
      243     0.12494217    -6.27004067    -6.14509850    -6.27004067    -6.04718266
      244     0.11469604    -6.25968188    -6.14498584    -6.25968188    -6.03440663
      245     0.10301597    -6.24774248    -6.14472651    -6.24774248    -6.02223983
      246     0.09705365    -6.22718542    -6.13013177    -6.22718542    -6.03088049
      247     0.10163352    -6.23968101    -6.13804749    -6.23968101    -6.02161744
      248     0.11251083    -6.25078495    -6.13827412    -6.25078495    -6.03673299
      249     0.12940332    -6.26797654    -6.13857322    -6.26797654    -6.05833629
      250     0.14790305    -6.28667080    -6.13876775    -6.28667080    -6.08163673
      251     0.16474332    -6.30367942    -6.13893610    -6.30367942    -6.10334988
      252     0.17714389    -6.31636493    -6.13922104    -6.31636493    -6.12092098
      253     0.18134066    -6.32086360    -6.13952294    -6.32086360    -6.13073428
      254     0.17419111    -6.31357851    -6.13938740    -6.31357851    -6.12952564
      255     0.15848397    -6.29705401    -6.13857004    -6.29705401    -6.12008105
      256     0.14462161    -6.28244982    -6.13782821    -6.28244982    -6.11338446
      257     0.14123696    -6.27934232    -6.13810536    -6.27934232    -6.11816893
      258     0.14565234    -6.28439971    -6.13874737    -6.28439971    -6.13005681
      259     0.14962854    -6.28859520    -6.13896666    -6.28859520    -6.13970371
      260     0.14899687    -6.28780174    -6.13880487    -6.28780174    -6.14331852
      261     0.14451423    -6.28311679    -6.13860256    -6.28311679    -6.14242409
      262     0.13816102    -6.27666198    -6.13850096    -6.27666198    -6.13947808
      263     0.13098171    -6.26947924    -6.13849753    -6.26947924    -6.13573775
      264     0.12283099    -6.26139107    -6.13856008    -6.26139107    -6.13110524
      265     0.11279503    -6.25142780    -6.13863277    -6.25142780    -6.12457398
      266     0.10004684    -6.23865915    -6.13861231    -6.23865915    -6.11508868
      267     0.08512599    -6.22355873    -6.13843274    -6.22355873    -6.10292003
      268     0.07066087    -6.20882620    -6.13816533    -6.20882620    -6.09043715
      269     0.06105663    -6.19850511    -6.13744848    -6.19850511    -6.08055333
      270     0.05548000    -6.18046406    -6.12498406    -6.18046406    -6.11083657
      271     0.06117543    -6.21342481    -6.15224938    -6.21342481    -6.03316519
      272     0.07059064    -6.17000529    -6.09941465    -6.17000529    -6.13144408
      273     0.06434139    -6.16371150    -6.09937011    -6.16371150    -6.13897615
      274     0.05875629    -6.15793402    -6.09917773    -6.15793402    -6.14250520
