#    Non-Adiabatic Coupling Matrix Elements: off-diagonal
         0     0.00000000     0.00000000     0.00000000
         1     0.00001747    -0.00008645    -0.00038684
         2     0.00001672    -0.00013044    -0.00045284
         3     0.00001685    -0.00017130    -0.00055444
         4     0.00001792    -0.00020814    -0.00070643
         5     0.00001987    -0.00024015    -0.00093202
         6     0.00002251    -0.00026652    -0.00127072
         7     0.00002553    -0.00028655    -0.00179431
         8     0.00002845    -0.00029984    -0.00264376
         9     0.00003066    -0.00030674    -0.00412753
        10     0.00003120    -0.00030923    -0.00702517
        11     0.00002821    -0.00029934    -0.01373659
        12     0.00001490    -0.00028391    -0.03339653
        13    -0.00001948    -0.00026406    -0.08146894
        14    -0.00002475    -0.00037522    -0.08347038
        15     0.00002981    -0.00021777    -0.01513537
        16     0.00003291    -0.00020868    -0.00793040
        17     0.00003342    -0.00020006    -0.00475408
        18     0.00003285    -0.00019154    -0.00309101
        19     0.00003165    -0.00018356    -0.00210487
        20     0.00002934    -0.00016752    -0.00146407
        21     0.00002840    -0.00017422    -0.00101311
        22     0.00002643    -0.00016991    -0.00068038
        23     0.00002198    -0.00015233    -0.00039603
        24     0.00001881    -0.00014136    -0.00017664
        25     0.00001723    -0.00013995     0.00001829
        26     0.00001350    -0.00012931     0.00021476
        27     0.00001044    -0.00012075     0.00041386
        28     0.00000813    -0.00011961     0.00062837
        29     0.00000399    -0.00009934     0.00087343
        30     0.00000243    -0.00010983     0.00118041
        31    -0.00000039    -0.00010589     0.00158231
        32    -0.00000317    -0.00010255     0.00213309
        33    -0.00000583    -0.00009994     0.00293570
        34    -0.00000985    -0.00009137     0.00417022
        35    -0.00001129    -0.00009723     0.00618918
        36    -0.00001073    -0.00009892     0.00960223
        37    -0.00000588    -0.00010179     0.01494413
        38     0.00000296    -0.00010099     0.02036383
        39     0.00001853    -0.00010537     0.02024859
        40     0.00004837    -0.00011959     0.01836587
        41     0.00006361    -0.00009897     0.01157737
        42     0.00007559    -0.00008878     0.00684595
        43     0.00007624    -0.00008098     0.00415923
        44     0.00007431    -0.00007460     0.00264363
        45     0.00007481    -0.00007139     0.00174229
        46     0.00007305    -0.00006956     0.00117985
        47     0.00007127    -0.00006872     0.00081410
        48     0.00006941    -0.00006869     0.00056832
        49     0.00006728    -0.00006935     0.00039904
        50     0.00006751    -0.00007013     0.00027989
        51     0.00006514    -0.00007193     0.00019664
        52     0.00006026    -0.00007460     0.00013759
        53     0.00006060    -0.00007692     0.00009633
        54     0.00005580    -0.00008036     0.00006867
        55     0.00005389    -0.00008382     0.00005116
        56     0.00005225    -0.00008762     0.00004098
        57     0.00005401    -0.00009153     0.00003637
        58     0.00005325    -0.00009596     0.00003694
        59     0.00005063    -0.00010001     0.00003811
        60     0.00005408    -0.00010481     0.00004327
        61     0.00005466    -0.00010997     0.00005138
        62     0.00005454    -0.00011597     0.00006517
        63     0.00005598    -0.00012142     0.00007427
        64     0.00005943    -0.00012645     0.00007960
        65     0.00005879    -0.00013235     0.00008824
        66     0.00006198    -0.00013824     0.00009543
        67     0.00006557    -0.00014423     0.00010045
        68     0.00006963    -0.00015031     0.00010284
        69     0.00007336    -0.00015662     0.00010464
        70     0.00007595    -0.00016317     0.00010096
        71     0.00008101    -0.00016955     0.00009262
        72     0.00008917    -0.00017561     0.00007465
        73     0.00009219    -0.00018268     0.00006094
        74     0.00009829    -0.00018942     0.00003793
        75     0.00010478    -0.00019589     0.00000788
        76     0.00011107    -0.00020292    -0.00002504
        77     0.00011770    -0.00021010    -0.00006373
        78     0.00012477    -0.00021736    -0.00010781
        79     0.00013166    -0.00022498    -0.00015574
        80     0.00013885    -0.00023278    -0.00020815
        81     0.00014821    -0.00024091    -0.00026576
        82     0.00015765    -0.00024809    -0.00033447
        83     0.00016405    -0.00025735    -0.00038998
        84     0.00017031    -0.00026586    -0.00045709
        85     0.00018032    -0.00027478    -0.00052607
        86     0.00018716    -0.00028386    -0.00059687
        87     0.00019784    -0.00029263    -0.00067980
        88     0.00020469    -0.00030289    -0.00074212
        89     0.00021412    -0.00031245    -0.00082543
        90     0.00022400    -0.00032227    -0.00088685
        91     0.00023362    -0.00033224    -0.00096913
        92     0.00024263    -0.00034197    -0.00102606
        93     0.00025148    -0.00035230    -0.00109146
        94     0.00026153    -0.00036089    -0.00115446
        95     0.00027122    -0.00037151    -0.00122717
        96     0.00027996    -0.00037880    -0.00126769
        97     0.00028927    -0.00038513    -0.00131669
        98     0.00029867    -0.00039421    -0.00137527
        99     0.00030706    -0.00039980    -0.00141327
       100     0.00031357    -0.00040254    -0.00143175
       101     0.00032223    -0.00040759    -0.00147422
       102     0.00032905    -0.00040979    -0.00149562
       103     0.00033537    -0.00041098    -0.00151282
       104     0.00033893    -0.00040985    -0.00151104
       105     0.00034699    -0.00041077    -0.00153491
       106     0.00035656    -0.00040647    -0.00154038
       107     0.00036275    -0.00040459    -0.00154269
       108     0.00036917    -0.00040241    -0.00154249
       109     0.00037586    -0.00040009    -0.00154004
       110     0.00038304    -0.00039774    -0.00153562
       111     0.00038427    -0.00039998    -0.00153049
       112     0.00039935    -0.00039324    -0.00152158
       113     0.00040154    -0.00039600    -0.00151297
       114     0.00041169    -0.00039416    -0.00150128
       115     0.00042010    -0.00039246    -0.00147565
       116     0.00043579    -0.00039075    -0.00147374
       117     0.00045004    -0.00038916    -0.00145783
       118     0.00046599    -0.00038764    -0.00144068
       119     0.00048387    -0.00038618    -0.00142248
       120     0.00051260    -0.00037946    -0.00140342
