#    Step        Prob(0)        Prob(1)        Prob(2)        
        0    -0.00000000    -0.00000000     0.00000000
        1     0.00000025     0.00001443     0.00000000
        2     0.00000000     0.00003561     0.00000000
        3     0.00000027     0.00003370     0.00000000
        4     0.00000000     0.00002051     0.00000000
        5     0.00000014     0.00003716     0.00000000
        6     0.00000009     0.00013381     0.00000000
        7     0.00000018     0.00037489     0.00000000
        8     0.00000027     0.00093126     0.00000000
        9     0.00000040     0.00241467     0.00000000
       10     0.00000054     0.00732504     0.00000000
       11     0.00000049     0.02890005     0.00000000
       12     0.00000032     0.17146100     0.00000000
       13     0.00000000     1.00000000     0.00000000
       14     0.00000005     0.00000000     0.88319377
       15     0.00000108     0.00000000     0.00000000
       16     0.00000000     0.00000000     0.00000000
       17     0.00000105     0.00000000     0.00000000
       18     0.00000000     0.00000000     0.00000000
       19     0.00000030     0.00151550     0.00000000
       20     0.00000020     0.00241067     0.00000000
       21     0.00000029     0.00216473     0.00000000
       22     0.00000039     0.00154566     0.00000000
       23     0.00000006     0.00084956     0.00000000
       24     0.00000018     0.00032621     0.00000000
       25     0.00000030     0.00000000     0.00000000
       26     0.00000010     0.00000000     0.00000000
       27     0.00000008     0.00000000     0.00000000
       28     0.00000021     0.00000000     0.00000000
       29     0.00000000     0.00031157     0.00000000
       30     0.00000010     0.00095865     0.00000000
       31     0.00000022     0.00204355     0.00000000
       32     0.00000000     0.00389648     0.00000000
       33     0.00000001     0.00724900     0.00000000
       34     0.00000008     0.01378025     0.00000000
       35     0.00000002     0.02775835     0.00000000
       36     0.00000006     0.06050908     0.00000000
       37     0.00000005     0.13896040     0.00000000
       38     0.00000000     0.29092233     0.00000000
       39     0.00000003     0.44306222     0.00000000
       40     0.00000017     0.00000000     0.00000000
       41     0.00000007     0.00000000     0.00000000
       42     0.00000000     0.00000000     0.00000000
       43     0.00000012     0.00000000     0.00000000
       44     0.00000014     0.00000000     0.00000000
       45     0.00000000     0.00000000     0.00000000
       46     0.00000004     0.00000000     0.00000000
       47     0.00000014     0.00000000     0.00000000
       48     0.00000007     0.00000000     0.00000000
       49     0.00000002     0.00000000     0.00000000
       50     0.00000011     0.00000000     0.00000000
       51     0.00000014     0.00000000     0.00000000
       52     0.00000003     0.00000000     0.00000000
       53     0.00000005     0.00000000     0.00000000
       54     0.00000013     0.00000000     0.00000000
       55     0.00000009     0.00000000     0.00001002
       56     0.00000004     0.00000000     0.00002657
       57     0.00000010     0.00000000     0.00004000
       58     0.00000014     0.00000000     0.00005679
       59     0.00000005     0.00000000     0.00007419
       60     0.00000004     0.00000000     0.00010010
       61     0.00000011     0.00000000     0.00013460
       62     0.00000008     0.00000000     0.00018595
       63     0.00000000     0.00000000     0.00022269
       64     0.00000001     0.00000000     0.00024232
       65     0.00000003     0.00000000     0.00026303
       66     0.00000000     0.00000000     0.00026772
       67     0.00000000     0.00000000     0.00025286
       68     0.00000000     0.00000000     0.00021819
       69     0.00000000     0.00000000     0.00017060
       70     0.00000000     0.00000000     0.00010698
       71     0.00000000     0.00000000     0.00004003
       72     0.00000000     0.00000000     0.00000000
       73     0.00000000     0.00000000     0.00000000
       74     0.00000000     0.00000000     0.00000000
       75     0.00000000     0.00000000     0.00000000
       76     0.00000001     0.00000000     0.00006139
       77     0.00000010     0.00000000     0.00017435
       78     0.00000011     0.00000000     0.00030755
       79     0.00000027     0.00000000     0.00043409
       80     0.00000056     0.00000000     0.00052791
       81     0.00000080     0.00000000     0.00056087
       82     0.00000091     0.00000000     0.00051380
       83     0.00000099     0.00000000     0.00033292
       84     0.00000111     0.00000000     0.00005372
       85     0.00000131     0.00000000     0.00000000
       86     0.00000132     0.00000000     0.00000000
       87     0.00000118     0.00000000     0.00000000
       88     0.00000100     0.00000000     0.00000000
       89     0.00000089     0.00000000     0.00000000
       90     0.00000081     0.00000000     0.00000000
       91     0.00000067     0.00000000     0.00000000
       92     0.00000054     0.00000000     0.00000000
       93     0.00000061     0.00000000     0.00009692
       94     0.00000099     0.00000000     0.00090186
       95     0.00000153     0.00000000     0.00161969
       96     0.00000207     0.00000000     0.00203365
       97     0.00000267     0.00000000     0.00207764
       98     0.00000338     0.00000000     0.00172247
       99     0.00000396     0.00000000     0.00099633
      100     0.00000413     0.00000000     0.00009611
      101     0.00000409     0.00000000     0.00000000
      102     0.00000395     0.00000000     0.00000000
      103     0.00000369     0.00000000     0.00000000
      104     0.00000331     0.00000000     0.00000000
      105     0.00000325     0.00000000     0.00000000
      106     0.00000373     0.00000000     0.00032257
      107     0.00000427     0.00000000     0.00086344
      108     0.00000460     0.00000000     0.00104458
      109     0.00000493     0.00000000     0.00083275
      110     0.00000540     0.00000000     0.00035490
      111     0.00000551     0.00000000     0.00000000
      112     0.00000592     0.00000000     0.00000000
      113     0.00000609     0.00000000     0.00000000
      114     0.00000613     0.00000000     0.00000000
      115     0.00000646     0.00000000     0.00012415
      116     0.00000749     0.00000000     0.00037068
      117     0.00000889     0.00000000     0.00039634
      118     0.00001008     0.00000000     0.00022630
      119     0.00001104     0.00000000     0.00000000
      120     0.00001273     0.00000000     0.00000000
