#    Step     Kinetic(H)     Potential(H)   Total(H)       E(0)(H)        E(1)(H)        
        0     0.00564786    -6.15352843    -6.14788057    -6.41239476    -6.15352843
        1     0.00537922    -6.15325495    -6.14787573    -6.41132687    -6.15325495
        2     0.00535367    -6.15322482    -6.14787115    -6.41037205    -6.15322482
        3     0.00561827    -6.15348573    -6.14786746    -6.40959493    -6.15348573
        4     0.00619085    -6.15405704    -6.14786619    -6.40903225    -6.15405704
        5     0.00705616    -6.15492661    -6.14787045    -6.40868934    -6.15492661
        6     0.00816571    -6.15605177    -6.14788606    -6.40854087    -6.15605177
        7     0.00944169    -6.15736435    -6.14792266    -6.40853561    -6.15736435
        8     0.01078473    -6.15877875    -6.14799402    -6.40860449    -6.15877875
        9     0.01208429    -6.16020167    -6.14811738    -6.40867004    -6.16020167
       10     0.01323046    -6.16154163    -6.14831117    -6.40865588    -6.16154163
       11     0.01412514    -6.16271686    -6.14859172    -6.40849439    -6.16271686
       12     0.01469176    -6.16366109    -6.14896933    -6.40813237    -6.16366109
       13     0.01488253    -6.16432747    -6.14944494    -6.40753474    -6.16432747
       14     0.01468234    -6.16469039    -6.15000805    -6.40668611    -6.16469039
       15     0.01410910    -6.16474602    -6.15063692    -6.40559117    -6.16474602
       16     0.01434697    -6.14481181    -6.13046484    -6.39782385    -6.14481181
       17     0.01577793    -6.14718970    -6.13141177    -6.39641689    -6.14718970
       18     0.01728933    -6.14982425    -6.13253492    -6.39466032    -6.14982425
       19     0.01869155    -6.15257550    -6.13388395    -6.39262987    -6.15257550
       20     0.01990413    -6.15536789    -6.13546376    -6.39037004    -6.15536789
       21     0.02089456    -6.15815154    -6.13725698    -6.38793220    -6.15815154
       22     0.02167063    -6.16089713    -6.13922650    -6.38537419    -6.16089713
       23     0.02226850    -6.16358887    -6.14132037    -6.38275315    -6.16358887
       24     0.02273617    -6.16621665    -6.14348048    -6.38011707    -6.16621665
       25     0.02311496    -6.16876694    -6.14565198    -6.37749597    -6.16876694
       26     0.02342549    -6.17121645    -6.14779096    -6.37489721    -6.17121645
       27     0.02366129    -6.17353028    -6.14986899    -6.37230624    -6.17353028
       28     0.02379092    -6.17566328    -6.15187236    -6.36969107    -6.17566328
       29     0.02376855    -6.17756746    -6.15379891    -6.36701213    -6.17756746
       30     0.02354826    -6.17920054    -6.15565228    -6.36423300    -6.17920054
       31     0.02309816    -6.18053480    -6.15743664    -6.36133016    -6.18053480
       32     0.02241179    -6.18156554    -6.15915375    -6.35830215    -6.18156554
       33     0.02151256    -6.18231445    -6.16080189    -6.35517264    -6.18231445
       34     0.02045136    -6.18282841    -6.16237705    -6.35198923    -6.18282841
       35     0.01929846    -6.18317383    -6.16387537    -6.34881745    -6.18317383
       36     0.01813140    -6.18342648    -6.16529508    -6.34573043    -6.18342648
       37     0.01702232    -6.18366053    -6.16663821    -6.34279803    -6.18366053
       38     0.01602730    -6.18393799    -6.16791069    -6.34007631    -6.18393799
       39     0.01517907    -6.18430030    -6.16912123    -6.33759939    -6.18430030
       40     0.01448506    -6.18476479    -6.17027973    -6.33537619    -6.18476479
       41     0.01392999    -6.18532542    -6.17139543    -6.33339155    -6.18532542
       42     0.01348169    -6.18595715    -6.17247546    -6.33161082    -6.18595715
       43     0.01309878    -6.18662256    -6.17352378    -6.32998685    -6.18662256
       44     0.01273877    -6.18727979    -6.17454102    -6.32846811    -6.18727979
       45     0.01236474    -6.18788952    -6.17552478    -6.32700590    -6.18788952
       46     0.01194985    -6.18842022    -6.17647037    -6.32555970    -6.18842022
       47     0.01147936    -6.18885119    -6.17737183    -6.32410027    -6.18885119
       48     0.01095052    -6.18917348    -6.17822296    -6.32261077    -6.18917348
       49     0.01037098    -6.18938941    -6.17901843    -6.32108613    -6.18938941
       50     0.00975616    -6.18951070    -6.17975454    -6.31953132    -6.18951070
       51     0.00912648    -6.18955611    -6.18042963    -6.31795897    -6.18955611
       52     0.00850484    -6.18954923    -6.18104439    -6.31638710    -6.18954923
       53     0.00791465    -6.18951639    -6.18160174    -6.31483700    -6.18951639
       54     0.00737820    -6.18948482    -6.18210662    -6.31333135    -6.18948482
       55     0.00691541    -6.18948094    -6.18256553    -6.31189255    -6.18948094
       56     0.00654288    -6.18952897    -6.18298609    -6.31054114    -6.18952897
       57     0.00627294    -6.18964948    -6.18337654    -6.30929439    -6.18964948
       58     0.00611284    -6.18985812    -6.18374528    -6.30816496    -6.18985812
       59     0.00606400    -6.19016438    -6.18410038    -6.30715962    -6.19016438
       60     0.00612148    -6.19057081    -6.18444933    -6.30627838    -6.19057081
       61     0.00627388    -6.19107260    -6.18479872    -6.30551411    -6.19107260
       62     0.00650393    -6.19165796    -6.18515403    -6.30485280    -6.19165796
       63     0.00678970    -6.19230927    -6.18551957    -6.30427475    -6.19230927
       64     0.00710657    -6.19300509    -6.18589852    -6.30375649    -6.19300509
       65     0.00742996    -6.19372275    -6.18629279    -6.30327337    -6.19372275
       66     0.00773804    -6.19444134    -6.18670330    -6.30280245    -6.19444134
       67     0.00801448    -6.19514445    -6.18712997    -6.30232531    -6.19514445
       68     0.00825042    -6.19582264    -6.18757222    -6.30183039    -6.19582264
       69     0.00844558    -6.19647476    -6.18802918    -6.30131429    -6.19647476
       70     0.00860794    -6.19710817    -6.18850023    -6.30078196    -6.19710817
       71     0.00875230    -6.19773766    -6.18898536    -6.30024555    -6.19773766
       72     0.00889774    -6.19838323    -6.18948549    -6.29972229    -6.19838323
       73     0.00906458    -6.19906737    -6.19000279    -6.29923160    -6.19906737
       74     0.00927129    -6.19981194    -6.19054065    -6.29879208    -6.19981194
       75     0.00953181    -6.20063542    -6.19110361    -6.29841871    -6.20063542
       76     0.00985378    -6.20155088    -6.19169710    -6.29812096    -6.20155088
       77     0.01023787    -6.20256502    -6.19232715    -6.29790172    -6.20256502
       78     0.01067815    -6.20367818    -6.19300003    -6.29775747    -6.20367818
       79     0.01116335    -6.20488521    -6.19372186    -6.29767915    -6.20488521
       80     0.01167869    -6.20617700    -6.19449831    -6.29765377    -6.20617700
       81     0.01220798    -6.20754224    -6.19533426    -6.29766623    -6.20754224
       82     0.01273560    -6.20896917    -6.19623357    -6.29770110    -6.20896917
       83     0.01324812    -6.21044707    -6.19719895    -6.29774412    -6.21044707
       84     0.01373551    -6.21196732    -6.19823181    -6.29778335    -6.21196732
       85     0.01419166    -6.21352400    -6.19933234    -6.29780978    -6.21352400
       86     0.01461445    -6.21511416    -6.20049971    -6.29781757    -6.21511416
       87     0.01500540    -6.21673764    -6.20173224    -6.29780384    -6.21673764
       88     0.01536888    -6.21839662    -6.20302774    -6.29776834    -6.21839662
       89     0.01571130    -6.22009515    -6.20438385    -6.29771282    -6.22009515
       90     0.01604000    -6.22183854    -6.20579854    -6.29764040    -6.22183854
       91     0.01636253    -6.22363251    -6.20726998    -6.29755488    -6.22363251
       92     0.01668584    -6.22548276    -6.20879692    -6.29746000    -6.22548276
       93     0.01701535    -6.22739416    -6.21037881    -6.29735899    -6.22739416
       94     0.01735456    -6.22937048    -6.21201592    -6.29725393    -6.22937048
       95     0.01770491    -6.23141397    -6.21370906    -6.29714544    -6.23141397
       96     0.01806570    -6.23352507    -6.21545937    -6.29703270    -6.23352507
       97     0.01843439    -6.23570267    -6.21726828    -6.29691319    -6.23570267
       98     0.01880697    -6.23794414    -6.21913717    -6.29678309    -6.23794414
       99     0.01917853    -6.24024574    -6.22106721    -6.29663747    -6.24024574
      100     0.01954391    -6.24260293    -6.22305902    -6.29647111    -6.24260293
      101     0.01989835    -6.24501133    -6.22511298    -6.29627850    -6.24501133
      102     0.02023803    -6.24746691    -6.22722888    -6.29605474    -6.24746691
      103     0.02056036    -6.24996637    -6.22940601    -6.29579588    -6.24996637
      104     0.02086414    -6.25250740    -6.23164326    -6.29549895    -6.25250740
      105     0.02114954    -6.25508891    -6.23393937    -6.29516207    -6.25508891
      106     0.02141784    -6.25771081    -6.23629297    -6.29478454    -6.25771081
      107     0.02167113    -6.26037384    -6.23870271    -6.29436644    -6.26037384
      108     0.02191167    -6.26307910    -6.24116743    -6.29390820    -6.26307910
      109     0.02214140    -6.26582745    -6.24368605    -6.29341010    -6.26582745
      110     0.02236161    -6.26861929    -6.24625768    -6.29287194    -6.26861929
      111     0.02257271    -6.27145408    -6.24888137    -6.29229286    -6.27145408
      112     0.02277408    -6.27433028    -6.25155620    -6.29167123    -6.27433028
      113     0.02296390    -6.27724486    -6.25428096    -6.29100471    -6.27724486
      114     0.02313872    -6.28019274    -6.25705402    -6.29029110    -6.28019274
      115     0.02329073    -6.28316440    -6.25987367    -6.28953164    -6.28316440
      116     0.02336626    -6.28611894    -6.26275268    -6.28875927    -6.28611894
      117     0.02184367    -6.28763390    -6.26579023    -6.28939406    -6.28763390
      118     0.01899383    -6.28702099    -6.26802716    -6.29212327    -6.28702099
      119     0.01648794    -6.28647127    -6.26998333    -6.29473602    -6.28647127
      120     0.01441072    -6.28605178    -6.27164106    -6.29715844    -6.28605178
      121     0.01271275    -6.28576228    -6.27304953    -6.29938629    -6.28576228
      122     0.01134161    -6.28559749    -6.27425588    -6.30142096    -6.28559749
      123     0.01025027    -6.28555182    -6.27530155    -6.30326456    -6.28555182
      124     0.00939865    -6.28562013    -6.27622148    -6.30491916    -6.28562013
      125     0.00875326    -6.28579796    -6.27704470    -6.30638650    -6.28579796
      126     0.00828629    -6.28608134    -6.27779505    -6.30766785    -6.28608134
      127     0.00797457    -6.28646674    -6.27849217    -6.30876433    -6.28646674
      128     0.00779865    -6.28695101    -6.27915236    -6.30967727    -6.28695101
      129     0.00774181    -6.28753102    -6.27978921    -6.31040854    -6.28753102
      130     0.00778890    -6.28820312    -6.28041422    -6.31096083    -6.28820312
      131     0.00792541    -6.28896252    -6.28103711    -6.31133815    -6.28896252
      132     0.00813635    -6.28980255    -6.28166620    -6.31154669    -6.28980255
      133     0.00840508    -6.29071350    -6.28230842    -6.31159589    -6.29071350
      134     0.00871154    -6.29168088    -6.28296934    -6.31149986    -6.29168088
      135     0.00903020    -6.29268275    -6.28365255    -6.31127978    -6.29268275
      136     0.00932734    -6.29368661    -6.28435927    -6.31096705    -6.29368661
      137     0.00955819    -6.29464520    -6.28508701    -6.31060781    -6.29464520
      138     0.00966512    -6.29549282    -6.28582770    -6.31026681    -6.29549282
      139     0.00958183    -6.29614773    -6.28656590    -6.31002544    -6.29614773
      140     0.00925048    -6.29652871    -6.28727823    -6.30996553    -6.29652871
      141     0.00865123    -6.29658965    -6.28793842    -6.31013531    -6.29658965
      142     0.00782217    -6.29634796    -6.28852579    -6.31052129    -6.29634796
      143     0.00684728    -6.29587673    -6.28902945    -6.31105607    -6.29587673
      144     0.00582224    -6.29526887    -6.28944663    -6.31165408    -6.29526887
      145     0.00482723    -6.29460855    -6.28978132    -6.31224008    -6.29460855
      146     0.00391869    -6.29396085    -6.29004216    -6.31275950    -6.29396085
      147     0.00313222    -6.29337298    -6.29024076    -6.31317704    -6.29337298
      148     0.00248854    -6.29287860    -6.29039006    -6.31347206    -6.29287860
      149     0.00199856    -6.29250142    -6.29050286    -6.31363448    -6.29250142
      150     0.00166691    -6.29225790    -6.29059099    -6.31366152    -6.29225790
      151     0.00149389    -6.29215870    -6.29066481    -6.31355550    -6.29215870
      152     0.00147633    -6.29220930    -6.29073297    -6.31332257    -6.29220930
      153     0.00160762    -6.29240997    -6.29080235    -6.31297204    -6.29240997
      154     0.00187699    -6.29275520    -6.29087821    -6.31251646    -6.29275520
      155     0.00226820    -6.29323255    -6.29096435    -6.31197238    -6.29323255
      156     0.00275742    -6.29382072    -6.29106330    -6.31136206    -6.29382072
      157     0.00331049    -6.29448705    -6.29117656    -6.31071601    -6.29448705
      158     0.00387966    -6.29518420    -6.29130454    -6.31007649    -6.29518420
      159     0.01757627    -6.30950054    -6.29192427    -6.30950054    -6.29584758
      160     0.01635540    -6.30894809    -6.29259269    -6.30894809    -6.29646341
      161     0.01610562    -6.30950125    -6.29339563    -6.30950125    -6.29595351
      162     0.01659739    -6.31093973    -6.29434234    -6.31093973    -6.29452911
      163     0.01748859    -6.31293892    -6.29545033    -6.31293892    -6.29250448
      164     0.01852452    -6.31527607    -6.29675155    -6.31527607    -6.29009268
      165     0.01955387    -6.31782480    -6.29827093    -6.31782480    -6.28741234
      166     0.02048959    -6.32051107    -6.30002148    -6.32051107    -6.28453244
      167     0.02128352    -6.32328698    -6.30200346    -6.32328698    -6.28149881
      168     0.02191402    -6.32611891    -6.30420489    -6.32611891    -6.27834583
      169     0.02237896    -6.32898190    -6.30660294    -6.32898190    -6.27510157
      170     0.02269031    -6.33185712    -6.30916681    -6.33185712    -6.27178961
      171     0.02286894    -6.33473013    -6.31186119    -6.33473013    -6.26842994
      172     0.02293983    -6.33759011    -6.31465028    -6.33759011    -6.26503895
      173     0.02292800    -6.34042891    -6.31750091    -6.34042891    -6.26162977
      174     0.02285560    -6.34324055    -6.32038495    -6.34324055    -6.25821229
      175     0.02274042    -6.34602050    -6.32328008    -6.34602050    -6.25479366
      176     0.02259532    -6.34876525    -6.32616993    -6.34876525    -6.25137870
      177     0.02242867    -6.35147194    -6.32904327    -6.35147194    -6.24797049
      178     0.02224532    -6.35413803    -6.33189271    -6.35413803    -6.24457077
      179     0.02204763    -6.35676116    -6.33471353    -6.35676116    -6.24118042
      180     0.02183640    -6.35933911    -6.33750271    -6.35933911    -6.23779980
      181     0.02161150    -6.36186982    -6.34025832    -6.36186982    -6.23442905
      182     0.02137225    -6.36435131    -6.34297906    -6.36435131    -6.23106839
      183     0.02111839    -6.36678175    -6.34566336    -6.36678175    -6.22771821
      184     0.02085037    -6.36915968    -6.34830931    -6.36915968    -6.22437906
      185     0.02056884    -6.37148389    -6.35091505    -6.37148389    -6.22105185
      186     0.02027489    -6.37375347    -6.35347858    -6.37375347    -6.21773785
      187     0.01997006    -6.37596810    -6.35599804    -6.37596810    -6.21443850
      188     0.01965660    -6.37812799    -6.35847139    -6.37812799    -6.21115553
      189     0.01933747    -6.38023424    -6.36089677    -6.38023424    -6.20789078
      190     0.01901600    -6.38228938    -6.36327338    -6.38228938    -6.20464584
      191     0.01869722    -6.38429829    -6.36560107    -6.38429829    -6.20142172
      192     0.01838983    -6.38627026    -6.36788043    -6.38627026    -6.19821755
      193     0.01810957    -6.38822347    -6.37011390    -6.38822347    -6.19502773
      194     0.01788782    -6.39019482    -6.37230700    -6.39019482    -6.19183505
      195     0.01779104    -6.39226330    -6.37447226    -6.39226330    -6.18859358
      196     0.01794033    -6.39458654    -6.37664621    -6.39458654    -6.18520344
      197     0.01837612    -6.39729756    -6.37892144    -6.39729756    -6.18161817
      198     0.01883055    -6.40010024    -6.38126969    -6.40010024    -6.17819075
      199     0.01899671    -6.40261608    -6.38361937    -6.40261608    -6.17526129
      200     0.01884285    -6.40479935    -6.38595650    -6.40479935    -6.17279791
      201     0.01845225    -6.40670548    -6.38825323    -6.40670548    -6.17068147
      202     0.01790176    -6.40838479    -6.39048303    -6.40838479    -6.16881761
      203     0.01724733    -6.40987275    -6.39262542    -6.40987275    -6.16714193
      204     0.01652868    -6.41119450    -6.39466582    -6.41119450    -6.16561110
      205     0.01577377    -6.41236869    -6.39659492    -6.41236869    -6.16419592
      206     0.01500229    -6.41341005    -6.39840776    -6.41341005    -6.16287660
      207     0.01422837    -6.41433077    -6.40010240    -6.41433077    -6.16163985
      208     0.01346167    -6.41514141    -6.40167974    -6.41514141    -6.16047689
      209     0.01270924    -6.41585133    -6.40314209    -6.41585133    -6.15938213
      210     0.01197621    -6.41646904    -6.40449283    -6.41646904    -6.15835218
      211     0.01126577    -6.41700233    -6.40573656    -6.41700233    -6.15738515
      212     0.01058002    -6.41745842    -6.40687840    -6.41745842    -6.15648024
      213     0.00992019    -6.41784401    -6.40792382    -6.41784401    -6.15563729
      214     0.00928705    -6.41816533    -6.40887828    -6.41816533    -6.15485654
      215     0.00868094    -6.41842823    -6.40974729    -6.41842823    -6.15413845
      216     0.00810175    -6.41863816    -6.41053641    -6.41863816    -6.15348349
      217     0.00754917    -6.41880028    -6.41125111    -6.41880028    -6.15289214
      218     0.00702280    -6.41891945    -6.41189665    -6.41891945    -6.15236470
      219     0.00652216    -6.41900026    -6.41247810    -6.41900026    -6.15190134
      220     0.00604679    -6.41904705    -6.41300026    -6.41904705    -6.15150202
      221     0.00559619    -6.41906405    -6.41346786    -6.41906405    -6.15116632
      222     0.00516990    -6.41905515    -6.41388525    -6.41905515    -6.15089371
      223     0.00476746    -6.41902409    -6.41425663    -6.41902409    -6.15068328
      224     0.00438839    -6.41897440    -6.41458601    -6.41897440    -6.15053381
      225     0.00403222    -6.41890932    -6.41487710    -6.41890932    -6.15044381
      226     0.00369844    -6.41883188    -6.41513344    -6.41883188    -6.15041142
      227     0.00338648    -6.41874486    -6.41535838    -6.41874486    -6.15043441
      228     0.00309573    -6.41865075    -6.41555502    -6.41865075    -6.15051022
      229     0.00282547    -6.41855174    -6.41572627    -6.41855174    -6.15063597
      230     0.00257493    -6.41844974    -6.41587481    -6.41844974    -6.15080840
      231     0.00234325    -6.41834635    -6.41600310    -6.41834635    -6.15102400
      232     0.00212950    -6.41824290    -6.41611340    -6.41824290    -6.15127894
      233     0.00193267    -6.41814046    -6.41620779    -6.41814046    -6.15156919
      234     0.00175174    -6.41803988    -6.41628814    -6.41803988    -6.15189050
      235     0.00158565    -6.41794178    -6.41635613    -6.41794178    -6.15223853
      236     0.00143333    -6.41784666    -6.41641333    -6.41784666    -6.15260886
      237     0.00129378    -6.41775489    -6.41646111    -6.41775489    -6.15299707
      238     0.00116611    -6.41766677    -6.41650066    -6.41766677    -6.15339878
      239     0.00104948    -6.41758256    -6.41653308    -6.41758256    -6.15380974
      240     0.00094318    -6.41750252    -6.41655934    -6.41750252    -6.15422587
      241     0.00084663    -6.41742694    -6.41658031    -6.41742694    -6.15464329
      242     0.00075937    -6.41735614    -6.41659677    -6.41735614    -6.15505836
      243     0.00068109    -6.41729050    -6.41660941    -6.41729050    -6.15546772
      244     0.00061164    -6.41723047    -6.41661883    -6.41723047    -6.15586830
      245     0.00055096    -6.41717655    -6.41662559    -6.41717655    -6.15625732
      246     0.00049917    -6.41712928    -6.41663011    -6.41712928    -6.15663229
      247     0.00045645    -6.41708924    -6.41663279    -6.41708924    -6.15699102
      248     0.00042310    -6.41705703    -6.41663393    -6.41705703    -6.15733157
      249     0.00039951    -6.41703323    -6.41663372    -6.41703323    -6.15765228
      250     0.00038612    -6.41701839    -6.41663227    -6.41701839    -6.15795172
      251     0.00038343    -6.41701303    -6.41662960    -6.41701303    -6.15822866
      252     0.00039197    -6.41701759    -6.41662562    -6.41701759    -6.15848211
      253     0.00041232    -6.41703245    -6.41662013    -6.41703245    -6.15871125
      254     0.00044508    -6.41705787    -6.41661279    -6.41705787    -6.15891545
      255     0.00049086    -6.41709402    -6.41660316    -6.41709402    -6.15909424
      256     0.00055030    -6.41714096    -6.41659066    -6.41714096    -6.15924729
      257     0.00062405    -6.41719863    -6.41657458    -6.41719863    -6.15937445
      258     0.00071275    -6.41726685    -6.41655410    -6.41726685    -6.15947572
      259     0.00081705    -6.41734529    -6.41652824    -6.41734529    -6.15955122
      260     0.00093758    -6.41743352    -6.41649594    -6.41743352    -6.15960125
      261     0.00107491    -6.41753095    -6.41645604    -6.41753095    -6.15962622
      262     0.00122956    -6.41763683    -6.41640727    -6.41763683    -6.15962671
      263     0.00140198    -6.41775026    -6.41634828    -6.41775026    -6.15960338
      264     0.00159244    -6.41787018    -6.41627774    -6.41787018    -6.15955706
      265     0.00180107    -6.41799532    -6.41619425    -6.41799532    -6.15948869
      266     0.00202776    -6.41812425    -6.41609649    -6.41812425    -6.15939928
      267     0.00227210    -6.41825531    -6.41598321    -6.41825531    -6.15928998
      268     0.00253338    -6.41838663    -6.41585325    -6.41838663    -6.15916199
      269     0.00281056    -6.41851613    -6.41570557    -6.41851613    -6.15901661
      270     0.00310212    -6.41864155    -6.41553943    -6.41864155    -6.15885521
      271     0.00340608    -6.41876038    -6.41535430    -6.41876038    -6.15867925
      272     0.00371996    -6.41886995    -6.41514999    -6.41886995    -6.15849024
      273     0.00404081    -6.41896745    -6.41492664    -6.41896745    -6.15828978
      274     0.00436516    -6.41904993    -6.41468477    -6.41904993    -6.15807955
      275     0.00468911    -6.41911439    -6.41442528    -6.41911439    -6.15786132
      276     0.00500838    -6.41915780    -6.41414942    -6.41915780    -6.15763696
      277     0.00531839    -6.41917720    -6.41385881    -6.41917720    -6.15740846
      278     0.00561434    -6.41916972    -6.41355538    -6.41916972    -6.15717794
      279     0.00589140    -6.41913271    -6.41324131    -6.41913271    -6.15694767
      280     0.00614476    -6.41906380    -6.41291904    -6.41906380    -6.15672008
      281     0.00636988    -6.41896095    -6.41259107    -6.41896095    -6.15649775
      282     0.00656256    -6.41882256    -6.41226000    -6.41882256    -6.15628343
      283     0.00671910    -6.41864752    -6.41192842    -6.41864752    -6.15608006
      284     0.00683649    -6.41843525    -6.41159876    -6.41843525    -6.15589068
      285     0.00691245    -6.41818577    -6.41127332    -6.41818577    -6.15571849
      286     0.00694554    -6.41789974    -6.41095420    -6.41789974    -6.15556673
      287     0.00693526    -6.41757843    -6.41064317    -6.41757843    -6.15543870
      288     0.00688189    -6.41722370    -6.41034181    -6.41722370    -6.15533765
      289     0.00678669    -6.41683803    -6.41005134    -6.41683803    -6.15526672
      290     0.00665191    -6.41642441    -6.40977250    -6.41642441    -6.15522882
      291     0.00648046    -6.41598632    -6.40950586    -6.41598632    -6.15522662
      292     0.00627596    -6.41552759    -6.40925163    -6.41552759    -6.15526237
      293     0.00604253    -6.41505237    -6.40900984    -6.41505237    -6.15533788
      294     0.00578464    -6.41456498    -6.40878034    -6.41456498    -6.15545442
      295     0.00550702    -6.41406982    -6.40856280    -6.41406982    -6.15561262
      296     0.00521446    -6.41357128    -6.40835682    -6.41357128    -6.15581247
      297     0.00491169    -6.41307366    -6.40816197    -6.41307366    -6.15605323
      298     0.00460329    -6.41258104    -6.40797775    -6.41258104    -6.15633342
      299     0.00429359    -6.41209729    -6.40780370    -6.41209729    -6.15665083
      300     0.00398644    -6.41162597    -6.40763953    -6.41162597    -6.15700249
