#     Density Matrix: coherence Re-Im; see the manual for detail orders
        0     0.00000000     0.00000000     0.00000000     0.00000000     0.00000000     0.00000000
        1     0.00000019    -0.00000016     0.00010237    -0.00016727     0.00121299    -0.00038837
        2     0.00000043    -0.00000092    -0.00004576    -0.00023427     0.00345456    -0.00250391
        3     0.00000202    -0.00000094     0.00006638    -0.00028318     0.00472575    -0.00604187
        4     0.00000307    -0.00000169    -0.00001628    -0.00032692     0.00470089    -0.00961884
        5     0.00000472    -0.00000115     0.00003976    -0.00036598     0.00447901    -0.01241165
        6     0.00000603    -0.00000215     0.00000499    -0.00040191     0.00554388    -0.01492414
        7     0.00000823    -0.00000330     0.00002750    -0.00042929     0.00887746    -0.01860014
        8     0.00001166    -0.00000647     0.00001562    -0.00045449     0.01509090    -0.02512065
        9     0.00001773    -0.00001105     0.00002589    -0.00046865     0.02554245    -0.03635150
       10     0.00002804    -0.00002016     0.00002488    -0.00048371     0.04430689    -0.05539245
       11     0.00004640    -0.00003815     0.00002809    -0.00048592     0.08250490    -0.08929738
       12     0.00008178    -0.00008026     0.00002191    -0.00047262     0.16763596    -0.15567119
       13     0.00015267    -0.00017422    -0.00000915    -0.00019003     0.35290680    -0.34060425
       14     0.00017412     0.00003422    -0.00005191    -0.00014437    -0.25403034    -0.42455506
       15     0.00013451     0.00022158     0.00007558    -0.00055299    -0.29670800    -0.24064197
       16     0.00004690     0.00009701    -0.00003969    -0.00037132    -0.25077005    -0.08979006
       17    -0.00002452     0.00008345     0.00009707    -0.00046324    -0.17720460     0.01407453
       18    -0.00003236     0.00004726    -0.00001617    -0.00046873    -0.09687524     0.07137102
       19    -0.00003755     0.00000614     0.00003585    -0.00040296    -0.02314142     0.09031920
       20    -0.00003543    -0.00001955     0.00004116    -0.00044644     0.03587556     0.08201869
       21    -0.00002332    -0.00003157     0.00000183    -0.00040496     0.07696524     0.05740547
       22    -0.00000480    -0.00004044     0.00005033    -0.00038467     0.10064023     0.02551744
       23     0.00000744    -0.00004735     0.00003893    -0.00042940     0.10957417    -0.00717650
       24     0.00001756    -0.00004334     0.00002247    -0.00040636     0.10729602    -0.03672236
       25     0.00003130    -0.00003842     0.00005203    -0.00042242     0.09727589    -0.06113003
       26     0.00003766    -0.00003535     0.00002144    -0.00044352     0.08249503    -0.07979129
       27     0.00003929    -0.00002555     0.00001417    -0.00040705     0.06518544    -0.09298150
       28     0.00004463    -0.00001608     0.00003650    -0.00041779     0.04685550    -0.10138382
       29     0.00004655    -0.00001064     0.00001625    -0.00043010     0.02844653    -0.10583991
       30     0.00004378    -0.00000412     0.00000125    -0.00040351     0.01043027    -0.10720064
       31     0.00004157     0.00000470     0.00001777    -0.00038794    -0.00711818    -0.10624062
       32     0.00004232     0.00001317     0.00002866    -0.00041050    -0.02448456    -0.10362197
       33     0.00004235     0.00001852     0.00000503    -0.00042107    -0.04227831    -0.09988434
       34     0.00003804     0.00002282    -0.00001240    -0.00038531    -0.06153213    -0.09546549
       35     0.00003237     0.00003208     0.00001229    -0.00036256    -0.08402828    -0.09073035
       36     0.00003147     0.00004578     0.00001799    -0.00038220    -0.11325181    -0.08596998
       37     0.00003218     0.00006029    -0.00000461    -0.00037347    -0.15720102    -0.08144394
       38     0.00002731     0.00008935     0.00000559    -0.00034640    -0.23919996    -0.07735068
       39     0.00001483     0.00018214     0.00003031    -0.00032571    -0.41933806    -0.07372889
       40     0.00000316     0.00032349     0.00003126    -0.00022341    -0.46399440    -0.06955307
       41     0.00002450     0.00038175     0.00002053    -0.00009403    -0.22746119    -0.06516266
       42     0.00003686     0.00033609     0.00001764    -0.00003446    -0.09437419    -0.06216606
       43    -0.00000230     0.00031669     0.00001932    -0.00001126    -0.03582723    -0.06042976
       44    -0.00001922     0.00035359     0.00002126    -0.00000038    -0.00430675    -0.05968222
       45     0.00001563     0.00037224     0.00002258     0.00000471     0.01511867    -0.05978641
       46     0.00003390     0.00033544     0.00002139     0.00000734     0.02792088    -0.06066164
       47     0.00000655     0.00032233     0.00002041     0.00001140     0.03643396    -0.06223722
       48     0.00000751     0.00034740     0.00002283     0.00001412     0.04178873    -0.06442793
       49     0.00003870     0.00034268     0.00002489     0.00001276     0.04457403    -0.06712533
       50     0.00003759     0.00031610     0.00002406     0.00001170     0.04510632    -0.07020420
       51     0.00001874     0.00032441     0.00002484     0.00001286     0.04358434    -0.07350284
       52     0.00003196     0.00034804     0.00002824     0.00001159     0.04010166    -0.07685257
       53     0.00005274     0.00034370     0.00002957     0.00000778     0.03475666    -0.08003893
       54     0.00004273     0.00033936     0.00002951     0.00000590     0.02766699    -0.08281210
       55     0.00003071     0.00036852     0.00003212     0.00000441     0.01894444    -0.08491429
       56     0.00004459     0.00040152     0.00003521    -0.00000033     0.00873450    -0.08606622
       57     0.00005365     0.00041504     0.00003580    -0.00000580    -0.00275416    -0.08597949
       58     0.00004155     0.00043675     0.00003649    -0.00001023    -0.01522793    -0.08437188
       59     0.00002584     0.00048331     0.00003869    -0.00001594    -0.02840858    -0.08098233
       60     0.00002603     0.00054113     0.00004010    -0.00002486    -0.04195543    -0.07556911
       61     0.00003262     0.00057957     0.00003786    -0.00003457    -0.05536821    -0.06794181
       62     0.00000688     0.00061745     0.00003562    -0.00004284    -0.06817864    -0.05797942
       63    -0.00002553     0.00069243     0.00003393    -0.00005462    -0.07988592    -0.04563916
       64    -0.00002953     0.00076696     0.00002668    -0.00006863    -0.08986557    -0.03100512
       65    -0.00003680     0.00081069     0.00001530    -0.00007922    -0.09741221    -0.01427175
       66    -0.00008347     0.00085560     0.00000499    -0.00008853    -0.10197765     0.00417891
       67    -0.00012580     0.00093452    -0.00000939    -0.00010046    -0.10307129     0.02381457
       68    -0.00013771     0.00099547    -0.00003030    -0.00010708    -0.10019026     0.04392772
       69    -0.00016866     0.00102812    -0.00005037    -0.00010776    -0.09302686     0.06362680
       70    -0.00023018     0.00107525    -0.00007020    -0.00010793    -0.08149748     0.08185282
       71    -0.00026105     0.00114455    -0.00009569    -0.00010211    -0.06574481     0.09742697
       72    -0.00025964     0.00117219    -0.00011756    -0.00008378    -0.04628548     0.10911403
       73    -0.00028891     0.00117675    -0.00013111    -0.00006273    -0.02413422     0.11575922
       74    -0.00032668     0.00121080    -0.00014273    -0.00003939    -0.00067011     0.11644250
       75    -0.00033380     0.00126358    -0.00014915    -0.00000893     0.02225006     0.11063852
       76    -0.00031030     0.00130504    -0.00014332     0.00002533     0.04258625     0.09841380
       77    -0.00028347     0.00132802    -0.00012471     0.00005516     0.05830678     0.08052015
       78    -0.00027024     0.00136379    -0.00009874     0.00007692     0.06752789     0.05844056
       79    -0.00025066     0.00142793    -0.00006678     0.00009024     0.06885517     0.03439855
       80    -0.00021653     0.00150187    -0.00003029     0.00009060     0.06170268     0.01119286
       81    -0.00018747     0.00157186     0.00000405     0.00007492     0.04658640    -0.00812866
       82    -0.00017908     0.00164492     0.00002960     0.00004529     0.02524705    -0.02072348
       83    -0.00018624     0.00172517     0.00004216     0.00000568     0.00064657    -0.02449564
       84    -0.00020254     0.00179991     0.00003826    -0.00003845    -0.02343814    -0.01860142
       85    -0.00022883     0.00185533     0.00001697    -0.00007939    -0.04317772    -0.00380167
       86    -0.00026766     0.00188668    -0.00001829    -0.00010877    -0.05498087     0.01746150
       87    -0.00031571     0.00189984    -0.00006062    -0.00012064    -0.05635540     0.04111729
       88    -0.00035638     0.00189954    -0.00010204    -0.00011232    -0.04709378     0.06222311
       89    -0.00037737     0.00188216    -0.00013303    -0.00008479    -0.02948582     0.07611956
       90    -0.00038289     0.00185253    -0.00014546    -0.00004548    -0.00792898     0.07965363
       91    -0.00037728     0.00182681    -0.00013723    -0.00000534     0.01201136     0.07223410
       92    -0.00036138     0.00181779    -0.00011175     0.00002539     0.02509665     0.05625374
       93    -0.00033880     0.00182769    -0.00007663     0.00003893     0.02804879     0.03663995
       94    -0.00031954     0.00185171    -0.00004261     0.00003233     0.02079351     0.01940631
       95    -0.00031853     0.00188658    -0.00002030     0.00000925     0.00653132     0.00965690
       96    -0.00032803     0.00192851    -0.00001581    -0.00002036    -0.00890581     0.00971353
       97    -0.00034332     0.00195820    -0.00002845    -0.00004434    -0.01948359     0.01793191
       98    -0.00037094     0.00197751    -0.00005047    -0.00005402    -0.02173611     0.02956311
       99    -0.00041423     0.00200270    -0.00007129    -0.00004807    -0.01592757     0.03882797
      100    -0.00044585     0.00205302    -0.00008288    -0.00003027    -0.00569750     0.04153760
      101    -0.00044307     0.00210684    -0.00007939    -0.00000855     0.00369868     0.03685451
      102    -0.00043539     0.00215498    -0.00006306     0.00000488     0.00785055     0.02765026
      103    -0.00044565     0.00221283    -0.00004415     0.00000401     0.00560143     0.01881453
      104    -0.00047250     0.00229279    -0.00003276    -0.00000805    -0.00054442     0.01439759
      105    -0.00045103     0.00236769    -0.00003353    -0.00002182    -0.00628938     0.01535739
      106    -0.00043835     0.00238247    -0.00004248    -0.00002785    -0.00813023     0.01931756
      107    -0.00051559     0.00242556    -0.00005126    -0.00002509    -0.00559538     0.02231306
      108    -0.00060716     0.00255215    -0.00005480    -0.00001665    -0.00134072     0.02177917
      109    -0.00065921     0.00273259    -0.00005050    -0.00000833     0.00133089     0.01815466
      110    -0.00068795     0.00292333    -0.00004181    -0.00000691     0.00095059     0.01407657
      111    -0.00073065     0.00311854    -0.00003647    -0.00001287    -0.00131514     0.01200044
      112    -0.00082293     0.00334494    -0.00003856    -0.00002049    -0.00310129     0.01228913
      113    -0.00092030     0.00363274    -0.00004571    -0.00002293    -0.00293615     0.01332295
      114    -0.00097520     0.00394074    -0.00005073    -0.00001835    -0.00138598     0.01321292
      115    -0.00102964     0.00424803    -0.00004925    -0.00001277    -0.00018599     0.01163750
      116    -0.00112141     0.00457739    -0.00004451    -0.00001220    -0.00026793     0.00978810
      117    -0.00124908     0.00496286    -0.00004257    -0.00001631    -0.00105977     0.00884345
      118    -0.00141459     0.00542285    -0.00004558    -0.00002017    -0.00142951     0.00877671
      119    -0.00161183     0.00598021    -0.00005027    -0.00001998    -0.00100242     0.00867580
      120    -0.00182131     0.00663560    -0.00005204    -0.00001712    -0.00039745     0.00795094
