#     Density Matrix: population Re; see the manual for detail orders
        0     0.00000000     1.00000000
        1     0.00000135     0.99999865
        2     0.00000210     0.99999790
        3     0.00000456     0.99999544
        4     0.00001742     0.99998258
        5     0.00003145     0.99996855
        6     0.00005089     0.99994911
        7     0.00006248     0.99993752
        8     0.00006467     0.99993533
        9     0.00005918     0.99994082
       10     0.00005066     0.99994934
       11     0.00004313     0.99995687
       12     0.00003757     0.99996243
       13     0.00003451     0.99996549
       14     0.00003391     0.99996609
       15     0.00003566     0.99996434
       16     0.00003982     0.99996018
       17     0.00004652     0.99995348
       18     0.00005593     0.99994407
       19     0.00006805     0.99993195
       20     0.00008212     0.99991788
       21     0.00009584     0.99990416
       22     0.00010506     0.99989494
       23     0.00010476     0.99989524
       24     0.00009193     0.99990807
       25     0.00006838     0.99993162
       26     0.00004106     0.99995894
       27     0.00001834     0.99998166
       28     0.00000539     0.99999461
       29     0.00000211     0.99999789
       30     0.00000485     0.99999515
       31     0.00000972     0.99999028
       32     0.00001453     0.99998547
       33     0.00001878     0.99998122
       34     0.00002271     0.99997729
       35     0.00002670     0.99997330
       36     0.00003090     0.99996910
       37     0.00003473     0.99996527
       38     0.00003699     0.99996301
       39     0.00003699     0.99996301
       40     0.00003503     0.99996497
       41     0.00003172     0.99996828
       42     0.00002751     0.99997249
       43     0.00002286     0.99997714
       44     0.00001820     0.99998180
       45     0.00001387     0.99998613
       46     0.00001017     0.99998983
       47     0.00000730     0.99999270
       48     0.00000532     0.99999468
       49     0.00000413     0.99999587
       50     0.00000359     0.99999641
       51     0.00000351     0.99999649
       52     0.00000377     0.99999623
       53     0.00000424     0.99999576
       54     0.00000477     0.99999523
       55     0.00000517     0.99999483
       56     0.00000519     0.99999481
       57     0.00000461     0.99999539
       58     0.00000335     0.99999665
       59     0.00000170     0.99999830
       60     0.00000039     0.99999961
       61     0.00000053     0.99999947
       62     0.00000353     0.99999647
       63     0.00001146     0.99998854
       64     0.00002723     0.99997277
       65     0.00005372     0.99994628
       66     0.00009116     0.99990884
       67     0.00013353     0.99986647
       68     0.00016845     0.99983155
       69     0.00018324     0.99981676
       70     0.00017249     0.99982751
       71     0.00014010     0.99985990
       72     0.00009627     0.99990373
       73     0.00005326     0.99994674
       74     0.00002130     0.99997870
       75     0.00000527     0.99999473
       76     0.00000428     0.99999572
       77     0.00001374     0.99998626
       78     0.00002819     0.99997181
       79     0.00004262     0.99995738
       80     0.00005300     0.99994700
       81     0.00005673     0.99994327
       82     0.00005356     0.99994644
       83     0.00004557     0.99995443
       84     0.00003557     0.99996443
       85     0.00002560     0.99997440
       86     0.00001672     0.99998328
       87     0.00000963     0.99999037
       88     0.00000468     0.99999532
       89     0.00000178     0.99999822
       90     0.00000046     0.99999954
       91     0.00000011     0.99999989
       92     0.00000018     0.99999982
       93     0.00000034     0.99999966
       94     0.00000048     0.99999952
       95     0.00000059     0.99999941
       96     0.00000076     0.99999924
       97     0.00000101     0.99999899
       98     0.00000142     0.99999858
       99     0.00000205     0.99999795
      100     0.00000296     0.99999704
      101     0.00000416     0.99999584
      102     0.00000551     0.99999449
      103     0.00000674     0.99999326
      104     0.00000764     0.99999236
      105     0.00000818     0.99999182
      106     0.00000842     0.99999158
      107     0.00000822     0.99999178
      108     0.00000738     0.99999262
      109     0.00000579     0.99999421
      110     0.00000364     0.99999636
      111     0.00000154     0.99999846
      112     0.00000048     0.99999952
      113     0.00000141     0.99999859
      114     0.00000464     0.99999536
      115     0.00000960     0.99999040
      116     0.00001516     0.99998484
      117     0.00002011     0.99997989
      118     0.00002345     0.99997655
      119     0.00002459     0.99997541
      120     0.00002346     0.99997654
      121     0.00002056     0.99997944
      122     0.00001674     0.99998326
      123     0.00001289     0.99998711
      124     0.00000972     0.99999028
      125     0.00000758     0.99999242
      126     0.00000638     0.99999362
      127     0.00000582     0.99999418
      128     0.00000544     0.99999456
      129     0.00000483     0.99999517
      130     0.00000374     0.99999626
      131     0.00000226     0.99999774
      132     0.00000096     0.99999904
      133     0.00000095     0.99999905
      134     0.00000398     0.99999602
      135     0.00001258     0.99998742
      136     0.00003058     0.99996942
      137     0.00006442     0.99993558
      138     0.00012532     0.99987468
      139     0.00023291     0.99976709
      140     0.00042106     0.99957894
      141     0.00074863     0.99925137
      142     0.00131850     0.99868150
      143     0.00230886     0.99769114
      144     0.00401707     0.99598293
      145     0.00690828     0.99309172
      146     0.01165033     0.98834967
      147     0.01913392     0.98086608
      148     0.03057417     0.96942583
      149     0.04802212     0.95197788
      150     0.07635690     0.92364310
      151     0.13278710     0.86721290
      152     0.32429433     0.67570567
      153     0.21207215     0.78792785
      154     0.05973758     0.94026242
      155     0.08418539     0.91581461
      156     0.10774099     0.89225901
      157     0.12243059     0.87756941
      158     0.12851730     0.87148270
      159     0.12721447     0.87278553
      160     0.12012512     0.87987488
      161     0.10906303     0.89093697
      162     0.09575872     0.90424128
      163     0.08154441     0.91845559
      164     0.06721219     0.93278781
      165     0.05312410     0.94687590
      166     0.03953494     0.96046506
      167     0.02702226     0.97297774
      168     0.01673168     0.98326832
      169     0.00993824     0.99006176
      170     0.00695733     0.99304267
      171     0.00662877     0.99337123
      172     0.00718813     0.99281187
      173     0.00743429     0.99256571
      174     0.00702449     0.99297551
      175     0.00611313     0.99388687
      176     0.00498070     0.99501930
      177     0.00387710     0.99612290
      178     0.00299373     0.99700627
      179     0.00245573     0.99754427
      180     0.00230413     0.99769587
      181     0.00248891     0.99751109
      182     0.00288883     0.99711117
      183     0.00334449     0.99665551
      184     0.00367773     0.99632227
      185     0.00368286     0.99631714
      186     0.00318468     0.99681532
      187     0.00366068     0.99633932
      188     0.04135690     0.95864310
      189     0.39663936     0.60336064
      190     0.78252736     0.21747264
      191     0.87194505     0.12805495
      192     0.90701163     0.09298837
      193     0.93220074     0.06779926
      194     0.95483037     0.04516963
      195     0.97428444     0.02571556
      196     0.98831615     0.01168385
      197     0.99613317     0.00386683
      198     0.99913818     0.00086182
      199     0.99971621     0.00028379
      200     0.99969374     0.00030626
      201     0.99977022     0.00022978
      202     0.99991099     0.00008901
      203     0.99996493     0.00003507
      204     0.99994748     0.00005252
      205     0.99993754     0.00006246
      206     0.99994263     0.00005737
      207     0.99994515     0.00005485
      208     0.99994724     0.00005276
      209     0.99994916     0.00005084
      210     0.99995090     0.00004910
      211     0.99995659     0.00004341
      212     0.99996697     0.00003303
      213     0.99997943     0.00002057
      214     0.99999385     0.00000615
      215     0.99999911     0.00000089
      216     0.99999725     0.00000275
      217     0.99999725     0.00000275
      218     0.99999657     0.00000343
      219     0.99999555     0.00000445
      220     0.99999392     0.00000608
      221     0.99999128     0.00000872
      222     0.99998697     0.00001303
      223     0.99998012     0.00001988
      224     0.99997036     0.00002964
      225     0.99995968     0.00004032
      226     0.99995301     0.00004699
      227     0.99995408     0.00004592
      228     0.99996143     0.00003857
      229     0.99997116     0.00002884
      230     0.99998043     0.00001957
      231     0.99998796     0.00001204
      232     0.99999342     0.00000658
      233     0.99999702     0.00000298
      234     0.99999907     0.00000093
      235     0.99999987     0.00000013
      236     0.99999953     0.00000047
      237     0.99999799     0.00000201
      238     0.99999518     0.00000482
      239     0.99999119     0.00000881
      240     0.99998628     0.00001372
      241     0.99998080     0.00001920
      242     0.99997505     0.00002495
      243     0.99996927     0.00003073
      244     0.99996356     0.00003644
      245     0.99995811     0.00004189
      246     0.99995335     0.00004665
      247     0.99995041     0.00004959
      248     0.99995130     0.00004870
      249     0.99995796     0.00004204
      250     0.99996940     0.00003060
      251     0.99998106     0.00001894
      252     0.99998956     0.00001044
      253     0.99999479     0.00000521
      254     0.99999771     0.00000229
      255     0.99999919     0.00000081
      256     0.99999982     0.00000018
      257     0.99999998     0.00000002
      258     0.99999984     0.00000016
      259     0.99999947     0.00000053
      260     0.99999890     0.00000110
      261     0.99999808     0.00000192
      262     0.99999680     0.00000320
      263     0.99999462     0.00000538
      264     0.99999068     0.00000932
      265     0.99998375     0.00001625
      266     0.99997381     0.00002619
      267     0.99996485     0.00003515
      268     0.99996226     0.00003774
      269     0.99996580     0.00003420
      270     0.99997175     0.00002825
      271     0.99997793     0.00002207
      272     0.99998351     0.00001649
      273     0.99998826     0.00001174
      274     0.99999214     0.00000786
      275     0.99999523     0.00000477
      276     0.99999758     0.00000242
      277     0.99999916     0.00000084
      278     0.99999987     0.00000013
      279     0.99999956     0.00000044
      280     0.99999810     0.00000190
      281     0.99999560     0.00000440
      282     0.99999243     0.00000757
      283     0.99998923     0.00001077
      284     0.99998657     0.00001343
      285     0.99998474     0.00001526
      286     0.99998368     0.00001632
      287     0.99998316     0.00001684
      288     0.99998282     0.00001718
      289     0.99998234     0.00001766
      290     0.99998146     0.00001854
      291     0.99998011     0.00001989
      292     0.99997861     0.00002139
      293     0.99997779     0.00002221
      294     0.99997891     0.00002109
      295     0.99998278     0.00001722
      296     0.99998874     0.00001126
      297     0.99999470     0.00000530
      298     0.99999865     0.00000135
      299     0.99999972     0.00000028
      300     0.99999815     0.00000185
      301     0.99999488     0.00000512
      302     0.99999129     0.00000871
      303     0.99998879     0.00001121
      304     0.99998821     0.00001179
      305     0.99998941     0.00001059
      306     0.99999160     0.00000840
      307     0.99999403     0.00000597
      308     0.99999625     0.00000375
      309     0.99999802     0.00000198
      310     0.99999922     0.00000078
      311     0.99999985     0.00000015
      312     0.99999994     0.00000006
      313     0.99999956     0.00000044
      314     0.99999885     0.00000115
      315     0.99999797     0.00000203
      316     0.99999715     0.00000285
      317     0.99999655     0.00000345
      318     0.99999630     0.00000370
      319     0.99999642     0.00000358
      320     0.99999682     0.00000318
      321     0.99999736     0.00000264
      322     0.99999789     0.00000211
      323     0.99999834     0.00000166
      324     0.99999869     0.00000131
      325     0.99999898     0.00000102
      326     0.99999925     0.00000075
      327     0.99999950     0.00000050
      328     0.99999969     0.00000031
      329     0.99999979     0.00000021
      330     0.99999983     0.00000017
      331     0.99999983     0.00000017
      332     0.99999983     0.00000017
      333     0.99999986     0.00000014
      334     0.99999992     0.00000008
      335     0.99999997     0.00000003
      336     1.00000000     0.00000000
      337     0.99999996     0.00000004
      338     0.99999983     0.00000017
      339     0.99999961     0.00000039
      340     0.99999926     0.00000074
      341     0.99999877     0.00000123
      342     0.99999810     0.00000190
      343     0.99999721     0.00000279
      344     0.99999610     0.00000390
      345     0.99999481     0.00000519
      346     0.99999354     0.00000646
      347     0.99999261     0.00000739
      348     0.99999234     0.00000766
      349     0.99999291     0.00000709
      350     0.99999424     0.00000576
      351     0.99999605     0.00000395
      352     0.99999788     0.00000212
      353     0.99999926     0.00000074
      354     0.99999989     0.00000011
      355     0.99999983     0.00000017
      356     0.99999944     0.00000056
      357     0.99999904     0.00000096
      358     0.99999880     0.00000120
      359     0.99999873     0.00000127
      360     0.99999875     0.00000125
      361     0.99999883     0.00000117
      362     0.99999891     0.00000109
      363     0.99999899     0.00000101
      364     0.99999905     0.00000095
      365     0.99999912     0.00000088
      366     0.99999920     0.00000080
      367     0.99999931     0.00000069
      368     0.99999946     0.00000054
      369     0.99999967     0.00000033
      370     0.99999976     0.00000024
      371     0.99999976     0.00000024
      372     0.99999992     0.00000008
      373     1.00000000     0.00000000
      374     1.00000000     0.00000000
      375     0.99999999     0.00000001
      376     0.99999998     0.00000002
      377     0.99999996     0.00000004
      378     0.99999994     0.00000006
      379     0.99999993     0.00000007
      380     0.99999991     0.00000009
      381     0.99999987     0.00000013
      382     0.99999977     0.00000023
      383     0.99999955     0.00000045
      384     0.99999913     0.00000087
      385     0.99999841     0.00000159
      386     0.99999722     0.00000278
      387     0.99999518     0.00000482
      388     0.99999233     0.00000767
      389     0.99999278     0.00000722
