#    Non-Adiabatic Coupling Matrix Elements: off-diagonal
         0     0.00000000     0.00000000     0.00000000
         1     0.00001348    -0.00001707     0.00038180
         2     0.00001651    -0.00004352     0.00033479
         3     0.00002026    -0.00007050     0.00025912
         4     0.00002450    -0.00009862     0.00014666
         5     0.00002898    -0.00012802    -0.00001253
         6     0.00003336    -0.00015805    -0.00023147
         7     0.00003725    -0.00018743    -0.00052900
         8     0.00004026    -0.00021442    -0.00093582
         9     0.00004202    -0.00023731    -0.00150721
        10     0.00004223    -0.00025475    -0.00234994
        11     0.00004064    -0.00026608    -0.00368476
        12     0.00003694    -0.00027140    -0.00601228
        13     0.00003040    -0.00027154    -0.01062064
        14     0.00001849    -0.00026779    -0.02125834
        15    -0.00000464    -0.00025992    -0.04641395
        16    -0.00005866    -0.00036618    -0.08866955
        17     0.00000505    -0.00034189    -0.03266762
        18     0.00002427    -0.00031064    -0.01155496
        19     0.00002767    -0.00026313    -0.00515954
        20     0.00002881    -0.00021182    -0.00252880
        21     0.00002754    -0.00022672    -0.00122691
        22     0.00003011    -0.00018883    -0.00049440
        23     0.00003097    -0.00015397     0.00001415
        24     0.00003198    -0.00013225     0.00031754
        25     0.00003826    -0.00014445     0.00050547
        26     0.00004016    -0.00012829     0.00062766
        27     0.00003604    -0.00008720     0.00071410
        28     0.00004380    -0.00009910     0.00076695
        29     0.00004446    -0.00007659     0.00081139
        30     0.00004349    -0.00007570     0.00087931
        31     0.00004749    -0.00006769     0.00094695
        32     0.00004701    -0.00004613     0.00100346
        33     0.00005156    -0.00004916     0.00112161
        34     0.00005168    -0.00003964     0.00124475
        35     0.00005286    -0.00002846     0.00141645
        36     0.00005037    -0.00002296     0.00163391
        37     0.00004987    -0.00000657     0.00190745
        38     0.00004345    -0.00000275     0.00227712
        39     0.00004258     0.00001528     0.00268870
        40     0.00003965     0.00001208     0.00322971
        41     0.00003731     0.00001943     0.00390942
        42     0.00003471     0.00002672     0.00476664
        43     0.00003186     0.00003397     0.00585210
        44     0.00002876     0.00004116     0.00722195
        45     0.00002540     0.00004820     0.00892535
        46     0.00002177     0.00005508     0.01096648
        47     0.00001788     0.00006160     0.01323407
        48     0.00001365     0.00006793     0.01540512
        49     0.00000956     0.00009060     0.01694783
        50     0.00000775     0.00009725     0.01727799
        51     0.00000634     0.00010392     0.01630786
        52     0.00000559     0.00010972     0.01440132
        53     0.00000528     0.00011471     0.01214619
        54     0.00000517     0.00011898     0.00998558
        55     0.00000511     0.00012254     0.00812626
        56     0.00000215     0.00013230     0.00660727
        57     0.00000176     0.00013474     0.00539896
        58    -0.00000163     0.00013765     0.00445045
        59     0.00000200     0.00013225     0.00368301
        60     0.00000226     0.00013250     0.00307808
        61    -0.00000039     0.00013658     0.00258913
        62     0.00000293     0.00013071     0.00219034
        63     0.00000104     0.00013243     0.00186266
        64     0.00000194     0.00012935     0.00158945
        65     0.00000455     0.00012246     0.00135661
        66     0.00000536     0.00011834     0.00115980
        67     0.00000634     0.00011362     0.00098864
        68     0.00000754     0.00010834     0.00083855
        69     0.00000901     0.00010256     0.00070518
        70     0.00001077     0.00009636     0.00058505
        71     0.00001289     0.00008981     0.00047538
        72     0.00001327     0.00008095     0.00037564
        73     0.00001837     0.00007598     0.00027859
        74     0.00002180     0.00006888     0.00018830
        75     0.00002299     0.00005949     0.00009968
        76     0.00002727     0.00005252     0.00001706
        77     0.00003520     0.00004811    -0.00006858
        78     0.00004066     0.00004176    -0.00014765
        79     0.00004656     0.00003591    -0.00022884
        80     0.00005340     0.00003468    -0.00031206
        81     0.00005943     0.00002601    -0.00039338
        82     0.00006628     0.00002210    -0.00047136
        83     0.00007332     0.00001891    -0.00055215
        84     0.00008046     0.00001647    -0.00063283
        85     0.00008454     0.00001054    -0.00071872
        86     0.00009481     0.00001384    -0.00079922
        87     0.00009907     0.00000877    -0.00087529
        88     0.00010612     0.00000903    -0.00094668
        89     0.00011291     0.00001000    -0.00102141
        90     0.00011939     0.00001165    -0.00109320
        91     0.00012548     0.00001392    -0.00116123
        92     0.00013114     0.00001674    -0.00122448
        93     0.00013450     0.00002198    -0.00128829
        94     0.00014267     0.00002930    -0.00134364
        95     0.00014663     0.00003326    -0.00137727
        96     0.00014998     0.00003752    -0.00141141
        97     0.00015272     0.00004208    -0.00143608
        98     0.00015484     0.00004687    -0.00145060
        99     0.00015640     0.00005181    -0.00145455
       100     0.00015745     0.00005676    -0.00144771
       101     0.00015804     0.00006161    -0.00143007
       102     0.00015895     0.00006490    -0.00141144
       103     0.00015907     0.00006884    -0.00136416
       104     0.00015815     0.00006444    -0.00132089
       105     0.00015820     0.00007604    -0.00126356
       106     0.00015543     0.00008219    -0.00120767
       107     0.00015410     0.00008534    -0.00112849
       108     0.00015261     0.00008814    -0.00105461
       109     0.00014944     0.00008191    -0.00098041
       110     0.00014752     0.00008410    -0.00089761
       111     0.00014558     0.00008600    -0.00081664
       112     0.00014365     0.00008765    -0.00073555
       113     0.00014179     0.00008904    -0.00065529
       114     0.00014004     0.00009020    -0.00057673
       115     0.00013848     0.00009116    -0.00050063
       116     0.00014209     0.00009649    -0.00042632
       117     0.00013586     0.00009223    -0.00035870
       118     0.00014079     0.00009682    -0.00029141
       119     0.00013436     0.00009245    -0.00022999
       120     0.00013413     0.00009227    -0.00017158
