#     Density Matrix: population Re; see the manual for detail orders
        0     0.00000000     1.00000000
        1     0.00002829     0.99997171
        2     0.00000653     0.99999347
        3     0.00004517     0.99995483
        4     0.00003683     0.99996317
        5     0.00005515     0.99994485
        6     0.00010333     0.99989667
        7     0.00005730     0.99994270
        8     0.00016326     0.99983674
        9     0.00012027     0.99987973
       10     0.00013195     0.99986805
       11     0.00024986     0.99975014
       12     0.00019854     0.99980146
       13     0.00019420     0.99980580
       14     0.00032977     0.99967023
       15     0.00034859     0.99965141
       16     0.00022970     0.99977030
       17     0.00016007     0.99983993
       18     0.00015144     0.99984856
       19     0.00010517     0.99989483
       20     0.00004409     0.99995591
       21     0.00004283     0.99995717
       22     0.00007251     0.99992749
       23     0.00008353     0.99991647
       24     0.00012978     0.99987022
       25     0.00024398     0.99975602
       26     0.00030041     0.99969959
       27     0.00021719     0.99978281
       28     0.00015772     0.99984228
       29     0.00022786     0.99977214
       30     0.00022750     0.99977250
       31     0.00010945     0.99989055
       32     0.00011327     0.99988673
       33     0.00014309     0.99985691
       34     0.00004850     0.99995150
       35     0.00003968     0.99996032
       36     0.00004941     0.99995059
       37     0.00000321     0.99999679
       38     0.00000787     0.99999213
       39     0.00000801     0.99999199
       40     0.00000987     0.99999013
       41     0.00000028     0.99999972
       42     0.00001832     0.99998168
       43     0.00001998     0.99998002
       44     0.00000329     0.99999671
       45     0.00003666     0.99996334
       46     0.00001694     0.99998306
       47     0.00001214     0.99998786
       48     0.00004562     0.99995438
       49     0.00001579     0.99998421
       50     0.00001818     0.99998182
       51     0.00005492     0.99994508
       52     0.00002630     0.99997370
       53     0.00001849     0.99998151
       54     0.00006746     0.99993254
       55     0.00006185     0.99993815
       56     0.00002459     0.99997541
       57     0.00005573     0.99994427
       58     0.00009822     0.99990178
       59     0.00006719     0.99993281
       60     0.00002386     0.99997614
       61     0.00003576     0.99996424
       62     0.00005427     0.99994573
       63     0.00003236     0.99996764
       64     0.00000457     0.99999543
       65     0.00000099     0.99999901
       66     0.00000406     0.99999594
       67     0.00000516     0.99999484
       68     0.00001333     0.99998667
       69     0.00001735     0.99998265
       70     0.00000608     0.99999392
       71     0.00000111     0.99999889
       72     0.00001769     0.99998231
       73     0.00002913     0.99997087
       74     0.00001449     0.99998551
       75     0.00000101     0.99999899
       76     0.00001473     0.99998527
       77     0.00003112     0.99996888
       78     0.00002037     0.99997963
       79     0.00000211     0.99999789
       80     0.00000847     0.99999153
       81     0.00002655     0.99997345
       82     0.00002399     0.99997601
       83     0.00000583     0.99999417
       84     0.00000088     0.99999912
       85     0.00001082     0.99998918
       86     0.00001469     0.99998531
       87     0.00000908     0.99999092
       88     0.00000625     0.99999375
       89     0.00000577     0.99999423
       90     0.00000127     0.99999873
       91     0.00000230     0.99999770
       92     0.00001889     0.99998111
       93     0.00003584     0.99996416
       94     0.00003104     0.99996896
       95     0.00001136     0.99998864
       96     0.00000454     0.99999546
       97     0.00001851     0.99998149
       98     0.00003170     0.99996830
       99     0.00002611     0.99997389
      100     0.00001031     0.99998969
      101     0.00000175     0.99999825
      102     0.00000210     0.99999790
      103     0.00000263     0.99999737
      104     0.00000291     0.99999709
      105     0.00000861     0.99999139
      106     0.00001606     0.99998394
      107     0.00001473     0.99998527
      108     0.00000523     0.99999477
      109     0.00000019     0.99999981
      110     0.00000501     0.99999499
      111     0.00001099     0.99998901
      112     0.00001035     0.99998965
      113     0.00000593     0.99999407
      114     0.00000342     0.99999658
      115     0.00000445     0.99999555
      116     0.00000814     0.99999186
      117     0.00001167     0.99998833
      118     0.00001051     0.99998949
      119     0.00000464     0.99999536
      120     0.00000329     0.99999671
      121     0.00001806     0.99998194
      122     0.00005015     0.99994985
      123     0.00008662     0.99991338
      124     0.00010994     0.99989006
      125     0.00011066     0.99988934
      126     0.00009205     0.99990795
      127     0.00006513     0.99993487
      128     0.00004049     0.99995951
      129     0.00002360     0.99997640
      130     0.00001594     0.99998406
      131     0.00001947     0.99998053
      132     0.00004135     0.99995865
      133     0.00009577     0.99990423
      134     0.00020036     0.99979964
      135     0.00036234     0.99963766
      136     0.00054302     0.99945698
      137     0.00059406     0.99940594
      138     0.00038522     0.99961478
      139     0.00495957     0.99504043
      140     0.18950811     0.81049189
      141     0.63958337     0.36041663
      142     0.79997188     0.20002812
      143     0.81805256     0.18194744
      144     0.79819506     0.20180494
      145     0.76462468     0.23537532
      146     0.72655064     0.27344936
      147     0.69098622     0.30901378
      148     0.66408450     0.33591550
      149     0.65060148     0.34939852
      150     0.65301173     0.34698827
      151     0.67046743     0.32953257
      152     0.69778993     0.30221007
      153     0.72537075     0.27462925
      154     0.74163360     0.25836640
      155     0.73917012     0.26082988
      156     0.72207199     0.27792801
      157     0.70649171     0.29350829
      158     0.70740327     0.29259673
      159     0.72074090     0.27925910
      160     0.72674506     0.27325494
      161     0.71860367     0.28139633
      162     0.71292894     0.28707106
      163     0.71879551     0.28120449
      164     0.72203212     0.27796788
      165     0.71670863     0.28329137
      166     0.71650853     0.28349147
      167     0.72124480     0.27875520
      168     0.71792649     0.28207351
      169     0.71617988     0.28382012
      170     0.72104849     0.27895151
      171     0.71768530     0.28231470
      172     0.71715108     0.28284892
      173     0.72031213     0.27968787
      174     0.71711094     0.28288906
      175     0.71888608     0.28111392
      176     0.71867219     0.28132781
      177     0.71746009     0.28253991
      178     0.72035487     0.27964513
      179     0.71537625     0.28462375
      180     0.72235472     0.27764528
      181     0.71419676     0.28580324
      182     0.72212665     0.27787335
      183     0.71572661     0.28427339
      184     0.71997682     0.28002318
      185     0.71775409     0.28224591
      186     0.71838320     0.28161680
      187     0.71899639     0.28100361
      188     0.71742054     0.28257946
      189     0.71973847     0.28026153
      190     0.71694662     0.28305338
      191     0.71987624     0.28012376
      192     0.71722103     0.28277897
      193     0.71920032     0.28079968
      194     0.71816185     0.28183815
      195     0.71829613     0.28170387
      196     0.71860730     0.28139270
      197     0.71870852     0.28129148
      198     0.71720574     0.28279426
      199     0.72070171     0.27929829
      200     0.71559616     0.28440384
      201     0.72062580     0.27937420
      202     0.71825861     0.28174139
      203     0.71554556     0.28445444
      204     0.72403636     0.27596364
      205     0.71178733     0.28821267
      206     0.72327351     0.27672649
      207     0.71747322     0.28252678
      208     0.71517475     0.28482525
      209     0.72380227     0.27619773
      210     0.71381642     0.28618358
      211     0.72010982     0.27989018
      212     0.71982187     0.28017813
      213     0.71538363     0.28461637
      214     0.72111994     0.27888006
      215     0.71743481     0.28256519
      216     0.71746114     0.28253886
      217     0.72053744     0.27946256
      218     0.71651752     0.28348248
      219     0.71895862     0.28104138
      220     0.71949958     0.28050042
      221     0.71664515     0.28335485
      222     0.71956736     0.28043264
      223     0.71856874     0.28143126
      224     0.71753109     0.28246891
      225     0.71909032     0.28090968
      226     0.71837554     0.28162446
      227     0.71822450     0.28177550
      228     0.71854158     0.28145842
      229     0.71836830     0.28163170
      230     0.71838675     0.28161325
      231     0.71877940     0.28122060
      232     0.71809229     0.28190771
      233     0.71792173     0.28207827
      234     0.71958724     0.28041276
      235     0.71833594     0.28166406
      236     0.71660425     0.28339575
      237     0.71976826     0.28023174
      238     0.72034516     0.27965484
      239     0.71560822     0.28439178
      240     0.71683472     0.28316528
      241     0.72264215     0.27735785
      242     0.71967141     0.28032859
      243     0.71299973     0.28700027
      244     0.71702000     0.28298000
      245     0.72460563     0.27539437
      246     0.72069821     0.27930179
      247     0.71233439     0.28766561
      248     0.71477850     0.28522150
      249     0.72298775     0.27701225
      250     0.72274301     0.27725699
      251     0.71631112     0.28368888
      252     0.71501031     0.28498969
      253     0.71840545     0.28159455
      254     0.71955051     0.28044949
      255     0.71932485     0.28067515
      256     0.71994847     0.28005153
      257     0.71772137     0.28227863
      258     0.71470706     0.28529294
      259     0.71876438     0.28123562
      260     0.72372351     0.27627649
      261     0.71778214     0.28221786
      262     0.71213128     0.28786872
      263     0.72043010     0.27956990
      264     0.72467845     0.27532155
      265     0.71397824     0.28602176
      266     0.71390241     0.28609759
      267     0.72519041     0.27480959
      268     0.71880839     0.28119161
      269     0.71154268     0.28845732
      270     0.72314806     0.27685194
      271     0.72095231     0.27904769
      272     0.71168959     0.28831041
      273     0.72266686     0.27733314
      274     0.72004952     0.27995048
      275     0.71257245     0.28742755
      276     0.72410009     0.27589991
      277     0.71643004     0.28356996
      278     0.71573801     0.28426199
      279     0.72409341     0.27590659
      280     0.71260855     0.28739145
      281     0.72189340     0.27810660
      282     0.71809987     0.28190013
      283     0.71635311     0.28364689
      284     0.72136113     0.27863887
      285     0.71589245     0.28410755
      286     0.71998240     0.28001760
      287     0.71780541     0.28219459
      288     0.71849112     0.28150888
      289     0.71854571     0.28145429
      290     0.71834317     0.28165683
      291     0.71855427     0.28144573
      292     0.71800211     0.28199789
      293     0.71934624     0.28065376
      294     0.71723253     0.28276747
      295     0.71948683     0.28051317
      296     0.71777125     0.28222875
      297     0.71865261     0.28134739
      298     0.71852871     0.28147129
      299     0.71822216     0.28177784
      300     0.71845861     0.28154139
      301     0.71854449     0.28145551
      302     0.71838468     0.28161532
      303     0.71847678     0.28152322
      304     0.71845665     0.28154335
      305     0.71840366     0.28159634
      306     0.71855461     0.28144539
      307     0.71826430     0.28173570
      308     0.71874395     0.28125605
      309     0.71804393     0.28195607
      310     0.71894344     0.28105656
      311     0.71794933     0.28205067
      312     0.71884823     0.28115177
      313     0.71826733     0.28173267
      314     0.71837422     0.28162578
      315     0.71872824     0.28127176
      316     0.71812585     0.28187415
      317     0.71866173     0.28133827
      318     0.71841757     0.28158243
      319     0.71838994     0.28161006
      320     0.71844413     0.28155587
      321     0.71863049     0.28136951
      322     0.71813331     0.28186669
      323     0.71876808     0.28123192
      324     0.71827211     0.28172789
      325     0.71841820     0.28158180
      326     0.71868412     0.28131588
      327     0.71808330     0.28191670
      328     0.71884858     0.28115142
      329     0.71812202     0.28187798
      330     0.71863839     0.28136161
      331     0.71842924     0.28157076
      332     0.71831603     0.28168397
      333     0.71870009     0.28129991
      334     0.71814034     0.28185966
      335     0.71876416     0.28123584
      336     0.71818033     0.28181967
      337     0.71863607     0.28136393
      338     0.71838752     0.28161248
      339     0.71835591     0.28164409
      340     0.71871128     0.28128872
      341     0.71806089     0.28193911
      342     0.71888444     0.28111556
      343     0.71806570     0.28193430
      344     0.71871550     0.28128450
      345     0.71832914     0.28167086
      346     0.71844597     0.28155403
      347     0.71853141     0.28146859
      348     0.71835376     0.28164624
      349     0.71850137     0.28149863
      350     0.71849381     0.28150619
      351     0.71827646     0.28172354
      352     0.71877207     0.28122793
      353     0.71797597     0.28202403
      354     0.71906303     0.28093697
      355     0.71772688     0.28227312
      356     0.71923524     0.28076476
      357     0.71766489     0.28233511
      358     0.71916273     0.28083727
      359     0.71787960     0.28212040
      360     0.71882355     0.28117645
      361     0.71830290     0.28169710
      362     0.71837065     0.28162935
      363     0.71872987     0.28127013
      364     0.71801202     0.28198798
      365     0.71899705     0.28100295
      366     0.71783877     0.28216123
      367     0.71908574     0.28091426
      368     0.71781769     0.28218231
      369     0.71905900     0.28094100
      370     0.71787197     0.28212803
      371     0.71899684     0.28100316
      372     0.71792939     0.28207061
      373     0.71894378     0.28105622
      374     0.71799889     0.28200111
      375     0.71881588     0.28118412
      376     0.71821944     0.28178056
      377     0.71850114     0.28149886
      378     0.71855634     0.28144366
      379     0.71828576     0.28171424
      380     0.71851195     0.28148805
      381     0.71860753     0.28139247
      382     0.71808605     0.28191395
      383     0.71883022     0.28116978
      384     0.71832916     0.28167084
      385     0.71809067     0.28190933
      386     0.71929717     0.28070283
      387     0.71732795     0.28267205
      388     0.71949560     0.28050440
      389     0.71777550     0.28222450
      390     0.71862089     0.28137911
      391     0.71870582     0.28129418
      392     0.71795777     0.28204223
      393     0.71896027     0.28103973
      394     0.71807222     0.28192778
      395     0.71862119     0.28137881
      396     0.71848444     0.28151556
      397     0.71823626     0.28176374
      398     0.71878796     0.28121204
      399     0.71802713     0.28197287
      400     0.71891197     0.28108803
      401     0.71797542     0.28202458
      402     0.71890499     0.28109501
      403     0.71802829     0.28197171
      404     0.71881494     0.28118506
      405     0.71815760     0.28184240
      406     0.71863390     0.28136610
      407     0.71840102     0.28159898
      408     0.71835214     0.28164786
      409     0.71861496     0.28138504
      410     0.71843470     0.28156530
      411     0.71792487     0.28207513
      412     0.71988886     0.28011114
      413     0.71614161     0.28385839
      414     0.72064908     0.27935092
      415     0.71812719     0.28187281
      416     0.71559463     0.28440537
      417     0.72327157     0.27672843
      418     0.71522669     0.28477331
      419     0.71738591     0.28261409
      420     0.72222608     0.27777392
      421     0.71586689     0.28413311
      422     0.71813994     0.28186006
      423     0.71963851     0.28036149
      424     0.71876639     0.28123361
      425     0.71752939     0.28247061
      426     0.71677525     0.28322475
      427     0.72313015     0.27686985
      428     0.71563776     0.28436224
      429     0.71377425     0.28622575
      430     0.72854555     0.27145445
      431     0.71256202     0.28743798
      432     0.71392619     0.28607381
      433     0.72700797     0.27299203
      434     0.71372674     0.28627326
      435     0.71782120     0.28217880
      436     0.72091926     0.27908074
      437     0.71719001     0.28280999
      438     0.71814847     0.28185153
      439     0.71867766     0.28132234
      440     0.71961221     0.28038779
      441     0.71601508     0.28398492
      442     0.72068937     0.27931063
      443     0.71788143     0.28211857
      444     0.71666164     0.28333836
      445     0.72197430     0.27802570
      446     0.71438806     0.28561194
      447     0.72173203     0.27826797
      448     0.71659104     0.28340896
      449     0.71874512     0.28125488
      450     0.71929304     0.28070696
      451     0.71696777     0.28303223
      452     0.71999664     0.28000336
      453     0.71717776     0.28282224
      454     0.71922307     0.28077693
      455     0.71813329     0.28186671
      456     0.71841938     0.28158062
      457     0.71858373     0.28141627
      458     0.71836330     0.28163670
      459     0.71835506     0.28164494
      460     0.71867923     0.28132077
      461     0.71814013     0.28185987
      462     0.71870271     0.28129729
      463     0.71826612     0.28173388
      464     0.71855114     0.28144886
      465     0.71835632     0.28164368
      466     0.71848880     0.28151120
      467     0.71853598     0.28146402
      468     0.71808351     0.28191649
      469     0.71913692     0.28086308
      470     0.71751559     0.28248441
      471     0.71936284     0.28063716
      472     0.71782662     0.28217338
      473     0.71855465     0.28144535
      474     0.71884894     0.28115106
      475     0.71770766     0.28229234
      476     0.71920686     0.28079314
      477     0.71797107     0.28202893
      478     0.71836943     0.28163057
      479     0.71923059     0.28076941
      480     0.71689862     0.28310138
      481     0.72065614     0.27934386
      482     0.71574982     0.28425018
      483     0.72134876     0.27865124
      484     0.71555562     0.28444438
      485     0.72099242     0.27900758
      486     0.71661653     0.28338347
      487     0.71795983     0.28204017
      488     0.72079398     0.27920602
      489     0.71856404     0.28143596
      490     0.71965704     0.28034296
      491     0.71940265     0.28059735
      492     0.71910066     0.28089934
      493     0.71969914     0.28030086
      494     0.71902085     0.28097915
