#     Density Matrix: population Re; see the manual for detail orders
        0     0.00000000     1.00000000
        1     0.00000001     0.99999999
        2     0.00000000     1.00000000
        3     0.00000000     1.00000000
        4     0.00000000     1.00000000
        5     0.00000000     1.00000000
        6     0.00000000     1.00000000
        7     0.00000000     1.00000000
        8     0.00000000     1.00000000
        9     0.00000000     1.00000000
       10     0.00000000     1.00000000
       11     0.00000000     1.00000000
       12     0.00000000     1.00000000
       13     0.00000000     1.00000000
       14     0.00000000     1.00000000
       15     0.00000000     1.00000000
       16     0.00000000     1.00000000
       17     0.00000000     1.00000000
       18     0.00000000     1.00000000
       19     0.00000000     1.00000000
       20     0.00000001     0.99999999
       21     0.00003110     0.99996890
       22     0.00005480     0.99994520
       23     0.00000018     0.99999982
       24     0.00002227     0.99997773
       25     0.00000910     0.99999090
       26     0.00000725     0.99999275
       27     0.00001306     0.99998694
       28     0.00000873     0.99999127
       29     0.00001061     0.99998939
       30     0.00001209     0.99998791
       31     0.00001164     0.99998836
       32     0.00001270     0.99998730
       33     0.00001368     0.99998632
       34     0.00001410     0.99998590
       35     0.00001476     0.99998524
       36     0.00001545     0.99998455
       37     0.00001586     0.99998414
       38     0.00001612     0.99998388
       39     0.00001630     0.99998370
       40     0.00001629     0.99998371
       41     0.00001605     0.99998395
       42     0.00001566     0.99998434
       43     0.00001518     0.99998482
       44     0.00001460     0.99998540
       45     0.00001394     0.99998606
       46     0.00001326     0.99998674
       47     0.00001258     0.99998742
       48     0.00001190     0.99998810
       49     0.00001123     0.99998877
       50     0.00001059     0.99998941
       51     0.00000997     0.99999003
       52     0.00000937     0.99999063
       53     0.00000880     0.99999120
       54     0.00000826     0.99999174
       55     0.00000774     0.99999226
       56     0.00000726     0.99999274
       57     0.00000681     0.99999319
       58     0.00000639     0.99999361
       59     0.00000601     0.99999399
       60     0.00000566     0.99999434
       61     0.00000536     0.99999464
       62     0.00000511     0.99999489
       63     0.00000489     0.99999511
       64     0.00000468     0.99999532
       65     0.00000451     0.99999549
       66     0.00000437     0.99999563
       67     0.00000428     0.99999572
       68     0.00000422     0.99999578
       69     0.00000417     0.99999583
       70     0.00000413     0.99999587
       71     0.00000412     0.99999588
       72     0.00000413     0.99999587
       73     0.00000415     0.99999585
       74     0.00000417     0.99999583
       75     0.00000419     0.99999581
       76     0.00000420     0.99999580
       77     0.00000422     0.99999578
       78     0.00000423     0.99999577
       79     0.00000424     0.99999576
       80     0.00000425     0.99999575
       81     0.00000425     0.99999575
       82     0.00000426     0.99999574
       83     0.00000428     0.99999572
       84     0.00000431     0.99999569
       85     0.00000436     0.99999564
       86     0.00000444     0.99999556
       87     0.00000454     0.99999546
       88     0.00000469     0.99999531
       89     0.00000490     0.99999510
       90     0.00000517     0.99999483
       91     0.00000553     0.99999447
       92     0.00000601     0.99999399
       93     0.00000662     0.99999338
       94     0.00000741     0.99999259
       95     0.00000844     0.99999156
       96     0.00000975     0.99999025
       97     0.00001146     0.99998854
       98     0.00001366     0.99998634
       99     0.00001653     0.99998347
      100     0.00002027     0.99997973
      101     0.00002518     0.99997482
      102     0.00003166     0.99996834
      103     0.00004028     0.99995972
      104     0.00005183     0.99994817
      105     0.00006746     0.99993254
      106     0.00008884     0.99991116
      107     0.00011846     0.99988154
      108     0.00016013     0.99983987
      109     0.00021978     0.99978022
      110     0.00030701     0.99969299
      111     0.00043775     0.99956225
      112     0.00063956     0.99936044
      113     0.00096223     0.99903777
      114     0.00150045     0.99849955
      115     0.00244615     0.99755385
      116     0.00421980     0.99578020
      117     0.00783749     0.99216251
      118     0.01607647     0.98392353
      119     0.03778557     0.96221443
      120     0.10466981     0.89533019
      121     0.32344408     0.67655592
      122     0.63883687     0.36116313
      123     0.83127173     0.16872827
      124     0.90054298     0.09945702
      125     0.92820411     0.07179589
      126     0.94055424     0.05944576
      127     0.94624823     0.05375177
      128     0.94889601     0.05110399
      129     0.95046466     0.04953534
      130     0.95230314     0.04769686
      131     0.95541143     0.04458857
      132     0.96039652     0.03960348
      133     0.96730166     0.03269834
      134     0.97547354     0.02452646
      135     0.98364595     0.01635405
      136     0.99035200     0.00964800
      137     0.99457830     0.00542170
      138     0.99631751     0.00368249
      139     0.99658588     0.00341412
      140     0.99675290     0.00324710
      141     0.99759419     0.00240581
      142     0.99884753     0.00115247
      143     0.99971666     0.00028334
      144     0.99982948     0.00017052
      145     0.99959663     0.00040337
      146     0.99959584     0.00040416
      147     0.99985369     0.00014631
      148     0.99999524     0.00000476
      149     0.99991096     0.00008904
      150     0.99985002     0.00014998
      151     0.99991717     0.00008283
      152     0.99995000     0.00005000
      153     0.99989902     0.00010098
      154     0.99988243     0.00011757
      155     0.99989578     0.00010422
      156     0.99985670     0.00014330
      157     0.99980267     0.00019733
      158     0.99976695     0.00023305
      159     0.99973447     0.00026553
      160     0.99977997     0.00022003
      161     0.99988092     0.00011908
      162     0.99993690     0.00006310
      163     0.99996381     0.00003619
      164     0.99998060     0.00001940
      165     0.99998774     0.00001226
      166     0.99999233     0.00000767
      167     0.99999502     0.00000498
      168     0.99999649     0.00000351
      169     0.99999759     0.00000241
      170     0.99999821     0.00000179
      171     0.99999869     0.00000131
      172     0.99999899     0.00000101
      173     0.99999921     0.00000079
      174     0.99999938     0.00000062
      175     0.99999950     0.00000050
      176     0.99999959     0.00000041
      177     0.99999966     0.00000034
      178     0.99999971     0.00000029
      179     0.99999975     0.00000025
      180     0.99999978     0.00000022
      181     0.99999981     0.00000019
      182     0.99999983     0.00000017
      183     0.99999985     0.00000015
      184     0.99999986     0.00000014
      185     0.99999988     0.00000012
      186     0.99999988     0.00000012
      187     0.99999989     0.00000011
      188     0.99999990     0.00000010
      189     0.99999990     0.00000010
      190     0.99999991     0.00000009
      191     0.99999991     0.00000009
      192     0.99999992     0.00000008
      193     0.99999992     0.00000008
      194     0.99999993     0.00000007
      195     0.99999993     0.00000007
      196     0.99999993     0.00000007
      197     0.99999994     0.00000006
      198     0.99999994     0.00000006
      199     0.99999994     0.00000006
      200     0.99999995     0.00000005
      201     0.99999995     0.00000005
      202     0.99999995     0.00000005
      203     0.99999996     0.00000004
      204     0.99999996     0.00000004
      205     0.99999997     0.00000003
      206     0.99999997     0.00000003
      207     0.99999998     0.00000002
      208     0.99999998     0.00000002
      209     0.99999998     0.00000002
      210     0.99999999     0.00000001
      211     0.99999999     0.00000001
      212     0.99999999     0.00000001
      213     1.00000000     0.00000000
      214     1.00000000     0.00000000
      215     1.00000000     0.00000000
      216     1.00000000     0.00000000
      217     1.00000000     0.00000000
      218     1.00000000     0.00000000
      219     1.00000000     0.00000000
      220     0.99999999     0.00000001
      221     0.99999999     0.00000001
      222     0.99999999     0.00000001
      223     0.99999998     0.00000002
      224     0.99999998     0.00000002
      225     0.99999998     0.00000002
      226     0.99999997     0.00000003
      227     0.99999997     0.00000003
      228     0.99999996     0.00000004
      229     0.99999996     0.00000004
      230     0.99999995     0.00000005
      231     0.99999995     0.00000005
      232     0.99999994     0.00000006
      233     0.99999994     0.00000006
      234     0.99999993     0.00000007
      235     0.99999993     0.00000007
      236     0.99999993     0.00000007
      237     0.99999992     0.00000008
      238     0.99999992     0.00000008
      239     0.99999992     0.00000008
      240     0.99999991     0.00000009
      241     0.99999991     0.00000009
      242     0.99999990     0.00000010
      243     0.99999990     0.00000010
      244     0.99999989     0.00000011
      245     0.99999989     0.00000011
      246     0.99999988     0.00000012
      247     0.99999988     0.00000012
      248     0.99999987     0.00000013
      249     0.99999986     0.00000014
      250     0.99999985     0.00000015
      251     0.99999984     0.00000016
      252     0.99999982     0.00000018
      253     0.99999981     0.00000019
      254     0.99999979     0.00000021
      255     0.99999977     0.00000023
      256     0.99999974     0.00000026
      257     0.99999972     0.00000028
      258     0.99999968     0.00000032
      259     0.99999965     0.00000035
      260     0.99999961     0.00000039
      261     0.99999956     0.00000044
      262     0.99999951     0.00000049
      263     0.99999945     0.00000055
      264     0.99999939     0.00000061
      265     0.99999932     0.00000068
      266     0.99999926     0.00000074
      267     0.99999919     0.00000081
      268     0.99999914     0.00000086
      269     0.99999910     0.00000090
      270     0.99999907     0.00000093
      271     0.99999908     0.00000092
      272     0.99999911     0.00000089
      273     0.99999919     0.00000081
      274     0.99999929     0.00000071
      275     0.99999943     0.00000057
      276     0.99999959     0.00000041
      277     0.99999975     0.00000025
      278     0.99999989     0.00000011
      279     0.99999997     0.00000003
      280     0.99999999     0.00000001
      281     0.99999993     0.00000007
      282     0.99999980     0.00000020
      283     0.99999960     0.00000040
      284     0.99999937     0.00000063
      285     0.99999914     0.00000086
      286     0.99999894     0.00000106
      287     0.99999878     0.00000122
      288     0.99999868     0.00000132
      289     0.99999864     0.00000136
      290     0.99999866     0.00000134
      291     0.99999872     0.00000128
      292     0.99999882     0.00000118
      293     0.99999893     0.00000107
      294     0.99999905     0.00000095
      295     0.99999917     0.00000083
      296     0.99999928     0.00000072
      297     0.99999938     0.00000062
      298     0.99999946     0.00000054
      299     0.99999953     0.00000047
      300     0.99999959     0.00000041
