#    Non-Adiabatic Coupling Matrix Elements: off-diagonal
         0    -0.00001592
         1    -0.00001553
         2    -0.00001496
         3    -0.00001420
         4    -0.00001326
         5    -0.00001216
         6    -0.00001092
         7    -0.00000956
         8    -0.00000812
         9    -0.00000665
        10    -0.00000519
        11    -0.00000380
        12    -0.00000254
        13    -0.00097784
        14    -0.00071989
        15    -0.00070742
        16    -0.00073147
        17    -0.00075910
        18    -0.00078232
        19    -0.00080027
        20    -0.00081387
        21    -0.00082382
        22    -0.00083039
        23    -0.00083318
        24    -0.00083159
        25    -0.00082518
        26    -0.00081397
        27    -0.00079794
        28    -0.00077783
        29    -0.00075446
        30    -0.00072879
        31    -0.00070157
        32    -0.00067361
        33    -0.00064550
        34    -0.00061767
        35    -0.00059038
        36    -0.00056383
        37    -0.00053813
        38    -0.00051334
        39    -0.00048949
        40    -0.00046661
        41    -0.00044469
        42    -0.00042374
        43    -0.00040375
        44    -0.00038470
        45    -0.00036659
        46    -0.00034939
        47    -0.00033309
        48    -0.00031767
        49    -0.00030311
        50    -0.00028941
        51    -0.00027653
        52    -0.00026445
        53    -0.00025315
        54    -0.00024259
        55    -0.00023275
        56    -0.00022356
        57    -0.00021500
        58    -0.00020700
        59    -0.00019950
        60    -0.00019243
        61    -0.00018572
        62    -0.00017930
        63    -0.00017308
        64    -0.00016697
        65    -0.00016088
        66    -0.00015471
        67    -0.00014837
        68    -0.00014175
        69    -0.00013476
        70    -0.00012730
        71    -0.00011929
        72    -0.00011063
        73    -0.00010126
        74    -0.00009111
        75    -0.00008012
        76    -0.00006825
        77    -0.00005549
        78    -0.00004180
        79    -0.00002720
        80    -0.00001170
        81     0.00000466
        82     0.00002183
        83     0.00003970
        84     0.00005819
        85     0.00007717
        86     0.00009648
        87     0.00011596
        88     0.00013575
        89     0.00015500
        90     0.00017380
        91     0.00019191
        92     0.00020908
        93     0.00022506
        94     0.00023963
        95     0.00025254
        96     0.00026359
        97     0.00027259
        98     0.00027942
        99     0.00028401
       100     0.00028637
       101     0.00028664
       102     0.00028503
       103     0.00028188
       104     0.00027758
       105     0.00027254
       106     0.00026721
       107     0.00026193
       108     0.00025701
       109     0.00025268
       110     0.00024907
       111     0.00024629
       112     0.00024436
       113     0.00024331
       114     0.00024311
       115     0.00024376
       116     0.00024521
       117     0.00024741
       118     0.00025031
       119     0.00025385
       120     0.00025799
       121     0.00026266
       122     0.00026782
       123     0.00027341
       124     0.00027941
       125     0.00028579
       126     0.00029254
       127     0.00029969
       128     0.00030725
       129     0.00031430
       130     0.00032299
       131     0.00033236
       132     0.00034256
       133     0.00035377
       134     0.00036621
       135     0.00038016
       136     0.00039596
       137     0.00041403
       138     0.00043486
       139     0.00045908
       140     0.00048742
       141     0.00052081
       142     0.00056036
       143     0.00060743
       144     0.00066368
       145     0.00073117
       146     0.00081245
       147     0.00091066
       148     0.00103021
       149     0.00117531
       150     0.00135264
       151     0.00157011
       152     0.00183766
       153     0.00216739
       154     0.00257354
       155     0.00307139
       156     0.00367416
       157     0.00438598
       158     0.00518875
       159     0.00602326
       160     0.00677358
       161     0.00727827
       162     0.00739236
       163     0.00706957
       164     0.00639488
       165     0.00553020
       166     0.00462640
       167     0.00377954
       168     0.00303096
       169     0.00238622
       170     0.00183286
       171     0.00135143
       172     0.00092074
       173     0.00051969
       174     0.00012720
       175    -0.00027877
       176    -0.00072282
       177    -0.00123408
       178    -0.00184806
       179    -0.00260743
       180    -0.00355795
       181    -0.00473163
       182    -0.00610193
       183    -0.00750357
       184    -0.01893915
       185    -0.01512324
       186    -0.01027669
       187    -0.00671359
       188    -0.00442186
       189    -0.00295867
       190    -0.00199599
       191    -0.00133781
       192    -0.00087054
       193    -0.00052722
       194    -0.00026716
       195    -0.00006489
       196     0.00009611
       197     0.00022682
       198     0.00033475
       199     0.00042520
       200     0.00050199
       201     0.00056795
       202     0.00062523
       203     0.00067554
       204     0.00072044
       205     0.00076076
       206     0.00079765
       207     0.00083199
       208     0.00086454
       209     0.00089593
       210     0.00092677
       211     0.00095751
       212     0.00098978
       213     0.00102415
       214     0.00106172
       215     0.00110381
       216     0.00115205
       217     0.00120866
       218     0.00127630
       219     0.00135886
       220     0.00146160
       221     0.00159199
       222     0.00176059
       223     0.00198206
       224     0.00227451
       225     0.00265052
       226     0.00307822
       227     0.00339165
       228     0.00331378
       229     0.00283450
       230     0.00224999
       231     0.00175217
       232     0.00137356
       233     0.00109288
       234     0.00088384
       235     0.00072603
       236     0.00060499
       237     0.00051076
       238     0.00043636
       239     0.00037686
       240     0.00032873
       241     0.00028938
       242     0.00025660
       243     0.00022955
       244     0.00020684
       245     0.00018762
       246     0.00017123
       247     0.00015718
       248     0.00014505
       249     0.00013453
       250     0.00012537
       251     0.00011735
       252     0.00011031
       253     0.00010411
       254     0.00009864
       255     0.00009380
       256     0.00008951
       257     0.00008570
       258     0.00008249
       259     0.00007945
       260     0.00007671
       261     0.00007429
       262     0.00007209
       263     0.00006994
       264     0.00006812
       265     0.00006645
       266     0.00006489
       267     0.00006343
       268     0.00006204
       269     0.00006070
       270     0.00005939
       271     0.00005809
       272     0.00005680
       273     0.00005549
       274     0.00005415
       275     0.00005277
       276     0.00005134
       277     0.00004984
       278     0.00004826
       279     0.00004659
       280     0.00004482
       281     0.00004294
       282     0.00004093
       283     0.00003876
       284     0.00003644
       285     0.00003393
       286     0.00003122
       287     0.00002829
       288     0.00002510
       289     0.00002166
       290     0.00001793
       291     0.00001390
       292     0.00000957
       293     0.00000493
       294    -0.00000002
       295    -0.00000525
       296    -0.00001074
       297    -0.00001646
       298    -0.00002236
       299    -0.00002840
       300    -0.00003451
