#    Non-Adiabatic Coupling Matrix Elements: off-diagonal
         0    -0.00000186
         1    -0.00000276
         2    -0.00000349
         3    -0.00000409
         4    -0.00000460
         5    -0.00000505
         6    -0.00000550
         7    -0.00000596
         8    -0.00000648
         9    -0.00000706
        10    -0.00000773
        11    -0.00000849
        12    -0.00000937
        13    -0.00001035
        14    -0.00001145
        15    -0.00001267
        16    -0.00001400
        17     0.00176315
        18     0.00101584
        19     0.00085019
        20     0.00079547
        21     0.00078095
        22     0.00078329
        23     0.00079195
        24     0.00080132
        25     0.00080833
        26     0.00081169
        27     0.00081113
        28     0.00080717
        29     0.00080073
        30     0.00079263
        31     0.00078381
        32     0.00077447
        33     0.00076460
        34     0.00075390
        35     0.00074204
        36     0.00072867
        37     0.00071355
        38     0.00069655
        39     0.00067769
        40     0.00065712
        41     0.00063506
        42     0.00061184
        43     0.00058782
        44     0.00056336
        45     0.00053884
        46     0.00051459
        47     0.00049088
        48     0.00046794
        49     0.00044595
        50     0.00042503
        51     0.00040524
        52     0.00038662
        53     0.00036914
        54     0.00035276
        55     0.00033742
        56     0.00032303
        57     0.00030951
        58     0.00029674
        59     0.00028462
        60     0.00027304
        61     0.00026189
        62     0.00025107
        63     0.00024047
        64     0.00022998
        65     0.00021952
        66     0.00020900
        67     0.00019833
        68     0.00018745
        69     0.00017628
        70     0.00016477
        71     0.00015287
        72     0.00014055
        73     0.00012777
        74     0.00011452
        75     0.00010078
        76     0.00008772
        77     0.00007298
        78     0.00005774
        79     0.00004199
        80     0.00002573
        81     0.00000893
        82    -0.00000845
        83    -0.00002647
        84    -0.00004522
        85    -0.00006484
        86    -0.00008549
        87    -0.00010740
        88    -0.00013086
        89    -0.00015624
        90    -0.00018400
        91    -0.00021475
        92    -0.00024925
        93    -0.00028850
        94    -0.00033385
        95    -0.00038685
        96    -0.00044982
        97    -0.00052577
        98    -0.00061878
        99    -0.00073452
       100    -0.00088099
       101    -0.00106970
       102    -0.00131771
       103    -0.00165090
       104    -0.00210975
       105    -0.00275916
       106    -0.00370518
       107    -0.00511994
       108    -0.00725949
       109    -0.01037460
       110    -0.01416321
       111    -0.01666110
       112    -0.01547472
       113    -0.01473115
       114    -0.00915149
       115    -0.00566716
       116    -0.00361082
       117    -0.00235778
       118    -0.00155525
       119    -0.00101546
       120    -0.00063608
       121    -0.00035885
       122    -0.00014916
       123     0.00001443
       124     0.00014571
       125     0.00025381
       126     0.00034497
       127     0.00042409
       128     0.00049339
       129     0.00055566
       130     0.00061269
       131     0.00066588
       132     0.00071635
       133     0.00076506
       134     0.00081283
       135     0.00086041
       136     0.00090852
       137     0.00095787
       138     0.00100892
       139     0.00106328
       140     0.00112173
       141     0.00118538
       142     0.00125639
       143     0.00133620
       144     0.00142756
       145     0.00153373
       146     0.00165884
       147     0.00180788
       148     0.00198614
       149     0.00219728
       150     0.00243737
       151     0.00268182
       152     0.00286667
       153     0.00289374
       154     0.00270554
       155     0.00235822
       156     0.00196742
       157     0.00161197
       158     0.00131829
       159     0.00108482
       160     0.00090130
       161     0.00075684
       162     0.00064232
       163     0.00055071
       164     0.00047666
       165     0.00041621
       166     0.00036637
       167     0.00032489
       168     0.00029005
       169     0.00026055
       170     0.00023538
       171     0.00021375
       172     0.00019486
       173     0.00017862
       174     0.00016442
       175     0.00015197
       176     0.00014101
       177     0.00013134
       178     0.00012279
       179     0.00011521
       180     0.00010848
       181     0.00010249
       182     0.00009734
       183     0.00009254
       184     0.00008823
       185     0.00008434
       186     0.00008061
       187     0.00007734
       188     0.00007431
       189     0.00007146
       190     0.00006874
       191     0.00006611
       192     0.00006354
       193     0.00006098
       194     0.00005840
       195     0.00005578
       196     0.00005310
       197     0.00005033
       198     0.00004747
       199     0.00004451
       200     0.00004142
       201     0.00003823
       202     0.00003491
       203     0.00003149
       204     0.00002796
       205     0.00002434
       206     0.00002064
       207     0.00001687
       208     0.00001304
       209     0.00000918
       210     0.00000530
       211     0.00000141
       212    -0.00000245
       213    -0.00000629
       214    -0.00001007
       215    -0.00001379
       216    -0.00001742
       217    -0.00002097
       218    -0.00002442
       219    -0.00002775
       220    -0.00003098
       221    -0.00003408
       222    -0.00003706
       223    -0.00003991
       224    -0.00004265
       225    -0.00004528
       226    -0.00004780
       227    -0.00005021
       228    -0.00005254
       229    -0.00005478
       230    -0.00005696
       231    -0.00005908
       232    -0.00006115
       233    -0.00006319
       234    -0.00006520
       235    -0.00006721
       236    -0.00006923
       237    -0.00007126
       238    -0.00007346
       239    -0.00007558
       240    -0.00007773
       241    -0.00007999
       242    -0.00008233
       243    -0.00008460
       244    -0.00008716
       245    -0.00008987
       246    -0.00009274
       247    -0.00009579
       248    -0.00009906
       249    -0.00010255
       250    -0.00010628
       251    -0.00011026
       252    -0.00011450
       253    -0.00011899
       254    -0.00012373
       255    -0.00012867
       256    -0.00013377
       257    -0.00013916
       258    -0.00014435
       259    -0.00014943
       260    -0.00015423
       261    -0.00015858
       262    -0.00016227
       263    -0.00016506
       264    -0.00016669
       265    -0.00016686
       266    -0.00016529
       267    -0.00016167
       268    -0.00015574
       269    -0.00014729
       270    -0.00013615
       271    -0.00012224
       272    -0.00010562
       273    -0.00008643
       274    -0.00006498
       275    -0.00004169
       276    -0.00001709
       277     0.00000820
       278     0.00003354
       279     0.00005825
       280     0.00008172
       281     0.00010343
       282     0.00012295
       283     0.00013997
       284     0.00015434
       285     0.00016601
       286     0.00017504
       287     0.00018161
       288     0.00018592
       289     0.00018827
       290     0.00018897
       291     0.00018805
       292     0.00018639
       293     0.00018402
       294     0.00018123
       295     0.00017827
       296     0.00017536
       297     0.00017269
       298     0.00017043
       299     0.00016867
       300     0.00016751
