#    Step     Kinetic(H)     Potential(H)   Total(H)       E(0)(H)        E(1)(H)        
        0     0.00805178    -6.15388120    -6.14582942    -6.41627333    -6.15388120
        1     0.00781515    -6.15365732    -6.14584217    -6.41675272    -6.15365732
        2     0.00744521    -6.15331754    -6.14587233    -6.41692202    -6.15331754
        3     0.00695918    -6.15287256    -6.14591338    -6.41678078    -6.15287256
        4     0.00640413    -6.15236294    -6.14595881    -6.41636298    -6.15236294
        5     0.00584890    -6.15185219    -6.14600329    -6.41573040    -6.15185219
        6     0.00537413    -6.15141790    -6.14604377    -6.41496355    -6.15141790
        7     0.00506167    -6.15114131    -6.14607964    -6.41415089    -6.15114131
        8     0.00498436    -6.15109665    -6.14611229    -6.41337752    -6.15109665
        9     0.00519708    -6.15134189    -6.14614481    -6.41271529    -6.15134189
       10     0.00572867    -6.15191094    -6.14618227    -6.41221443    -6.15191094
       11     0.00657533    -6.15280865    -6.14623332    -6.41189818    -6.15280865
       12     0.00769629    -6.15400940    -6.14631311    -6.41176099    -6.15400940
       13     0.00901262    -6.15545934    -6.14644672    -6.41177038    -6.15545934
       14     0.01041079    -6.15708174    -6.14667095    -6.41187257    -6.15708174
       15     0.01175198    -6.15878535    -6.14703337    -6.41200031    -6.15878535
       16     0.01288810    -6.16047382    -6.14758572    -6.41208206    -6.16047382
       17     0.01368361    -6.16205563    -6.14837202    -6.41205144    -6.16205563
       18     0.01404065    -6.16345291    -6.14941226    -6.41185514    -6.16345291
       19     0.01392146    -6.16460835    -6.15068689    -6.41145873    -6.16460835
       20     0.01335971    -6.16548893    -6.15212922    -6.41084897    -6.16548893
       21     0.01245303    -6.16608655    -6.15363352    -6.41003295    -6.16608655
       22     0.01133549    -6.16641543    -6.15507994    -6.40903429    -6.16641543
       23     0.01014000    -6.16650671    -6.15636671    -6.40788729    -6.16650671
       24     0.00896802    -6.16640182    -6.15743380    -6.40663091    -6.16640182
       25     0.00787876    -6.16614656    -6.15826780    -6.40530445    -6.16614656
       26     0.00743761    -6.14912401    -6.14168640    -6.39720133    -6.14912401
       27     0.00810284    -6.15058351    -6.14248067    -6.39601734    -6.15058351
       28     0.00935544    -6.15247160    -6.14311616    -6.39461804    -6.15247160
       29     0.01087706    -6.15466367    -6.14378661    -6.39310088    -6.15466367
       30     0.01256847    -6.15710602    -6.14453755    -6.39147671    -6.15710602
       31     0.01431936    -6.15973893    -6.14541957    -6.38974603    -6.15973893
       32     0.01600699    -6.16249455    -6.14648756    -6.38790411    -6.16249455
       33     0.01750505    -6.16529838    -6.14779333    -6.38594303    -6.16529838
       34     0.01869888    -6.16807311    -6.14937423    -6.38385409    -6.16807311
       35     0.01950395    -6.17074459    -6.15124064    -6.38163072    -6.17074459
       36     0.01988079    -6.17324802    -6.15336723    -6.37927105    -6.17324802
       37     0.01984167    -6.17553429    -6.15569262    -6.37678099    -6.17553429
       38     0.01944491    -6.17757501    -6.15813010    -6.37417633    -6.17757501
       39     0.01877845    -6.17936390    -6.16058545    -6.37148249    -6.17936390
       40     0.01793947    -6.18091541    -6.16297594    -6.36873339    -6.18091541
       41     0.01701724    -6.18226057    -6.16524333    -6.36596880    -6.18226057
       42     0.01608357    -6.18344034    -6.16735677    -6.36323017    -6.18344034
       43     0.01519047    -6.18449930    -6.16930883    -6.36055708    -6.18449930
       44     0.01437159    -6.18547998    -6.17110839    -6.35798381    -6.18547998
       45     0.01364485    -6.18641775    -6.17277290    -6.35553602    -6.18641775
       46     0.01301511    -6.18733783    -6.17432272    -6.35322865    -6.18733783
       47     0.01247691    -6.18825433    -6.17577742    -6.35106564    -6.18825433
       48     0.01201723    -6.18917098    -6.17715375    -6.34904077    -6.18917098
       49     0.01161827    -6.19008301    -6.17846474    -6.34713973    -6.19008301
       50     0.01126065    -6.19098008    -6.17971943    -6.34534295    -6.19098008
       51     0.01092632    -6.19184968    -6.18092336    -6.34362906    -6.19184968
       52     0.01060086    -6.19268009    -6.18207923    -6.34197766    -6.19268009
       53     0.01027477    -6.19346247    -6.18318770    -6.34037159    -6.19346247
       54     0.00994381    -6.19419205    -6.18424824    -6.33879801    -6.19419205
       55     0.00960864    -6.19486875    -6.18526011    -6.33724888    -6.19486875
       56     0.00927395    -6.19549681    -6.18622286    -6.33572091    -6.19549681
       57     0.00894726    -6.19608429    -6.18713703    -6.33421479    -6.19608429
       58     0.00863763    -6.19664186    -6.18800423    -6.33273422    -6.19664186
       59     0.00835446    -6.19718183    -6.18882737    -6.33128483    -6.19718183
       60     0.00810657    -6.19771710    -6.18961053    -6.32987319    -6.19771710
       61     0.00790149    -6.19826021    -6.19035872    -6.32850600    -6.19826021
       62     0.00774503    -6.19882277    -6.19107774    -6.32718929    -6.19882277
       63     0.00764089    -6.19941474    -6.19177385    -6.32592804    -6.19941474
       64     0.00759057    -6.20004414    -6.19245357    -6.32472561    -6.20004414
       65     0.00759331    -6.20071677    -6.19312346    -6.32358356    -6.20071677
       66     0.00764616    -6.20143607    -6.19378991    -6.32250159    -6.20143607
       67     0.00774417    -6.20220322    -6.19445905    -6.32147749    -6.20220322
       68     0.00788075    -6.20301734    -6.19513659    -6.32050735    -6.20301734
       69     0.00804815    -6.20387584    -6.19582769    -6.31958600    -6.20387584
       70     0.00823803    -6.20477497    -6.19653694    -6.31870737    -6.20477497
       71     0.00844214    -6.20571043    -6.19726829    -6.31786514    -6.20571043
       72     0.00865307    -6.20667809    -6.19802502    -6.31705337    -6.20667809
       73     0.00886482    -6.20767454    -6.19880972    -6.31626713    -6.20767454
       74     0.00907331    -6.20869775    -6.19962444    -6.31550290    -6.20869775
       75     0.00927662    -6.20974737    -6.20047075    -6.31475896    -6.20974737
       76     0.00947503    -6.21082486    -6.20134983    -6.31403544    -6.21082486
       77     0.00967051    -6.21193332    -6.20226281    -6.31333409    -6.21193332
       78     0.00986611    -6.21307712    -6.20321101    -6.31265787    -6.21307712
       79     0.01006545    -6.21426123    -6.20419578    -6.31201024    -6.21426123
       80     0.01027185    -6.21549053    -6.20521868    -6.31139458    -6.21549053
       81     0.01048766    -6.21676919    -6.20628153    -6.31081338    -6.21676919
       82     0.01071384    -6.21810011    -6.20738627    -6.31026780    -6.21810011
       83     0.01094973    -6.21948457    -6.20853484    -6.30975734    -6.21948457
       84     0.01119319    -6.22092219    -6.20972900    -6.30927977    -6.22092219
       85     0.01144092    -6.22241106    -6.21097014    -6.30883134    -6.22241106
       86     0.01168898    -6.22394817    -6.21225919    -6.30840713    -6.22394817
       87     0.01193333    -6.22552983    -6.21359650    -6.30800158    -6.22552983
       88     0.01217040    -6.22715220    -6.21498180    -6.30760899    -6.22715220
       89     0.01239749    -6.22881177    -6.21641428    -6.30722400    -6.22881177
       90     0.01261299    -6.23050570    -6.21789271    -6.30684193    -6.23050570
       91     0.01281648    -6.23223202    -6.21941554    -6.30645906    -6.23223202
       92     0.01300854    -6.23398975    -6.22098121    -6.30607257    -6.23398975
       93     0.01319057    -6.23577877    -6.22258820    -6.30568058    -6.23577877
       94     0.01336446    -6.23759964    -6.22423518    -6.30528201    -6.23759964
       95     0.01353221    -6.23945340    -6.22592119    -6.30487618    -6.23945340
       96     0.01369563    -6.24134127    -6.22764564    -6.30446276    -6.24134127
       97     0.01385617    -6.24326443    -6.22940826    -6.30404142    -6.24326443
       98     0.01401473    -6.24522382    -6.23120909    -6.30361168    -6.24522382
       99     0.01417164    -6.24721990    -6.23304826    -6.30317288    -6.24721990
      100     0.01432662    -6.24925272    -6.23492610    -6.30272392    -6.24925272
      101     0.01447893    -6.25132175    -6.23684282    -6.30226330    -6.25132175
      102     0.01462743    -6.25342595    -6.23879852    -6.30178922    -6.25342595
      103     0.01477074    -6.25556378    -6.24079304    -6.30129951    -6.25556378
      104     0.01490739    -6.25773328    -6.24282589    -6.30079175    -6.25773328
      105     0.01503600    -6.25993225    -6.24489625    -6.30026347    -6.25993225
      106     0.01515536    -6.26215835    -6.24700299    -6.29971222    -6.26215835
      107     0.01526458    -6.26440921    -6.24914463    -6.29913573    -6.26440921
      108     0.01536300    -6.26668248    -6.25131948    -6.29853201    -6.26668248
      109     0.01545022    -6.26897579    -6.25352557    -6.29789944    -6.26897579
      110     0.01552588    -6.27128669    -6.25576081    -6.29723685    -6.27128669
      111     0.01558955    -6.27361248    -6.25802293    -6.29654380    -6.27361248
      112     0.01564036    -6.27594982    -6.26030946    -6.29582082    -6.27594982
      113     0.01567620    -6.27829371    -6.26261751    -6.29507037    -6.27829371
      114     0.01569200    -6.28063563    -6.26494363    -6.29429845    -6.28063563
      115     0.01567480    -6.28295779    -6.26728299    -6.29351994    -6.28295779
      116     0.01558644    -6.28521456    -6.26962812    -6.29277666    -6.28521456
      117     0.01528776    -6.28725589    -6.27196813    -6.29221335    -6.28725589
      118     0.01761497    -6.29235308    -6.27473811    -6.29235308    -6.28855116
      119     0.01645993    -6.29384428    -6.27738435    -6.29384428    -6.28846463
      120     0.01610642    -6.29603339    -6.27992697    -6.29603339    -6.28767220
      121     0.01596972    -6.29840173    -6.28243201    -6.29840173    -6.28667782
      122     0.01590450    -6.30083100    -6.28492650    -6.30083100    -6.28558973
      123     0.01586918    -6.30328702    -6.28741784    -6.30328702    -6.28443414
      124     0.01584661    -6.30575611    -6.28990950    -6.30575611    -6.28321771
      125     0.01582773    -6.30823104    -6.29240331    -6.30823104    -6.28194133
      126     0.01580696    -6.31070711    -6.29490015    -6.31070711    -6.28060367
      127     0.01578070    -6.31318057    -6.29739987    -6.31318057    -6.27920269
      128     0.01574673    -6.31564830    -6.29990157    -6.31564830    -6.27773625
      129     0.01570383    -6.31810752    -6.30240369    -6.31810752    -6.27620234
      130     0.01565148    -6.32055573    -6.30490425    -6.32055573    -6.27459922
      131     0.01558962    -6.32299059    -6.30740097    -6.32299059    -6.27292539
      132     0.01551842    -6.32540989    -6.30989147    -6.32540989    -6.27117955
      133     0.01543826    -6.32781145    -6.31237319    -6.32781145    -6.26936085
      134     0.01534963    -6.33019340    -6.31484377    -6.33019340    -6.26746864
      135     0.01525309    -6.33255391    -6.31730082    -6.33255391    -6.26550275
      136     0.01514916    -6.33489128    -6.31974212    -6.33489128    -6.26346332
      137     0.01503832    -6.33720387    -6.32216555    -6.33720387    -6.26135070
      138     0.01492078    -6.33949008    -6.32456930    -6.33949008    -6.25916567
      139     0.01479697    -6.34174845    -6.32695148    -6.34174845    -6.25690941
      140     0.01466750    -6.34397766    -6.32931016    -6.34397766    -6.25458353
      141     0.01453283    -6.34617653    -6.33164370    -6.34617653    -6.25219003
      142     0.01439336    -6.34834395    -6.33395059    -6.34834395    -6.24973128
      143     0.01424950    -6.35047889    -6.33622939    -6.35047889    -6.24721005
      144     0.01410171    -6.35258050    -6.33847879    -6.35258050    -6.24462953
      145     0.01395048    -6.35464810    -6.34069762    -6.35464810    -6.24199339
      146     0.01379632    -6.35668117    -6.34288485    -6.35668117    -6.23930569
      147     0.01363975    -6.35867939    -6.34503964    -6.35867939    -6.23657090
      148     0.01348114    -6.36064256    -6.34716142    -6.36064256    -6.23379384
      149     0.01332101    -6.36257061    -6.34924960    -6.36257061    -6.23097961
      150     0.01316009    -6.36446365    -6.35130356    -6.36446365    -6.22813369
      151     0.01299907    -6.36632211    -6.35332304    -6.36632211    -6.22526170
      152     0.01283881    -6.36814659    -6.35530778    -6.36814659    -6.22236952
      153     0.01268031    -6.36993802    -6.35725771    -6.36993802    -6.21946307
      154     0.01252445    -6.37169775    -6.35917330    -6.37169775    -6.21654827
      155     0.01237235    -6.37342757    -6.36105522    -6.37342757    -6.21363087
      156     0.01222557    -6.37512988    -6.36290431    -6.37512988    -6.21071635
      157     0.01208622    -6.37680802    -6.36472180    -6.37680802    -6.20780962
      158     0.01195722    -6.37846674    -6.36650952    -6.37846674    -6.20491464
      159     0.01184276    -6.38011271    -6.36826995    -6.38011271    -6.20203395
      160     0.01174889    -6.38175554    -6.37000665    -6.38175554    -6.19916794
      161     0.01168438    -6.38340909    -6.37172471    -6.38340909    -6.19631371
      162     0.01166160    -6.38509312    -6.37343152    -6.38509312    -6.19346395
      163     0.01169622    -6.38683387    -6.37513765    -6.38683387    -6.19060675
      164     0.01180259    -6.38866033    -6.37685774    -6.38866033    -6.18772983
      165     0.01197999    -6.39058857    -6.37860858    -6.39058857    -6.18483539
      166     0.01219444    -6.39259495    -6.38040051    -6.39259495    -6.18196373
      167     0.01238134    -6.39461234    -6.38223100    -6.39461234    -6.17919179
      168     0.01247891    -6.39656350    -6.38408459    -6.39656350    -6.17659616
      169     0.01245806    -6.39840057    -6.38594251    -6.39840057    -6.17421541
      170     0.01232228    -6.40010749    -6.38778521    -6.40010749    -6.17205262
      171     0.01209209    -6.40168637    -6.38959428    -6.40168637    -6.17009278
      172     0.01179236    -6.40314637    -6.39135401    -6.40314637    -6.16831573
      173     0.01144604    -6.40449834    -6.39305230    -6.40449834    -6.16670180
      174     0.01107182    -6.40575260    -6.39468078    -6.40575260    -6.16523386
      175     0.01068397    -6.40691821    -6.39623424    -6.40691821    -6.16389751
      176     0.01029278    -6.40800289    -6.39771011    -6.40800289    -6.16268081
      177     0.00990525    -6.40901316    -6.39910791    -6.40901316    -6.16157364
      178     0.00952581    -6.40995447    -6.40042866    -6.40995447    -6.16056752
      179     0.00915714    -6.41083138    -6.40167424    -6.41083138    -6.15965502
      180     0.00880062    -6.41164777    -6.40284715    -6.41164777    -6.15882965
      181     0.00845671    -6.41240693    -6.40395022    -6.41240693    -6.15808556
      182     0.00812533    -6.41311173    -6.40498640    -6.41311173    -6.15741746
      183     0.00780588    -6.41376471    -6.40595883    -6.41376471    -6.15682048
      184     0.00749778    -6.41436819    -6.40687041    -6.41436819    -6.15629016
      185     0.00720050    -6.41492432    -6.40772382    -6.41492432    -6.15582232
      186     0.00691337    -6.41543517    -6.40852180    -6.41543517    -6.15541304
      187     0.00663577    -6.41590277    -6.40926700    -6.41590277    -6.15505865
      188     0.00636719    -6.41632911    -6.40996192    -6.41632911    -6.15475572
      189     0.00610723    -6.41671616    -6.41060893    -6.41671616    -6.15450098
      190     0.00585551    -6.41706590    -6.41121039    -6.41706590    -6.15429136
      191     0.00561183    -6.41738030    -6.41176847    -6.41738030    -6.15412388
      192     0.00537608    -6.41766133    -6.41228525    -6.41766133    -6.15399573
      193     0.00514811    -6.41791090    -6.41276279    -6.41791090    -6.15390416
      194     0.00492780    -6.41813092    -6.41320312    -6.41813092    -6.15384652
      195     0.00471503    -6.41832322    -6.41360819    -6.41832322    -6.15382021
      196     0.00450972    -6.41848957    -6.41397985    -6.41848957    -6.15382268
      197     0.00431175    -6.41863169    -6.41431994    -6.41863169    -6.15385142
      198     0.00412102    -6.41875120    -6.41463018    -6.41875120    -6.15390394
      199     0.00393743    -6.41884965    -6.41491222    -6.41884965    -6.15397781
      200     0.00376086    -6.41892853    -6.41516767    -6.41892853    -6.15407063
      201     0.00359117    -6.41898922    -6.41539805    -6.41898922    -6.15418004
      202     0.00342827    -6.41903306    -6.41560479    -6.41903306    -6.15430377
      203     0.00327203    -6.41906131    -6.41578928    -6.41906131    -6.15443958
      204     0.00312235    -6.41907521    -6.41595286    -6.41907521    -6.15458535
      205     0.00297914    -6.41907591    -6.41609677    -6.41907591    -6.15473905
      206     0.00284233    -6.41906454    -6.41622221    -6.41906454    -6.15489875
      207     0.00271187    -6.41904217    -6.41633030    -6.41904217    -6.15506265
      208     0.00258773    -6.41900986    -6.41642213    -6.41900986    -6.15522905
      209     0.00246990    -6.41896862    -6.41649872    -6.41896862    -6.15539641
      210     0.00235837    -6.41891941    -6.41656104    -6.41891941    -6.15556327
      211     0.00225319    -6.41886317    -6.41660998    -6.41886317    -6.15572835
      212     0.00215439    -6.41880079    -6.41664640    -6.41880079    -6.15589044
      213     0.00206202    -6.41873310    -6.41667108    -6.41873310    -6.15604847
      214     0.00197614    -6.41866089    -6.41668475    -6.41866089    -6.15620147
      215     0.00189683    -6.41858490    -6.41668807    -6.41858490    -6.15634857
      216     0.00182415    -6.41850578    -6.41668163    -6.41850578    -6.15648900
      217     0.00175817    -6.41842414    -6.41666597    -6.41842414    -6.15662206
      218     0.00169898    -6.41834052    -6.41664154    -6.41834052    -6.15674713
      219     0.00164662    -6.41825538    -6.41660876    -6.41825538    -6.15686366
      220     0.00160117    -6.41816913    -6.41656796    -6.41816913    -6.15697116
      221     0.00156274    -6.41808209    -6.41651935    -6.41808209    -6.15706919
      222     0.00153144    -6.41799454    -6.41646310    -6.41799454    -6.15715736
      223     0.00150738    -6.41790669    -6.41639931    -6.41790669    -6.15723532
      224     0.00149067    -6.41781868    -6.41632801    -6.41781868    -6.15730279
      225     0.00148146    -6.41773063    -6.41624917    -6.41773063    -6.15735951
      226     0.00147989    -6.41764258    -6.41616269    -6.41764258    -6.15740528
      227     0.00148616    -6.41755458    -6.41606842    -6.41755458    -6.15743995
      228     0.00150046    -6.41746660    -6.41596614    -6.41746660    -6.15746343
      229     0.00152303    -6.41737863    -6.41585560    -6.41737863    -6.15747570
      230     0.00155413    -6.41729062    -6.41573649    -6.41729062    -6.15747683
      231     0.00159408    -6.41720254    -6.41560846    -6.41720254    -6.15746696
      232     0.00164324    -6.41711435    -6.41547111    -6.41711435    -6.15744637
      233     0.00170202    -6.41702602    -6.41532400    -6.41702602    -6.15741544
      234     0.00177089    -6.41693753    -6.41516664    -6.41693753    -6.15737470
      235     0.00185040    -6.41684889    -6.41499849    -6.41684889    -6.15732486
      236     0.00194117    -6.41676011    -6.41481894    -6.41676011    -6.15726678
      237     0.00204389    -6.41667125    -6.41462736    -6.41667125    -6.15720151
      238     0.00215931    -6.41658234    -6.41442303    -6.41658234    -6.15713031
      239     0.00228825    -6.41649344    -6.41420519    -6.41649344    -6.15705461
      240     0.00243154    -6.41640458    -6.41397304    -6.41640458    -6.15697605
      241     0.00259004    -6.41631577    -6.41372573    -6.41631577    -6.15689644
      242     0.00276457    -6.41622696    -6.41346239    -6.41622696    -6.15681778
      243     0.00295584    -6.41613806    -6.41318222    -6.41613806    -6.15674220
      244     0.00316448    -6.41604887    -6.41288439    -6.41604887    -6.15667197
      245     0.00339088    -6.41595908    -6.41256820    -6.41595908    -6.15660943
      246     0.00363518    -6.41586826    -6.41223308    -6.41586826    -6.15655702
      247     0.00389719    -6.41577585    -6.41187866    -6.41577585    -6.15651720
      248     0.00417630    -6.41568114    -6.41150484    -6.41568114    -6.15649243
      249     0.00447147    -6.41558329    -6.41111182    -6.41558329    -6.15648512
      250     0.00478117    -6.41548132    -6.41070015    -6.41548132    -6.15649763
      251     0.00510333    -6.41537414    -6.41027081    -6.41537414    -6.15653222
      252     0.00543525    -6.41526056    -6.40982531    -6.41526056    -6.15659100
      253     0.00577368    -6.41513930    -6.40936562    -6.41513930    -6.15667592
      254     0.00611476    -6.41500908    -6.40889432    -6.41500908    -6.15678869
      255     0.00645412    -6.41486857    -6.40841445    -6.41486857    -6.15693078
      256     0.00678688    -6.41471650    -6.40792962    -6.41471650    -6.15710326
      257     0.00710776    -6.41455162    -6.40744386    -6.41455162    -6.15730692
      258     0.00741124    -6.41437278    -6.40696154    -6.41437278    -6.15754206
      259     0.00769164    -6.41417891    -6.40648727    -6.41417891    -6.15780854
      260     0.00794336    -6.41396906    -6.40602570    -6.41396906    -6.15810571
      261     0.00816099    -6.41374243    -6.40558144    -6.41374243    -6.15843231
      262     0.00833953    -6.41349830    -6.40515877    -6.41349830    -6.15878660
      263     0.00847454    -6.41323616    -6.40476162    -6.41323616    -6.15916622
      264     0.00856229    -6.41295562    -6.40439333    -6.41295562    -6.15956829
      265     0.00859996    -6.41265649    -6.40405653    -6.41265649    -6.15998942
      266     0.00858591    -6.41233875    -6.40375284    -6.41233875    -6.16042582
      267     0.00851950    -6.41200261    -6.40348311    -6.41200261    -6.16087330
      268     0.00840153    -6.41164855    -6.40324702    -6.41164855    -6.16132741
      269     0.00823420    -6.41127736    -6.40304316    -6.41127736    -6.16178362
      270     0.00802083    -6.41089018    -6.40286935    -6.41089018    -6.16223734
      271     0.00776590    -6.41048853    -6.40272263    -6.41048853    -6.16268408
      272     0.00747491    -6.41007446    -6.40259955    -6.41007446    -6.16311952
      273     0.00715424    -6.40965048    -6.40249624    -6.40965048    -6.16353955
      274     0.00681096    -6.40921968    -6.40240872    -6.40921968    -6.16394037
      275     0.00645266    -6.40878574    -6.40233308    -6.40878574    -6.16431839
      276     0.00608727    -6.40835291    -6.40226564    -6.40835291    -6.16467031
      277     0.00572292    -6.40792603    -6.40220311    -6.40792603    -6.16499298
      278     0.00536780    -6.40751046    -6.40214266    -6.40751046    -6.16528339
      279     0.00503010    -6.40711200    -6.40208190    -6.40711200    -6.16553856
      280     0.00471793    -6.40673685    -6.40201892    -6.40673685    -6.16575544
      281     0.00443924    -6.40639139    -6.40195215    -6.40639139    -6.16593095
      282     0.00420166    -6.40608207    -6.40188041    -6.40608207    -6.16606186
      283     0.00401269    -6.40581525    -6.40180256    -6.40581525    -6.16614482
      284     0.00387953    -6.40559696    -6.40171743    -6.40559696    -6.16617646
      285     0.00380905    -6.40543266    -6.40162361    -6.40543266    -6.16615352
      286     0.00380763    -6.40532705    -6.40151942    -6.40532705    -6.16607295
      287     0.00388106    -6.40528393    -6.40140287    -6.40528393    -6.16593203
      288     0.00403428    -6.40530586    -6.40127158    -6.40530586    -6.16572876
      289     0.00427114    -6.40539418    -6.40112304    -6.40539418    -6.16546181
      290     0.00459404    -6.40554881    -6.40095477    -6.40554881    -6.16513079
      291     0.00500358    -6.40576833    -6.40076475    -6.40576833    -6.16473628
      292     0.00549801    -6.40604993    -6.40055192    -6.40604993    -6.16427991
      293     0.00607285    -6.40638954    -6.40031669    -6.40638954    -6.16376433
      294     0.00672031    -6.40678198    -6.40006167    -6.40678198    -6.16319315
      295     0.00742886    -6.40722106    -6.39979220    -6.40722106    -6.16257088
      296     0.00818300    -6.40769985    -6.39951685    -6.40769985    -6.16190280
      297     0.00896303    -6.40821080    -6.39924777    -6.40821080    -6.16119487
      298     0.00974511    -6.40874594    -6.39900083    -6.40874594    -6.16045372
      299     0.01050208    -6.40929698    -6.39879490    -6.40929698    -6.15968661
      300     0.01120442    -6.40985563    -6.39865121    -6.40985563    -6.15890134
