#     Density Matrix: coherence Re-Im; see the manual for detail orders
        0     0.00000000     0.00000000     0.00000000     0.00000000     0.00000000     0.00000000
        1     0.00000008    -0.00000007     0.00013603    -0.00020892     0.00041100    -0.00011853
        2     0.00000013    -0.00000012    -0.00008588    -0.00029672     0.00026374    -0.00052793
        3    -0.00000019     0.00000058     0.00013431    -0.00034787    -0.00163474    -0.00007528
        4    -0.00000071     0.00000234    -0.00008430    -0.00046465    -0.00461854     0.00235705
        5    -0.00000429     0.00000277     0.00012393    -0.00046151    -0.00792178     0.00715888
        6    -0.00000811     0.00000837    -0.00007450    -0.00062578    -0.01165981     0.01434682
        7    -0.00001487     0.00000738     0.00009221    -0.00053632    -0.01797283     0.02461597
        8    -0.00003004     0.00002757    -0.00004083    -0.00075650    -0.03410883     0.04143271
        9    -0.00004839     0.00005141     0.00002497    -0.00058004    -0.09071597     0.07830253
       10    -0.00016669     0.00038640    -0.00006046    -0.00066943    -0.39528848     0.21458753
       11    -0.00022908    -0.00010476     0.00029819    -0.00034181    -0.12073994     0.40690613
       12    -0.00061481    -0.00084937     0.00006709    -0.00136315     0.37695274     0.30216898
       13    -0.00033951     0.00033517    -0.00056965     0.00037975     0.46054202     0.08904047
       14     0.00074447    -0.00033245     0.00094530    -0.00079959     0.44117544    -0.12786198
       15    -0.00014620    -0.00075732    -0.00096315    -0.00072251     0.33649395    -0.30508214
       16    -0.00007172     0.00044818     0.00060383     0.00037988     0.17758305    -0.41663888
       17     0.00093551     0.00008763     0.00013166    -0.00145922    -0.00153656    -0.45441091
       18     0.00005817    -0.00049530    -0.00073642     0.00020168    -0.17158196    -0.42446143
       19    -0.00027641     0.00067688     0.00102406    -0.00037626    -0.31174393    -0.34159922
       20     0.00076870     0.00055797    -0.00058862    -0.00124075    -0.41056367    -0.22430921
       21     0.00005752    -0.00037692    -0.00017905     0.00050024    -0.46492571    -0.09062685
       22    -0.00072068     0.00063428     0.00088066    -0.00093317    -0.47763339     0.04431188
       23     0.00042475     0.00091283    -0.00091308    -0.00090230    -0.45519860     0.16909760
       24     0.00018103    -0.00041195     0.00009946     0.00053465    -0.40605172     0.27633831
       25    -0.00105644     0.00020518     0.00064945    -0.00103635    -0.33872487     0.36224885
       26    -0.00003659     0.00108149    -0.00095564    -0.00063119    -0.26099960     0.42553059
       27     0.00044446    -0.00031855     0.00013441     0.00051594    -0.17969786     0.46642634
       28    -0.00106091    -0.00036242     0.00050550    -0.00085668    -0.10073976     0.48611377
       29    -0.00056067     0.00105063    -0.00080916    -0.00049527    -0.02902238     0.48650692
       30     0.00069874     0.00008493    -0.00002616     0.00049705     0.03167166     0.47037997
       31    -0.00060382    -0.00090973     0.00049134    -0.00046989     0.07866024     0.44171344
       32    -0.00118681     0.00063868    -0.00051885    -0.00054306     0.11260509     0.41008416
       33     0.00053642     0.00071552    -0.00025681     0.00038966     0.13808900     0.38631349
       34     0.00017472    -0.00086813     0.00044734    -0.00009313     0.15954743     0.37490548
       35    -0.00114230    -0.00014930    -0.00019508    -0.00059278     0.18095372     0.37772176
       36    -0.00018023     0.00076211    -0.00046244     0.00011903     0.20641129     0.39378876
       37     0.00014105    -0.00011138     0.00020589     0.00006385     0.27746982     0.40643210
       38    -0.00015337     0.00025379    -0.00051118    -0.00034423    -0.01844117     0.39051355
       39     0.00023122     0.00015237    -0.00044831     0.00035820    -0.12022143     0.37285319
       40     0.00001888    -0.00011390     0.00022947     0.00012093    -0.11537590     0.35359114
       41    -0.00014556     0.00010415    -0.00013266    -0.00041761    -0.10677007     0.33321619
       42     0.00009855     0.00018297    -0.00054691     0.00010051    -0.09979447     0.31251059
       43     0.00012561    -0.00006227     0.00005249     0.00040343    -0.09881289     0.29213536
       44    -0.00009167    -0.00003314     0.00020167    -0.00022112    -0.11074354     0.27241045
       45     0.00003426     0.00013354    -0.00039870    -0.00012548    -0.15569073     0.25269652
       46     0.00016296    -0.00020020    -0.00005454     0.00046453    -0.35626233     0.22710292
       47    -0.00030027    -0.00013488     0.00033850    -0.00000186    -0.45455673     0.20768456
       48     0.00019257     0.00024953    -0.00016402    -0.00006588    -0.36899428     0.21548802
       49     0.00053151    -0.00048040    -0.00007335     0.00033590    -0.31791162     0.22667457
       50    -0.00042235    -0.00065793     0.00033510     0.00010257    -0.28530201     0.24137726
       51    -0.00041352     0.00038570     0.00000621    -0.00024333    -0.25521599     0.25928034
       52     0.00058027     0.00010781    -0.00018546     0.00016275    -0.22103558     0.27941510
       53     0.00000786    -0.00078250     0.00027207     0.00016579    -0.17946351     0.29994605
       54    -0.00078043    -0.00010361     0.00015344    -0.00027171    -0.12840250     0.31799502
       55     0.00001512     0.00054575    -0.00020757    -0.00003558    -0.06682602     0.32963521
       56     0.00053810    -0.00040261     0.00015521     0.00019988     0.00497949     0.32990413
       57    -0.00047815    -0.00086527     0.00026104    -0.00025308     0.08434349     0.31298894
       58    -0.00075873     0.00020260    -0.00020488    -0.00019620     0.16564255     0.27373431
       59     0.00041508     0.00035590     0.00002956     0.00019536     0.24136726     0.20981143
       60     0.00048067    -0.00083755     0.00027988    -0.00022183     0.30194648     0.12121170
       61    -0.00062366    -0.00074201    -0.00023152    -0.00029628     0.33719903     0.01263540
       62    -0.00030820     0.00037794    -0.00007522     0.00018871     0.33942569    -0.10544670
       63     0.00083081     0.00003688     0.00031875    -0.00020572     0.30837466    -0.21792017
       64     0.00045628    -0.00091349    -0.00020903    -0.00046955     0.25582185    -0.30993336
       65    -0.00043833    -0.00041135    -0.00032066     0.00010447     0.20581181    -0.37453175
       66     0.00003821     0.00061212     0.00036543     0.00012554     0.17334946    -0.41686906
       67     0.00115541     0.00043039     0.00048322    -0.00065088     0.12741700    -0.44112401
       68     0.00111249    -0.00071566    -0.00033627    -0.00069408     0.05192676    -0.43185390
       69    -0.00029230    -0.00073865    -0.00032579     0.00016921    -0.03881281    -0.37834050
       70    -0.00041083     0.00078237     0.00031033     0.00002353    -0.12414461    -0.28710952
       71     0.00099995     0.00068325    -0.00006837    -0.00031143    -0.17881874    -0.16864782
       72     0.00051365    -0.00083394    -0.00013233     0.00013613    -0.18180533    -0.04092264
       73    -0.00103049    -0.00024321     0.00014858    -0.00003915    -0.12513579     0.06630766
       74    -0.00018532     0.00101541    -0.00011785    -0.00004679    -0.02391146     0.11807992
       75     0.00099983    -0.00016252     0.00009733     0.00008163     0.08017398     0.09308716
       76    -0.00026328    -0.00114357    -0.00003000    -0.00015847     0.13426687     0.00538790
       77    -0.00087200     0.00035293    -0.00006212     0.00012229     0.10735733    -0.09316817
       78     0.00075237     0.00074852     0.00012019    -0.00009653     0.01585552    -0.14078793
       79     0.00072580    -0.00087831    -0.00015622    -0.00000449    -0.08225257    -0.10594621
       80    -0.00096636    -0.00048798     0.00011637     0.00007107    -0.12303497    -0.01021247
       81    -0.00023573     0.00101060    -0.00006645    -0.00010097    -0.07895544     0.08273836
       82     0.00103937    -0.00019180     0.00004109     0.00011063     0.01873147     0.10808939
       83    -0.00039691    -0.00116341     0.00001744    -0.00013462     0.09735273     0.04816674
       84    -0.00083787     0.00049850    -0.00005692     0.00009088     0.09627515    -0.04911248
       85     0.00093109     0.00048329     0.00006792    -0.00009056     0.01753708    -0.10460106
       86     0.00036212    -0.00115918    -0.00011221     0.00005888    -0.07253928    -0.07273167
       87     0.00000000     0.00000000     0.00000000     0.00000000     0.00000000     0.00000000
       88     0.00016014    -0.00021630    -0.00000002     0.00000002    -0.00008087    -0.00001428
       89    -0.00008368    -0.00031695     0.00000016     0.00000018    -0.00066900     0.00033613
       90    -0.00008105    -0.00007531     0.00000020    -0.00000002    -0.00120793     0.00131257
       91     0.00016434    -0.00018643     0.00000029     0.00000064    -0.00116283     0.00257456
       92    -0.00000495    -0.00040714     0.00000142     0.00000021    -0.00055200     0.00347824
       93    -0.00013312    -0.00020111     0.00000074    -0.00000050     0.00004761     0.00370538
       94     0.00012705    -0.00018364     0.00000067     0.00000045     0.00005444     0.00358967
       95     0.00007542    -0.00046618     0.00000174     0.00000054    -0.00054889     0.00381084
       96    -0.00014665    -0.00035283     0.00000185    -0.00000028    -0.00118800     0.00473609
       97     0.00006302    -0.00022113     0.00000126     0.00000066    -0.00125515     0.00606043
       98     0.00013929    -0.00050136     0.00000346     0.00000134    -0.00070450     0.00710634
       99    -0.00012204    -0.00051400     0.00000386    -0.00000087    -0.00009229     0.00749059
      100    -0.00001370    -0.00030544     0.00000229    -0.00000010    -0.00000206     0.00748182
      101     0.00017456    -0.00052013     0.00000392     0.00000162    -0.00053241     0.00771300
      102    -0.00006143    -0.00066540     0.00000581     0.00000029    -0.00122645     0.00861921
      103    -0.00009201    -0.00043524     0.00000450    -0.00000028    -0.00147323     0.01003291
      104     0.00016315    -0.00051924     0.00000572     0.00000242    -0.00109307     0.01135810
      105     0.00003096    -0.00077193     0.00000935     0.00000075    -0.00048442     0.01213291
      106    -0.00014275    -0.00060538     0.00000757    -0.00000163    -0.00024186     0.01244105
      107     0.00009129    -0.00052268     0.00000664     0.00000149    -0.00061099     0.01281060
      108     0.00012627    -0.00080060     0.00001083     0.00000277    -0.00129590     0.01372300
      109    -0.00013185    -0.00078494     0.00001218    -0.00000062    -0.00176553     0.01521272
      110    -0.00003808    -0.00055887     0.00000950     0.00000029    -0.00167514     0.01687647
      111     0.00018227    -0.00072890     0.00001306     0.00000413    -0.00111042     0.01819224
      112    -0.00002910    -0.00092453     0.00001753    -0.00000003    -0.00056503     0.01893627
      113    -0.00016633    -0.00067548     0.00001315    -0.00000292    -0.00044531     0.01935748
      114     0.00012807    -0.00061702     0.00001217     0.00000302    -0.00076575     0.01987206
      115     0.00013841    -0.00094197     0.00001939     0.00000403    -0.00122762     0.02075720
      116    -0.00020179    -0.00088229     0.00001969    -0.00000311    -0.00149774     0.02196486
      117    -0.00009613    -0.00053614     0.00001259    -0.00000150    -0.00136736     0.02323284
      118     0.00024186    -0.00070519     0.00001687     0.00000631    -0.00066115     0.02413991
      119     0.00003348    -0.00103075     0.00002509     0.00000064     0.00017171     0.02432021
      120    -0.00026387    -0.00077930     0.00001852    -0.00000681     0.00062196     0.02396567
