#    Non-Adiabatic Coupling Matrix Elements: off-diagonal
         0    -0.00002003
         1    -0.00002366
         2    -0.00002657
         3    -0.00002870
         4    -0.00003003
         5    -0.00003057
         6    -0.00003031
         7    -0.00002930
         8    -0.00002759
         9    -0.00002521
        10    -0.00002225
        11    -0.00001874
        12    -0.00001476
        13    -0.00001038
        14    -0.00000566
        15    -0.00000067
        16     0.00000450
        17     0.00000986
        18     0.00001514
        19     0.00002029
        20     0.00002517
        21     0.00002963
        22     0.00003335
        23     0.00003653
        24     0.00003888
        25     0.00004033
        26     0.00099428
        27     0.00070753
        28     0.00067392
        29     0.00069121
        30     0.00072053
        31     0.00075082
        32     0.00077791
        33     0.00080040
        34     0.00081790
        35     0.00083056
        36     0.00083856
        37     0.00084214
        38     0.00084151
        39     0.00083684
        40     0.00082832
        41     0.00081615
        42     0.00080063
        43     0.00078212
        44     0.00076105
        45     0.00073787
        46     0.00071304
        47     0.00068702
        48     0.00066022
        49     0.00063300
        50     0.00060584
        51     0.00057867
        52     0.00055190
        53     0.00052570
        54     0.00050025
        55     0.00047567
        56     0.00045209
        57     0.00042957
        58     0.00040818
        59     0.00038794
        60     0.00036886
        61     0.00035091
        62     0.00033404
        63     0.00031816
        64     0.00030316
        65     0.00028892
        66     0.00027529
        67     0.00026212
        68     0.00024923
        69     0.00023646
        70     0.00022362
        71     0.00021055
        72     0.00019708
        73     0.00018305
        74     0.00016835
        75     0.00015287
        76     0.00013652
        77     0.00011925
        78     0.00010104
        79     0.00008190
        80     0.00006187
        81     0.00004100
        82     0.00001937
        83    -0.00000290
        84    -0.00002569
        85    -0.00004887
        86    -0.00007264
        87    -0.00009613
        88    -0.00011951
        89    -0.00014260
        90    -0.00016521
        91    -0.00018714
        92    -0.00020820
        93    -0.00022822
        94    -0.00024703
        95    -0.00026448
        96    -0.00028044
        97    -0.00029482
        98    -0.00030756
        99    -0.00031862
       100    -0.00032801
       101    -0.00033577
       102    -0.00034195
       103    -0.00034665
       104    -0.00034996
       105    -0.00035202
       106    -0.00035294
       107    -0.00035288
       108    -0.00035196
       109    -0.00035032
       110    -0.00034811
       111    -0.00034546
       112    -0.00034249
       113    -0.00033933
       114    -0.00033611
       115    -0.00033293
       116    -0.00032990
       117    -0.00032711
       118    -0.00032466
       119    -0.00032261
       120    -0.00032101
       121    -0.00031992
       122    -0.00031938
       123    -0.00031940
       124    -0.00032003
       125    -0.00032127
       126    -0.00032317
       127    -0.00032574
       128    -0.00032907
       129    -0.00033323
       130    -0.00033832
       131    -0.00034451
       132    -0.00035089
       133    -0.00036012
       134    -0.00037130
       135    -0.00038484
       136    -0.00040129
       137    -0.00042127
       138    -0.00044557
       139    -0.00047517
       140    -0.00051125
       141    -0.00055530
       142    -0.00060915
       143    -0.00067510
       144    -0.00075602
       145    -0.00085554
       146    -0.00097826
       147    -0.00113008
       148    -0.00131861
       149    -0.00155412
       150    -0.00184830
       151    -0.00221742
       152    -0.00268078
       153    -0.00325999
       154    -0.00397471
       155    -0.00483202
       156    -0.00580514
       157    -0.00680207
       158    -0.00764389
       159    -0.00809994
       160    -0.00800994
       161    -0.01175179
       162    -0.00897901
       163    -0.00645119
       164    -0.00454131
       165    -0.00318391
       166    -0.00222719
       167    -0.00154394
       168    -0.00104546
       169    -0.00067298
       170    -0.00038783
       171    -0.00016431
       172     0.00001490
       173     0.00016172
       174     0.00028492
       175     0.00038971
       176     0.00048085
       177     0.00056161
       178     0.00063448
       179     0.00070143
       180     0.00076415
       181     0.00082386
       182     0.00088177
       183     0.00093892
       184     0.00099599
       185     0.00105481
       186     0.00111670
       187     0.00118306
       188     0.00125602
       189     0.00133748
       190     0.00143062
       191     0.00153923
       192     0.00166810
       193     0.00182295
       194     0.00200973
       195     0.00223178
       196     0.00248187
       197     0.00272538
       198     0.00288155
       199     0.00284779
       200     0.00259645
       201     0.00221932
       202     0.00183129
       203     0.00149346
       204     0.00121984
       205     0.00100406
       206     0.00083483
       207     0.00070158
       208     0.00059582
       209     0.00051110
       210     0.00044257
       211     0.00038660
       212     0.00034048
       213     0.00030214
       214     0.00027000
       215     0.00024285
       216     0.00021975
       217     0.00019976
       218     0.00018273
       219     0.00016796
       220     0.00015510
       221     0.00014384
       222     0.00013395
       223     0.00012521
       224     0.00011748
       225     0.00011060
       226     0.00010447
       227     0.00009918
       228     0.00009421
       229     0.00008974
       230     0.00008567
       231     0.00008174
       232     0.00007828
       233     0.00007505
       234     0.00007201
       235     0.00006911
       236     0.00006630
       237     0.00006357
       238     0.00006086
       239     0.00005815
       240     0.00005542
       241     0.00005265
       242     0.00004982
       243     0.00004691
       244     0.00004392
       245     0.00004083
       246     0.00003764
       247     0.00003435
       248     0.00003096
       249     0.00002748
       250     0.00002391
       251     0.00002026
       252     0.00001654
       253     0.00001277
       254     0.00000895
       255     0.00000510
       256     0.00000124
       257    -0.00000262
       258    -0.00000647
       259    -0.00001028
       260    -0.00001404
       261    -0.00001774
       262    -0.00002136
       263    -0.00002490
       264    -0.00002833
       265    -0.00003166
       266    -0.00003488
       267    -0.00003797
       268    -0.00004095
       269    -0.00004379
       270    -0.00004652
       271    -0.00004913
       272    -0.00005162
       273    -0.00005401
       274    -0.00005631
       275    -0.00005852
       276    -0.00006066
       277    -0.00006275
       278    -0.00006479
       279    -0.00006681
       280    -0.00006882
       281    -0.00007084
       282    -0.00007290
       283    -0.00007514
       284    -0.00007730
       285    -0.00007949
       286    -0.00008190
       287    -0.00008421
       288    -0.00008680
       289    -0.00008954
       290    -0.00009246
       291    -0.00009557
       292    -0.00009887
       293    -0.00010238
       294    -0.00010611
       295    -0.00011007
       296    -0.00011426
       297    -0.00011866
       298    -0.00012344
       299    -0.00012823
       300    -0.00013317
