#    Non-Adiabatic Coupling Matrix Elements: off-diagonal
         0     0.00006563
         1     0.00022012
         2     0.00039678
         3     0.00059853
         4     0.00081360
         5     0.00101216
         6     0.00115491
         7     0.00121530
         8     0.00119774
         9     0.00112932
        10     0.00103980
        11     0.00094927
        12     0.00086722
        13     0.00079433
        14     0.00072678
        15     0.00065739
        16     0.00057907
        17     0.00048701
        18     0.00038021
        19     0.00026175
        20     0.00013799
        21     0.00001694
        22    -0.00009345
        23    -0.00018682
        24    -0.00025937
        25    -0.00031012
        26    -0.00034058
        27    -0.00035436
        28    -0.00035489
        29    -0.00034562
        30    -0.00032827
        31    -0.00030414
        32    -0.00027322
        33    -0.00023636
        34    -0.00019584
        35    -0.00015527
        36    -0.00011861
        37    -0.00008876
        38    -0.00006664
        39    -0.00005090
        40    -0.00003838
        41    -0.00002491
        42    -0.00000632
        43     0.00002034
        44     0.00005554
        45     0.00009693
        46     0.00014012
        47     0.00018041
        48     0.00021484
        49     0.00024179
        50     0.00026108
        51     0.00027202
        52     0.00027284
        53     0.00025968
        54     0.00022948
        55     0.00017968
        56     0.00011045
        57     0.00002513
        58    -0.00006992
        59    -0.00016631
        60    -0.00025512
        61    -0.00032844
        62    -0.00038058
        63    -0.00040877
        64    -0.00041317
        65    -0.00039625
        66    -0.00036193
        67    -0.00031366
        68    -0.00025461
        69    -0.00018668
        70    -0.00011080
        71    -0.00002741
        72     0.00006264
        73     0.00015734
        74     0.00025299
        75     0.00034448
        76     0.00042550
        77     0.00049095
        78     0.00053732
        79     0.00056383
        80     0.00057270
        81     0.00056842
        82     0.00055680
        83     0.00054307
        84     0.00053079
        85     0.00052022
        86     0.00050830
        87     0.00048911
        88     0.00045523
        89     0.00039987
        90     0.00031916
        91     0.00021362
        92     0.00008860
        93    -0.00004685
        94    -0.00018156
        95    -0.00030425
        96    -0.00040525
        97    -0.00047786
        98    -0.00051899
        99    -0.00052930
       100    -0.00051271
       101    -0.00047575
       102    -0.00042656
       103    -0.00037366
       104    -0.00032466
       105    -0.00028510
       106    -0.00025743
       107    -0.00024067
       108    -0.00023075
       109    -0.00022193
       110    -0.00020859
       111    -0.00018688
       112    -0.00015553
       113    -0.00011590
       114    -0.00007119
       115    -0.00002539
       116     0.00001798
       117     0.00005690
       118     0.00009141
       119     0.00012341
       120     0.00015586
       121     0.00019163
       122     0.00023235
       123     0.00027780
       124     0.00032537
       125     0.00037018
       126     0.00040555
       127     0.00042403
       128     0.00041890
       129     0.00038580
       130     0.00032425
       131     0.00023900
       132     0.00014024
       133     0.00004273
       134    -0.00003743
       135    -0.00008518
       136    -0.00009123
       137    -0.00005311
       138     0.00002427
       139     0.00012984
       140     0.00024837
       141     0.00036289
       142     0.00045796
       143     0.00051947
       144     0.00054115
       145     0.00052294
       146     0.00046913
       147     0.00038734
       148     0.00028422
       149     0.00016304
       150     0.00002284
       151    -0.00014245
       152    -0.00034237
       153    -0.00058890
       154    -0.00089408
       155    -0.00126752
       156    -0.00171370
       157    -0.00222909
       158    -0.00279866
       159    -0.00338904
       160    -0.00393696
       161    -0.00434087
       162    -0.00448072
       163    -0.00428260
       164    -0.00378585
       165    -0.00312149
       166    -0.00242831
       167    -0.00180077
       168    -0.00127863
       169    -0.00086883
       170    -0.00056389
       171    -0.00035227
       172    -0.00022293
       173    -0.00016626
       174    -0.00017340
       175    -0.00023499
       176    -0.00033999
       177    -0.00047500
       178    -0.00062416
       179    -0.00076964
       180    -0.00089165
       181    -0.00097200
       182    -0.00099548
       183    -0.00095235
       184    -0.00083886
       185    -0.00065461
       186    -0.00039848
       187    -0.00006341
       188     0.00036865
       189     0.00093043
       190     0.00166830
       191     0.00262487
       192     0.00377633
       193     0.00490251
       194     0.00553098
       195     0.00530193
       196     0.00442732
       197     0.00340239
       198     0.00252158
       199     0.00184341
       200     0.00132730
       201     0.00091528
       202     0.00055717
       203     0.00021258
       204    -0.00015296
       205    -0.00057145
       206    -0.00107251
       207    -0.00167612
       208    -0.00237370
       209    -0.00309656
       210    -0.00369617
       211    -0.00399011
       212    -0.00389257
       213    -0.00348833
       214    -0.00294812
       215    -0.00240548
       216    -0.00191883
       217    -0.00149547
       218    -0.00112344
       219    -0.00078917
       220    -0.00048494
       221    -0.00020930
       222     0.00003547
       223     0.00024519
       224     0.00041778
       225     0.00055066
       226     0.00064307
       227     0.00069505
       228     0.00070792
       229     0.00068408
       230     0.00062747
       231     0.00054388
       232     0.00044097
       233     0.00032770
       234     0.00021332
       235     0.00010660
       236     0.00001458
       237    -0.00005738
       238    -0.00010634
       239    -0.00013192
       240    -0.00013625
       241    -0.00012354
       242    -0.00009937
       243    -0.00006994
       244    -0.00004134
       245    -0.00001917
       246    -0.00000810
       247    -0.00001160
       248    -0.00003155
       249    -0.00006797
       250    -0.00011874
       251    -0.00017974
       252    -0.00024528
       253    -0.00030856
       254    -0.00036242
       255    -0.00040025
       256    -0.00041697
       257    -0.00041001
       258    -0.00037980
       259    -0.00032946
       260    -0.00026390
       261    -0.00018889
       262    -0.00011016
       263    -0.00003370
       264     0.00003498
       265     0.00009024
       266     0.00012657
       267     0.00013927
       268     0.00012520
       269     0.00008391
       270     0.00001818
       271    -0.00006611
       272    -0.00016077
       273    -0.00025656
       274    -0.00034462
       275    -0.00041790
       276    -0.00047192
       277    -0.00050537
       278    -0.00051926
       279    -0.00051658
       280    -0.00050140
       281    -0.00047806
       282    -0.00045130
       283    -0.00042510
       284    -0.00040360
       285    -0.00039041
       286    -0.00038806
       287    -0.00039654
       288    -0.00041379
       289    -0.00043347
       290    -0.00044685
       291    -0.00044407
       292    -0.00041607
       293    -0.00035662
       294    -0.00026374
       295    -0.00014001
       296     0.00000820
       297     0.00017197
       298     0.00034089
       299     0.00050394
       300     0.00064997
       301     0.00076859
       302     0.00085086
       303     0.00089127
       304     0.00088818
       305     0.00084470
       306     0.00076841
       307     0.00067012
       308     0.00056210
       309     0.00045616
       310     0.00036219
       311     0.00028705
       312     0.00023390
       313     0.00020204
       314     0.00018755
       315     0.00018445
       316     0.00018599
       317     0.00018550
       318     0.00017694
       319     0.00015506
       320     0.00011494
       321     0.00005277
       322    -0.00003549
       323    -0.00015310
       324    -0.00030210
       325    -0.00048214
       326    -0.00068880
       327    -0.00091120
       328    -0.00112905
       329    -0.00130933
       330    -0.00140610
       331    -0.00136157
       332    -0.00111503
       333    -0.00061035
       334     0.00020062
       335     0.00135206
       336     0.00281765
       337     0.00436062
       338     0.00539380
       339     0.00537083
       340     0.00579521
       341     0.00360578
       342     0.00222199
       343     0.00147038
       344     0.00109048
       345     0.00092147
       346     0.00087347
       347     0.00089938
       348     0.00096351
       349     0.00103897
       350     0.00110125
       351     0.00112839
       352     0.00110482
       353     0.00102523
       354     0.00089597
       355     0.00073414
       356     0.00056069
       357     0.00039626
       358     0.00025724
       359     0.00015408
       360     0.00009125
       361     0.00006822
       362     0.00008097
       363     0.00012187
       364     0.00018279
       365     0.00025343
       366     0.00032213
       367     0.00037725
       368     0.00040918
       369     0.00041183
       370     0.00038281
       371     0.00032302
       372     0.00023636
       373     0.00012955
       374     0.00001210
       375    -0.00010458
       376    -0.00020880
       377    -0.00029071
       378    -0.00034409
       379    -0.00036732
       380    -0.00036337
       381    -0.00033904
       382    -0.00030353
       383    -0.00026682
       384    -0.00023985
       385    -0.00023074
       386    -0.00024522
       387    -0.00028566
       388    -0.00035156
       389    -0.00044053
       390    -0.00054950
       391    -0.00067546
       392    -0.00081573
       393    -0.00096753
       394    -0.00112751
       395    -0.00128930
       396    -0.00144172
       397    -0.00156427
       398    -0.00162636
       399    -0.00159572
       400    -0.00144935
       401    -0.00120606
       402    -0.00092716
       403    -0.00066602
       404    -0.00044442
       405    -0.00026399
       406    -0.00011847
       407     0.00000061
       408     0.00010154
       409     0.00019148
       410     0.00027618
       411     0.00036006
       412     0.00044579
       413     0.00053337
       414     0.00061849
       415     0.00069147
       416     0.00073790
       417     0.00074318
       418     0.00069951
       419     0.00060967
       420     0.00048378
       421     0.00033350
       422     0.00016805
       423    -0.00000594
       424    -0.00018282
       425    -0.00035603
       426    -0.00051688
       427    -0.00065444
       428    -0.00075683
       429    -0.00081435
       430    -0.00082290
       431    -0.00078688
       432    -0.00071800
       433    -0.00063066
       434    -0.00053696
       435    -0.00044400
       436    -0.00035375
       437    -0.00026439
       438    -0.00017271
       439    -0.00007576
       440     0.00002736
       441     0.00013573
       442     0.00024637
       443     0.00035476
       444     0.00045548
       445     0.00054230
       446     0.00060839
       447     0.00064689
       448     0.00065231
       449     0.00062256
       450     0.00056026
       451     0.00047231
       452     0.00036762
       453     0.00025512
       454     0.00014260
       455     0.00003627
       456    -0.00005938
       457    -0.00014155
       458    -0.00020936
       459    -0.00026321
       460    -0.00030463
       461    -0.00033492
       462    -0.00035524
       463    -0.00036669
       464    -0.00036972
       465    -0.00036429
       466    -0.00034934
       467    -0.00032295
       468    -0.00028269
       469    -0.00022638
       470    -0.00016200
       471    -0.00017076
       472    -0.00011870
       473     0.00002792
       474     0.00008548
