#    Step        Prob(0)        Prob(1)        Prob(2)        
        0    -0.00000000    -0.00000000     0.00000000
        1     0.00000003     0.00001413     0.00000000
        2     0.00000000     0.00001094     0.00000000
        3     0.00000000     0.00000000     0.00000000
        4     0.00000003     0.00001541     0.00000000
        5     0.00000000     0.00004590     0.00000000
        6     0.00000006     0.00005894     0.00000000
        7     0.00000002     0.00005308     0.00000000
        8     0.00000007     0.00008040     0.00000000
        9     0.00000007     0.00022184     0.00000000
       10     0.00000011     0.00056153     0.00000000
       11     0.00000013     0.00122210     0.00000000
       12     0.00000017     0.00250609     0.00000000
       13     0.00000020     0.00522766     0.00000000
       14     0.00000023     0.01151752     0.00000000
       15     0.00000023     0.02677568     0.00000000
       16     0.00000021     0.06279387     0.00000000
       17     0.00000011     0.13070608     0.00000000
       18     0.00000142     0.00000000     0.03171751
       19     0.00000000     0.00000000     0.00000000
       20     0.00000087     0.00000000     0.00000000
       21     0.00000032     0.00000000     0.00000000
       22     0.00000029     0.00000000     0.00000000
       23     0.00000058     0.00000000     0.00000000
       24     0.00000032     0.00000000     0.00000000
       25     0.00000043     0.00291602     0.00000000
       26     0.00000044     0.00500668     0.00000000
       27     0.00000039     0.00525737     0.00000000
       28     0.00000043     0.00465175     0.00000000
       29     0.00000039     0.00374646     0.00000000
       30     0.00000036     0.00283623     0.00000000
       31     0.00000038     0.00205459     0.00000000
       32     0.00000036     0.00144284     0.00000000
       33     0.00000032     0.00099459     0.00000000
       34     0.00000030     0.00068314     0.00000000
       35     0.00000027     0.00047556     0.00000000
       36     0.00000024     0.00034042     0.00000000
       37     0.00000021     0.00025295     0.00000000
       38     0.00000018     0.00019984     0.00000000
       39     0.00000015     0.00018697     0.00000000
       40     0.00000012     0.00026169     0.00000000
       41     0.00000009     0.00059901     0.00000000
       42     0.00000005     0.00191638     0.00000000
       43     0.00000000     0.00865679     0.00000000
       44     0.00000000     0.09704231     0.00000000
       45     0.00000017     0.99999983     0.00000000
       46     0.00000027     0.00000000     0.00000000
       47     0.00000103     0.00000000     0.00000000
       48     0.00000000     0.00000000     0.00000000
       49     0.00000000     0.00000000     0.00000000
       50     0.00000012     0.00000000     0.00000000
       51     0.00000033     0.00000000     0.00000000
       52     0.00000000     0.00000000     0.00000000
       53     0.00000000     0.00000000     0.00000000
       54     0.00000000     0.00000000     0.00000000
       55     0.00000000     0.00000000     0.00000000
       56     0.00000000     0.00000000     0.00000000
       57     0.00000000     0.00000000     0.00051215
       58     0.00000000     0.00000000     0.00115246
       59     0.00000000     0.00000000     0.00185719
       60     0.00000000     0.00000000     0.00260802
       61     0.00000000     0.00000000     0.00338110
       62     0.00000000     0.00000000     0.00414702
       63     0.00000038     0.00000000     0.00487193
       64     0.00000037     0.00000000     0.00551644
       65     0.00000045     0.00000000     0.00603433
       66     0.00000100     0.00000000     0.00637155
       67     0.00000165     0.00000000     0.00646663
       68     0.00000201     0.00000000     0.00625328
       69     0.00000224     0.00000000     0.00566626
       70     0.00000268     0.00000000     0.00465192
       71     0.00000325     0.00000000     0.00319020
       72     0.00000357     0.00000000     0.00130680
       73     0.00000354     0.00000000     0.00000000
       74     0.00000339     0.00000000     0.00000000
       75     0.00000323     0.00000000     0.00000000
       76     0.00000291     0.00000000     0.00000000
       77     0.00000232     0.00000000     0.00000000
       78     0.00000161     0.00000000     0.00000000
       79     0.00000104     0.00000000     0.00000000
       80     0.00000072     0.00000000     0.00000000
       81     0.00000064     0.00000000     0.00000000
       82     0.00000078     0.00000000     0.00243226
       83     0.00000118     0.00000000     0.00520305
       84     0.00000182     0.00000000     0.00680507
       85     0.00000253     0.00000000     0.00680770
       86     0.00000308     0.00000000     0.00518295
       87     0.00000331     0.00000000     0.00238558
       88     0.00000316     0.00000000     0.00000000
       89     0.00000272     0.00000000     0.00000000
       90     0.00000212     0.00000000     0.00000000
       91     0.00000153     0.00000000     0.00000000
       92     0.00000113     0.00000000     0.00000000
       93     0.00000100     0.00000000     0.00011260
       94     0.00000114     0.00000000     0.00189238
       95     0.00000142     0.00000000     0.00258875
       96     0.00000168     0.00000000     0.00207010
       97     0.00000180     0.00000000     0.00076465
       98     0.00000173     0.00000000     0.00000000
       99     0.00000152     0.00000000     0.00000000
      100     0.00000132     0.00000000     0.00000000
      101     0.00000122     0.00000000     0.00000000
      102     0.00000125     0.00000000     0.00038066
      103     0.00000139     0.00000000     0.00076462
      104     0.00000154     0.00000000     0.00059873
      105     0.00000163     0.00000000     0.00011824
      106     0.00000166     0.00000000     0.00000000
      107     0.00000167     0.00000000     0.00000000
      108     0.00000172     0.00000000     0.00000000
      109     0.00000185     0.00000000     0.00012863
      110     0.00000205     0.00000000     0.00023281
      111     0.00000227     0.00000000     0.00013074
      112     0.00000248     0.00000000     0.00000000
      113     0.00000271     0.00000000     0.00000000
      114     0.00000298     0.00000000     0.00000000
      115     0.00000334     0.00000000     0.00004073
      116     0.00000378     0.00000000     0.00007357
      117     0.00000430     0.00000000     0.00002924
      118     0.00000489     0.00000000     0.00000000
      119     0.00000558     0.00000000     0.00000000
      120     0.00000643     0.00000000     0.00000072
