#     Density Matrix: coherence Re-Im; see the manual for detail orders
        0     0.00000000     0.00000000
        1     0.00001055    -0.00005089
        2    -0.00001707    -0.00001284
        3     0.00001983    -0.00003264
        4    -0.00001844    -0.00003014
        5     0.00001578    -0.00001877
        6    -0.00000809    -0.00004418
        7     0.00000367    -0.00001720
        8     0.00000569    -0.00004869
        9    -0.00000610    -0.00002932
       10     0.00001180    -0.00004532
       11    -0.00000570    -0.00004506
       12     0.00000810    -0.00004345
       13     0.00000043    -0.00005295
       14     0.00000269    -0.00004647
       15     0.00000375    -0.00005222
       16     0.00000064    -0.00004851
       17     0.00000269    -0.00004707
       18     0.00000006    -0.00004405
       19    -0.00000031    -0.00003757
       20    -0.00000183    -0.00003078
       21    -0.00000366    -0.00002014
       22    -0.00000492    -0.00000793
       23    -0.00000703     0.00000705
       24    -0.00000844     0.00002464
       25    -0.00000993     0.00004372
       26    -0.00001134     0.00006462
       27     0.00337327    -0.00343185
       28    -0.00195351    -0.00637914
       29    -0.00034762    -0.00030383
       30     0.00157657    -0.00379501
       31    -0.00107650    -0.00268248
       32     0.00075262    -0.00184276
       33     0.00041554    -0.00311555
       34    -0.00002479    -0.00247385
       35     0.00054956    -0.00256244
       36     0.00037918    -0.00293210
       37     0.00030730    -0.00281845
       38     0.00047198    -0.00291423
       39     0.00044339    -0.00308924
       40     0.00040796    -0.00312438
       41     0.00045056    -0.00317904
       42     0.00045217    -0.00326806
       43     0.00042363    -0.00330839
       44     0.00041730    -0.00331736
       45     0.00041377    -0.00332630
       46     0.00039390    -0.00331792
       47     0.00037193    -0.00328103
       48     0.00035576    -0.00322732
       49     0.00033771    -0.00316406
       50     0.00031376    -0.00308761
       51     0.00028782    -0.00299681
       52     0.00026259    -0.00289612
       53     0.00023676    -0.00278957
       54     0.00020896    -0.00267776
       55     0.00018046    -0.00256069
       56     0.00015335    -0.00244007
       57     0.00012845    -0.00231846
       58     0.00010549    -0.00219751
       59     0.00008455    -0.00207782
       60     0.00006624    -0.00196000
       61     0.00005102    -0.00184510
       62     0.00003865    -0.00173411
       63     0.00002844    -0.00162744
       64     0.00001973    -0.00152484
       65     0.00001215    -0.00142583
       66     0.00000548    -0.00132996
       67    -0.00000069    -0.00123678
       68    -0.00000687    -0.00114563
       69    -0.00001355    -0.00105556
       70    -0.00002093    -0.00096548
       71    -0.00002906    -0.00087441
       72    -0.00003794    -0.00078152
       73    -0.00004768    -0.00068606
       74    -0.00005841    -0.00058727
       75    -0.00007024    -0.00048437
       76    -0.00008319    -0.00037670
       77    -0.00009724    -0.00026377
       78    -0.00011240    -0.00014528
       79    -0.00012878    -0.00002105
       80    -0.00014651     0.00010902
       81    -0.00016564     0.00024500
       82    -0.00018614     0.00038680
       83    -0.00020789     0.00053424
       84    -0.00023070     0.00068698
       85    -0.00025432     0.00084453
       86    -0.00027846     0.00100626
       87    -0.00030282     0.00117142
       88    -0.00032712     0.00133914
       89    -0.00035111     0.00150839
       90    -0.00037468     0.00167811
       91    -0.00039786     0.00184724
       92    -0.00042085     0.00201482
       93    -0.00044405     0.00218013
       94    -0.00046801     0.00234276
       95    -0.00049338     0.00250273
       96    -0.00052093     0.00266049
       97    -0.00055150     0.00281701
       98    -0.00058605     0.00297380
       99    -0.00062568     0.00313292
      100    -0.00067174     0.00329704
      101    -0.00072595     0.00346950
      102    -0.00078595     0.00365344
      103    -0.00085711     0.00385092
      104    -0.00095042     0.00407036
      105    -0.00107023     0.00432260
      106    -0.00122081     0.00461892
      107    -0.00140799     0.00497105
      108    -0.00164054     0.00539208
      109    -0.00193146     0.00589770
      110    -0.00229900     0.00650763
      111    -0.00276805     0.00724708
      112    -0.00337197     0.00814828
      113    -0.00415549     0.00925221
      114    -0.00517900     0.01061074
      115    -0.00652502     0.01228950
      116    -0.00830738     0.01437157
      117    -0.01068477     0.01696223
      118    -0.01388352     0.02019549
      119    -0.01822059     0.02424230
      120    -0.02414510     0.02931791
      121    -0.03230370     0.03569356
      122    -0.04361888     0.04370872
      123    -0.05938780     0.05378214
      124    -0.08136749     0.06641879
      125    -0.11173053     0.08220613
      126    -0.15257335     0.10178910
      127    -0.20436557     0.12580893
      128    -0.26300279     0.15479689
      129    -0.31765843     0.18903449
      130    -0.35459783     0.22840392
      131    -0.36568992     0.27221651
      132    -0.35121121     0.31899048
      133    -0.31512907     0.36625756
      134    -0.26095426     0.41053161
      135    -0.19121055     0.44751283
      136    -0.10843881     0.47251794
      137    -0.01608985     0.48107975
      138     0.08111722     0.46962792
      139     0.17734007     0.43613564
      140     0.26614302     0.38060287
      141     0.34126944     0.30525817
      142     0.39748908     0.21440609
      143     0.43134164     0.11391923
      144     0.44161822     0.01045682
      145     0.42948182    -0.08944086
      146     0.39821408    -0.18020362
      147     0.35266440    -0.25786646
      148     0.29854147    -0.32038676
      149     0.24170707    -0.36762168
      150     0.18759976    -0.40101762
      151     0.14082696    -0.42311027
      152     0.10480316    -0.43694487
      153     0.08108483    -0.44550772
      154     0.06807512    -0.45123497
      155     0.06000852    -0.45565359
      156     0.04872822    -0.45919874
      157     0.02790911    -0.46121711
      158    -0.00472218    -0.46014568
      159    -0.04833788    -0.45384395
      160    -0.10051855    -0.44002614
      161    -0.15805246    -0.41671604
      162    -0.21731757    -0.38265289
      163    -0.27461382    -0.33758294
      164    -0.32655292    -0.28238145
      165    -0.37047069    -0.21897476
      166    -0.40477668    -0.15007051
      167    -0.42914670    -0.07874912
      168    -0.44447487    -0.00800497
      169    -0.45250030     0.05966221
      170    -0.45497411     0.12251856
      171    -0.45219483     0.17968184
      172    -0.44106394     0.23102571
      173    -0.41470340     0.27694281
      174    -0.36744129     0.31801146
      175    -0.30199160     0.35455278
      176    -0.22748290     0.38617092
      177    -0.15117453     0.41166053
      178    -0.07588033     0.42942517
      179    -0.00233213     0.43802799
      180     0.06875378     0.43659254
      181     0.13604546     0.42503505
      182     0.19772042     0.40415717
      183     0.25178397     0.37560773
      184     0.29629736     0.34172604
      185     0.32933728     0.30529928
      186     0.34848535     0.26928605
      187     0.34330786     0.23232972
      188     0.24629815     0.20448136
      189     0.03530553     0.19208565
      190    -0.12740364     0.19520535
      191    -0.19834634     0.21236245
      192    -0.20914043     0.24018244
      193    -0.18004213     0.27243670
      194    -0.11930839     0.29936826
      195    -0.03343374     0.30796854
      196     0.06622888     0.28434500
      197     0.16022910     0.21888894
      198     0.22252047     0.11348370
      199     0.22836534    -0.01249288
      200     0.16767110    -0.12284077
      201     0.05761721    -0.17673274
      202    -0.05618263    -0.15123177
      203    -0.11874775    -0.06220580
      204    -0.10037233     0.03569685
      205    -0.02308653     0.08070936
      206     0.04970752     0.05063389
      207     0.06300828    -0.01625957
      208     0.01924982    -0.05477700
      209    -0.02640071    -0.03644400
      210    -0.02757735     0.00434479
      211     0.00321255     0.01660618
      212     0.01945655    -0.00428467
      213     0.00601061    -0.02044792
      214    -0.00832031    -0.01205911
      215    -0.00310064    -0.00031810
      216     0.00600471    -0.00390530
      217     0.00319091    -0.01080546
      218    -0.00175244    -0.00843947
      219     0.00060975    -0.00523636
      220     0.00284431    -0.00772661
      221     0.00107177    -0.00939946
      222     0.00090463    -0.00863871
      223     0.00241183    -0.01002451
      224     0.00258414    -0.01272386
      225     0.00320787    -0.01540867
      226     0.00411487    -0.01960159
      227     0.00061020    -0.02071730
      228    -0.00244568    -0.01369930
      229    -0.00043222    -0.00780666
      230    -0.00014798    -0.00633758
      231    -0.00050489    -0.00407876
      232     0.00009795    -0.00311554
      233    -0.00016613    -0.00256749
      234    -0.00004071    -0.00185775
      235    -0.00000244    -0.00164811
      236    -0.00006282    -0.00129832
      237     0.00001349    -0.00111516
      238    -0.00003199    -0.00096845
      239    -0.00000137    -0.00082089
      240    -0.00000892    -0.00074730
      241    -0.00000829    -0.00064937
      242     0.00000026    -0.00059931
      243    -0.00000787    -0.00054117
      244     0.00000141    -0.00050055
      245    -0.00000470    -0.00046663
      246     0.00000019    -0.00043394
      247    -0.00000188    -0.00041248
      248    -0.00000096    -0.00038753
      249    -0.00000030    -0.00037188
      250    -0.00000105    -0.00035412
      251    -0.00000008    -0.00034148
      252    -0.00000106    -0.00032798
      253     0.00000004    -0.00031741
      254    -0.00000134    -0.00030674
      255     0.00000015    -0.00029715
      256    -0.00000101    -0.00028959
      257    -0.00000038    -0.00028069
      258    -0.00000071    -0.00027443
      259    -0.00000098    -0.00026628
      260    -0.00000063    -0.00026019
      261    -0.00000150    -0.00025269
      262    -0.00000089    -0.00024592
      263    -0.00000192    -0.00023873
      264    -0.00000151    -0.00023078
      265    -0.00000229    -0.00022324
      266    -0.00000241    -0.00021393
      267    -0.00000272    -0.00020523
      268    -0.00000339    -0.00019458
      269    -0.00000334    -0.00018401
      270    -0.00000432    -0.00017202
      271    -0.00000420    -0.00015914
      272    -0.00000508    -0.00014569
      273    -0.00000523    -0.00013053
      274    -0.00000571    -0.00011536
      275    -0.00000626    -0.00009829
      276    -0.00000628    -0.00008117
      277    -0.00000707    -0.00006274
      278    -0.00000690    -0.00004372
      279    -0.00000754    -0.00002439
      280    -0.00000751    -0.00000394
      281    -0.00000769     0.00001601
      282    -0.00000797     0.00003703
      283    -0.00000768     0.00005742
      284    -0.00000809     0.00007806
      285    -0.00000764     0.00009848
      286    -0.00000784     0.00011808
      287    -0.00000757     0.00013777
      288    -0.00000734     0.00015600
      289    -0.00000737     0.00017408
      290    -0.00000681     0.00019073
      291    -0.00000694     0.00020649
      292    -0.00000639     0.00022129
      293    -0.00000633     0.00023447
      294    -0.00000607     0.00024704
      295    -0.00000575     0.00025779
      296    -0.00000579     0.00026785
      297    -0.00000539     0.00027654
      298    -0.00000555     0.00028420
      299    -0.00000533     0.00029116
      300    -0.00000544     0.00029700
