#     Density Matrix: coherence Re-Im; see the manual for detail orders
        0     0.00000000     0.00000000
        1     0.00002599    -0.00007206
        2    -0.00002342    -0.00005024
        3     0.00003784    -0.00007631
        4    -0.00002155    -0.00011105
        5     0.00002155    -0.00008105
        6     0.00000289    -0.00015375
        7    -0.00000933    -0.00010403
        8     0.00002843    -0.00016209
        9    -0.00002950    -0.00014409
       10     0.00003128    -0.00014299
       11    -0.00002145    -0.00017859
       12     0.00000533    -0.00012146
       13     0.00000767    -0.00017822
       14    -0.00002824    -0.00011904
       15     0.00002699    -0.00013319
       16    -0.00003473    -0.00012893
       17     0.00001022    -0.00007254
       18    -0.00000439    -0.00011573
       19    -0.00002738    -0.00004227
       20     0.00002499    -0.00005775
       21    -0.00003471    -0.00004938
       22     0.00000942     0.00000577
       23     0.00000459    -0.00004467
       24    -0.00002822     0.00001107
       25     0.00003160    -0.00000071
       26    -0.00001942    -0.00003046
       27     0.00000069     0.00002146
       28     0.00002811    -0.00004019
       29    -0.00002664    -0.00003203
       30     0.00002742    -0.00001963
       31     0.00001130    -0.00009266
       32    -0.00001733    -0.00006073
       33     0.00004100    -0.00009386
       34    -0.00000515    -0.00015167
       35     0.00000016    -0.00011827
       36     0.00004245    -0.00018595
       37    -0.00001452    -0.00022012
       38     0.00001867    -0.00020245
       39     0.00003698    -0.00029023
       40    -0.00001608    -0.00030422
       41     0.00003399    -0.00031063
       42     0.00002935    -0.00040642
       43    -0.00001147    -0.00040895
       44     0.00004566    -0.00044190
       45     0.00002266    -0.00053949
       46    -0.00000358    -0.00053878
       47     0.00005422    -0.00059656
       48     0.00001900    -0.00069439
       49     0.00000645    -0.00069877
       50     0.00006210    -0.00078021
       51     0.00002085    -0.00088354
       52     0.00001930    -0.00090333
       53     0.00007360    -0.00101220
       54     0.00003172    -0.00113525
       55     0.00003728    -0.00118554
       56     0.00009317    -0.00133240
       57     0.00005508    -0.00149742
       58     0.00006279    -0.00159794
       59     0.00012377    -0.00179793
       60     0.00009374    -0.00203162
       61     0.00009772    -0.00220555
       62     0.00016592    -0.00247466
       63     0.00014986    -0.00280361
       64     0.00014396    -0.00307700
       65     0.00021656    -0.00342795
       66     0.00022188    -0.00386965
       67     0.00019993    -0.00426412
       68     0.00026078    -0.00469262
       69     0.00028741    -0.00522341
       70     0.00024165    -0.00571479
       71     0.00025110    -0.00615319
       72     0.00027487    -0.00663778
       73     0.00020655    -0.00707844
       74     0.00013412    -0.00736748
       75     0.00012697    -0.00758866
       76     0.00008580    -0.00778151
       77    -0.00001243    -0.00784425
       78    -0.00006002    -0.00777312
       79    -0.00005053    -0.00768339
       80    -0.00008203    -0.00758821
       81    -0.00015331    -0.00740557
       82    -0.00017724    -0.00714574
       83    -0.00015373    -0.00689901
       84    -0.00016471    -0.00667568
       85    -0.00022509    -0.00640164
       86    -0.00026538    -0.00605584
       87    -0.00025414    -0.00570067
       88    -0.00024210    -0.00537754
       89    -0.00027700    -0.00505005
       90    -0.00033774    -0.00466670
       91    -0.00036970    -0.00423323
       92    -0.00035896    -0.00380185
       93    -0.00034531    -0.00340227
       94    -0.00036729    -0.00301261
       95    -0.00042137    -0.00259281
       96    -0.00047406    -0.00212888
       97    -0.00050122    -0.00164044
       98    -0.00050947    -0.00115418
       99    -0.00052996    -0.00067570
      100    -0.00059328    -0.00018017
      101    -0.00071057     0.00037226
      102    -0.00087808     0.00101839
      103    -0.00109177     0.00178532
      104    -0.00136081     0.00269638
      105    -0.00171334     0.00378285
      106    -0.00219522     0.00509413
      107    -0.00286559     0.00670261
      108    -0.00379969     0.00870460
      109    -0.00509293     0.01122255
      110    -0.00686616     0.01440544
      111    -0.00927969     0.01843183
      112    -0.01254732     0.02351510
      113    -0.01694963     0.02990924
      114    -0.02284192     0.03791276
      115    -0.03065675     0.04786904
      116    -0.04085041     0.06015898
      117    -0.05381027     0.07517264
      118    -0.06969153     0.09327176
      119    -0.08812172     0.11472801
      120    -0.10785505     0.13963476
      121    -0.12653597     0.16779732
      122    -0.14082385     0.19861347
      123    -0.14702493     0.23096497
      124    -0.14201669     0.26315211
      125    -0.12399800     0.29290520
      126    -0.09278111     0.31750363
      127    -0.04970452     0.33401663
      128     0.00260994     0.33965243
      129     0.06053587     0.33217070
      130     0.11976789     0.31028604
      131     0.17573275     0.27397595
      132     0.22408294     0.22461466
      133     0.26121583     0.16488427
      134     0.28472782     0.09846218
      135     0.29371439     0.02953533
      136     0.28885932    -0.03776701
      137     0.27230896    -0.09991329
      138     0.24738366    -0.15438433
      139     0.21822395    -0.19989924
      140     0.18949723    -0.23643522
      141     0.16629924    -0.26506739
      142     0.15435910    -0.28768220
      143     0.16043854    -0.30662298
      144     0.19151554    -0.32430524
      145     0.24670437    -0.34280438
      146     0.29904518    -0.36345685
      147     0.31128000    -0.38660328
      148     0.28334808    -0.41153610
      149     0.22914984    -0.43842928
      150     0.15192420    -0.46489008
      151     0.05668877    -0.48359445
      152    -0.05804090    -0.48336058
      153    -0.18882887    -0.44952777
      154    -0.32277430    -0.36647360
      155    -0.43471957    -0.22333889
      156    -0.48801219    -0.02335080
      157    -0.44266636     0.20523329
      158    -0.27405605     0.40273194
      159     0.00004547     0.48673841
      160     0.29728841     0.38605094
      161     0.47888158     0.09744416
      162     0.41278981    -0.26472195
      163     0.08390748    -0.48410716
      164    -0.32271768    -0.36984976
      165    -0.48665894     0.04823858
      166    -0.21388652     0.43779479
      167     0.28595278     0.39475618
      168     0.48016734    -0.09540973
      169     0.08677148    -0.48332786
      170    -0.43232639    -0.23088961
      171    -0.32780866     0.36118784
      172     0.29638083     0.38725265
      173     0.42298642    -0.24759246
      174    -0.21834280    -0.43956924
      175    -0.43848560     0.21498487
      176     0.24136154     0.42356091
      177     0.39481613    -0.29080973
      178    -0.35302303    -0.34058063
      179    -0.24807200     0.41936867
      180     0.47504352     0.11497120
      181    -0.05088575    -0.48894276
      182    -0.42728458     0.23478177
      183     0.40321438     0.27390019
      184     0.04171476    -0.49125605
      185    -0.43025606     0.22767182
      186     0.44393650     0.19968110
      187    -0.13456602    -0.47284868
      188    -0.24666978     0.42039833
      189     0.46882668    -0.13983382
      190    -0.44570925    -0.20247091
      191     0.22305498     0.43431662
      192     0.07947840    -0.48312200
      193    -0.34002934     0.35096922
      194     0.47659974    -0.10975017
      195    -0.46347450    -0.15636979
      196     0.32235409     0.36741103
      197    -0.10452793    -0.47795918
      198    -0.13004997     0.47118561
      199     0.32816611    -0.36272431
      200    -0.45324965     0.18341333
      201     0.48837335     0.02467898
      202    -0.43523869    -0.22307529
      203     0.30990225     0.37814736
      204    -0.13772015    -0.46933013
      205    -0.05204687     0.48612781
      206     0.23067858    -0.43127821
      207    -0.37364267     0.31538203
      208     0.46294734    -0.15759441
      209    -0.48859474    -0.02026632
      210     0.44895855     0.19374151
      211    -0.35046298    -0.34111288
      212     0.20647384     0.44321066
      213    -0.03569589    -0.48777416
      214    -0.13996733     0.46848490
      215     0.29782035    -0.38792160
      216    -0.41700753     0.25535147
      217     0.48104664    -0.08794897
      218    -0.48010904    -0.09293902
      219     0.41266489     0.26231301
      220    -0.28628683    -0.39650349
      221     0.11728692     0.47468230
      222     0.07087971    -0.48389812
      223    -0.25049898     0.41992726
      224     0.39346309    -0.29042299
      225    -0.47573252     0.11313473
      226     0.48165010     0.08447326
      227    -0.40739978    -0.27051831
      228     0.26274176     0.41238772
      229    -0.07051383    -0.48393779
      230    -0.13645046     0.46955181
      231     0.32064172    -0.36924704
      232    -0.44677120     0.19878492
      233     0.48888187     0.01111923
      234    -0.43630627    -0.22086020
      235     0.29689155     0.38854832
      236    -0.09661510    -0.47938775
      237    -0.12485340     0.47279024
      238     0.32186068    -0.36816080
      239    -0.45242650     0.18558161
      240     0.48758282     0.03731364
      241    -0.41835986    -0.25319115
      242     0.25844197     0.41514277
      243    -0.04181330    -0.48720839
      244    -0.18445947     0.45290140
      245     0.37058079    -0.31904162
      246    -0.47532045     0.11492599
      247     0.47539025     0.11462881
      248    -0.37082827    -0.31874583
      249     0.18491829     0.45273207
      250     0.04114774    -0.48723836
      251    -0.25772049     0.41562642
      252     0.41782262    -0.25403157
      253    -0.48749530     0.03851999
      254     0.45287871     0.18452372
      255    -0.32268731    -0.36737774
      256     0.12560959     0.47265608
      257     0.09641836    -0.47935423
      258    -0.29748041     0.38817733
      259     0.43725447    -0.21888956
      260    -0.48895872     0.00719220
      261     0.44406654     0.20484408
      262    -0.31316235    -0.37551556
      263     0.12299603     0.47335538
      264     0.08931940    -0.48071565
      265    -0.28371084     0.39836489
      266     0.42459232    -0.24252221
      267    -0.48709379     0.04332902
      268     0.46101673     0.16315057
      269    -0.35210357    -0.33926696
      270     0.18052671     0.45454644
      271     0.02289299    -0.48839212
      272    -0.22211185     0.43574192
      273     0.38193905    -0.30528541
      274    -0.47395160     0.12051438
      275     0.48126730     0.08676213
      276    -0.40161841    -0.27889077
      277     0.24809512     0.42150274
      278    -0.04750890    -0.48659062
      279    -0.16371324     0.46090252
      280     0.34549295    -0.34595406
      281    -0.46136078     0.16222784
      282     0.48571123     0.05681375
      283    -0.40995341    -0.26645975
      284     0.24592197     0.42280887
      285    -0.02558579    -0.48819788
      286    -0.20388655     0.44462662
      287     0.38925210    -0.29584002
      288    -0.48344606     0.07372877
      289     0.45819950     0.17099153
      290    -0.31394098    -0.37476233
      291     0.08329704     0.48203359
      292     0.17402258    -0.45682334
      293    -0.38544763     0.30110762
      294     0.48605995    -0.05346418
      295    -0.43995456    -0.21329841
      296     0.25520650     0.41730073
      297     0.01411970    -0.48864738
      298    -0.28180920     0.39978591
      299     0.45688534    -0.17420179
      300    -0.47572096    -0.11307915
