#    Non-Adiabatic Coupling Matrix Elements: off-diagonal
         0     0.00000574
         1     0.00015851
         2     0.00030990
         3     0.00047528
         4     0.00066514
         5     0.00087927
         6     0.00109856
         7     0.00128435
         8     0.00139516
         9     0.00141148
        10     0.00134421
        11     0.00122128
        12     0.00106750
        13     0.00089979
        14     0.00072903
        15     0.00056359
        16     0.00041109
        17     0.00027884
        18     0.00017300
        19     0.00009766
        20     0.00005399
        21     0.00003982
        22     0.00004974
        23     0.00007576
        24     0.00010835
        25     0.00013756
        26     0.00015435
        27     0.00015172
        28     0.00012553
        29     0.00007544
        30     0.00000398
        31    -0.00008369
        32    -0.00018089
        33    -0.00028031
        34    -0.00037485
        35    -0.00045826
        36    -0.00052574
        37    -0.00057336
        38    -0.00059902
        39    -0.00060084
        40    -0.00057760
        41    -0.00052907
        42    -0.00045658
        43    -0.00036340
        44    -0.00025476
        45    -0.00013689
        46    -0.00001634
        47     0.00010008
        48     0.00020654
        49     0.00029652
        50     0.00036334
        51     0.00040199
        52     0.00040791
        53     0.00037950
        54     0.00031919
        55     0.00023418
        56     0.00013622
        57     0.00004001
        58    -0.00003993
        59    -0.00009310
        60    -0.00011567
        61    -0.00011059
        62    -0.00008523
        63    -0.00004820
        64    -0.00000684
        65     0.00003421
        66     0.00007331
        67     0.00011139
        68     0.00015104
        69     0.00019502
        70     0.00024617
        71     0.00030363
        72     0.00036432
        73     0.00042261
        74     0.00047163
        75     0.00050504
        76     0.00051859
        77     0.00051066
        78     0.00048155
        79     0.00043280
        80     0.00036599
        81     0.00028272
        82     0.00018482
        83     0.00007493
        84    -0.00004258
        85    -0.00016198
        86    -0.00027609
        87    -0.00037711
        88    -0.00045775
        89    -0.00051256
        90    -0.00053887
        91    -0.00053712
        92    -0.00051013
        93    -0.00046228
        94    -0.00039758
        95    -0.00031972
        96    -0.00023157
        97    -0.00013575
        98    -0.00003517
        99     0.00006668
       100     0.00016546
       101     0.00025585
       102     0.00033179
       103     0.00038730
       104     0.00041792
       105     0.00042242
       106     0.00040370
       107     0.00036889
       108     0.00032739
       109     0.00028906
       110     0.00026216
       111     0.00025208
       112     0.00026072
       113     0.00028639
       114     0.00032392
       115     0.00036507
       116     0.00039932
       117     0.00041507
       118     0.00040094
       119     0.00034694
       120     0.00024514
       121     0.00009043
       122    -0.00011766
       123    -0.00037454
       124    -0.00066607
       125    -0.00096756
       126    -0.00124436
       127    -0.00145809
       128    -0.00157870
       129    -0.00159171
       130    -0.00150688
       131    -0.00134836
       132    -0.00114447
       133    -0.00091873
       134    -0.00068614
       135    -0.00045258
       136    -0.00021615
       137     0.00003207
       138     0.00030798
       139     0.00063607
       140     0.00105342
       141     0.00161810
       142     0.00242462
       143     0.00362943
       144     0.00547097
       145     0.00815078
       146     0.01243782
       147     0.00814880
       148     0.00414783
       149     0.00188403
       150     0.00056538
       151    -0.00032186
       152    -0.00101350
       153    -0.00161244
       154    -0.00215466
       155    -0.00263678
       156    -0.00303220
       157    -0.00330811
       158    -0.00344341
       159    -0.00343976
       160    -0.00331985
       161    -0.00243999
       162    -0.00229226
       163    -0.00221229
       164    -0.00218684
       165    -0.00219931
       166    -0.00222827
       167    -0.00224935
       168    -0.00224033
       169    -0.00218789
       170    -0.00209158
       171    -0.00196336
       172    -0.00182276
       173    -0.00169104
       174    -0.00159222
       175    -0.00154110
       176    -0.00155814
       177    -0.00166480
       178    -0.00188631
       179    -0.00224890
       180    -0.00276440
       181    -0.00339069
       182    -0.00396986
       183    -0.00422133
       184    -0.00392313
       185    -0.00314611
       186    -0.00218065
       187    -0.00127592
       188    -0.00054247
       189     0.00000500
       190     0.00038943
       191     0.00064132
       192     0.00078814
       193     0.00085198
       194     0.00085094
       195     0.00080004
       196     0.00071300
       197     0.00060361
       198     0.00048629
       199     0.00037603
       200     0.00028686
       201     0.00022900
       202     0.00020673
       203     0.00021707
       204     0.00025085
       205     0.00029468
       206     0.00033469
       207     0.00035796
       208     0.00035540
       209     0.00032285
       210     0.00026140
       211     0.00017635
       212     0.00007526
       213    -0.00003446
       214    -0.00014769
       215    -0.00026314
       216    -0.00038390
       217    -0.00051723
       218    -0.00067017
       219    -0.00085044
       220    -0.00106157
       221    -0.00130168
       222    -0.00156194
       223    -0.00182447
       224    -0.00206134
       225    -0.00223676
       226    -0.00231621
       227    -0.00227945
       228    -0.00212821
       229    -0.00188238
       230    -0.00156666
       231    -0.00119527
       232    -0.00075761
       233    -0.00019788
       234     0.00063657
       235     0.00216213
       236     0.00565199
       237     0.01421537
       238     0.01700048
       239     0.00626286
       240     0.00227130
       241     0.00082483
       242     0.00022096
       243    -0.00004563
       244    -0.00015642
       245    -0.00018985
       246    -0.00018502
       247    -0.00016365
       248    -0.00013879
       249    -0.00011828
       250    -0.00010572
       251    -0.00010003
       252    -0.00009897
       253    -0.00009683
       254    -0.00008880
       255    -0.00007150
       256    -0.00004331
       257    -0.00000351
       258     0.00004780
       259     0.00010976
       260     0.00018070
       261     0.00025890
       262     0.00034415
       263     0.00043882
       264     0.00055159
       265     0.00068800
       266     0.00084581
       267     0.00100153
       268     0.00109917
       269     0.00105510
       270     0.00079622
       271     0.00032196
       272    -0.00026654
       273    -0.00081320
       274    -0.00119256
       275    -0.00136180
       276    -0.00135258
       277    -0.00122917
       278    -0.00105187
       279    -0.00086160
       280    -0.00067928
       281    -0.00051369
       282    -0.00036394
       283    -0.00022598
       284    -0.00009483
       285     0.00003341
       286     0.00016113
       287     0.00028995
       288     0.00042241
       289     0.00056348
       290     0.00072050
       291     0.00090125
       292     0.00111089
       293     0.00134817
       294     0.00160194
       295     0.00184978
       296     0.00205466
       297     0.00217927
       298     0.00219348
       299     0.00208753
       300     0.00187466
       301     0.00158228
       302     0.00123961
       303     0.00086997
       304     0.00049046
       305     0.00011530
       306    -0.00023966
       307    -0.00056015
       308    -0.00083311
       309    -0.00105206
       310    -0.00121674
       311    -0.00133061
       312    -0.00139810
       313    -0.00142345
       314    -0.00141112
       315    -0.00136609
       316    -0.00129576
       317    -0.00120714
       318    -0.00110756
       319    -0.00100358
       320    -0.00090022
       321    -0.00080255
       322    -0.00071634
       323    -0.00064852
       324    -0.00060511
       325    -0.00059092
       326    -0.00060818
       327    -0.00065506
       328    -0.00072468
       329    -0.00080261
       330    -0.00086398
       331    -0.00087372
       332    -0.00080467
       333    -0.00066168
       334    -0.00048496
       335    -0.00031616
       336    -0.00017499
       337    -0.00006209
       338     0.00003069
       339     0.00011270
       340     0.00018862
       341     0.00025085
       342     0.00027030
       343     0.00019659
       344    -0.00001225
       345    -0.00033463
       346    -0.00060469
       347    -0.00065687
       348    -0.00057575
       349    -0.00047748
       350    -0.00039726
       351    -0.00033619
       352    -0.00028972
       353    -0.00025339
       354    -0.00022239
       355    -0.00019459
       356    -0.00016758
       357    -0.00013930
       358    -0.00010810
       359    -0.00007292
       360    -0.00003333
       361     0.00001030
       362     0.00005689
       363     0.00010444
       364     0.00015008
       365     0.00019028
       366     0.00022134
       367     0.00024040
       368     0.00024576
       369     0.00023790
       370     0.00021943
       371     0.00019457
       372     0.00016788
       373     0.00014280
       374     0.00012063
       375     0.00010077
       376     0.00008185
       377     0.00006310
       378     0.00004489
       379     0.00002832
       380     0.00001443
       381     0.00000271
       382    -0.00000803
       383    -0.00002028
       384    -0.00003709
       385    -0.00006120
       386    -0.00009389
       387    -0.00013378
       388    -0.00017692
       389    -0.00021754
       390    -0.00025008
       391    -0.00027080
       392    -0.00027838
       393    -0.00027303
       394    -0.00025576
       395    -0.00022754
       396    -0.00018916
       397    -0.00014155
       398    -0.00008620
       399    -0.00002549
       400     0.00003753
       401     0.00009938
       402     0.00015646
       403     0.00020530
       404     0.00024317
       405     0.00026861
       406     0.00028171
       407     0.00028414
       408     0.00027846
       409     0.00026758
       410     0.00025368
       411     0.00023783
       412     0.00022058
       413     0.00019940
       414     0.00017238
       415     0.00013561
       416     0.00008470
       417     0.00001650
       418    -0.00007334
       419    -0.00018861
       420    -0.00033274
       421    -0.00050845
       422    -0.00071446
       423    -0.00094477
       424    -0.00119186
       425    -0.00144563
       426    -0.00163744
       427    -0.00163956
       428    -0.00143789
       429    -0.00115010
       430    -0.00086733
       431    -0.00062131
       432    -0.00041285
       433    -0.00023200
       434    -0.00006697
       435     0.00009191
       436     0.00025050
       437     0.00041117
       438     0.00057687
       439     0.00075008
       440     0.00093510
       441     0.00112804
       442     0.00130196
       443     0.00139296
       444     0.00132881
       445     0.00110275
       446     0.00079586
       447     0.00049837
       448     0.00025566
       449     0.00007821
       450    -0.00003778
       451    -0.00009774
       452    -0.00009990
       453    -0.00000115
