#     Density Matrix: coherence Re-Im; see the manual for detail orders
        0     0.00000000     0.00000000
        1    -0.00030399    -0.00587349
        2    -0.00078501     0.00204370
        3     0.00056192    -0.00366439
        4    -0.00198873     0.00403009
        5     0.00159831    -0.00025496
        6    -0.00358627     0.00633051
        7     0.00244987     0.00569522
        8    -0.00436466     0.00865761
        9     0.00205601     0.01340921
       10    -0.00161914     0.00963741
       11    -0.00117262     0.01667729
       12     0.00342824     0.01172488
       13    -0.00259580     0.01065895
       14     0.00050619     0.01487397
       15     0.00384015     0.00892508
       16    -0.00147918     0.00630652
       17    -0.00138345     0.01032213
       18     0.00378848     0.00808187
       19     0.00258275     0.00181378
       20    -0.00219838     0.00177155
       21    -0.00123516     0.00529362
       22     0.00328591     0.00363359
       23     0.00291431    -0.00177192
       24    -0.00176555    -0.00264643
       25    -0.00247540     0.00132791
       26     0.00211799     0.00181499
       27     0.00363495    -0.00345244
       28    -0.00096181    -0.00589230
       29    -0.00270875    -0.00189068
       30     0.00214552    -0.00107975
       31     0.00283793    -0.00677913
       32    -0.00271822    -0.00680725
       33    -0.00099219    -0.00161168
       34     0.00343054    -0.00528972
       35    -0.00200565    -0.00771842
       36    -0.00150516    -0.00143967
       37     0.00324369    -0.00516100
       38    -0.00300583    -0.00600873
       39     0.00037327    -0.00014125
       40     0.00165662    -0.00596524
       41    -0.00361656    -0.00142777
       42     0.00287613    -0.00031653
       43    -0.00200629    -0.00387540
       44    -0.00112610     0.00356231
       45     0.00234315    -0.00089349
       46    -0.00390196     0.00183956
       47     0.00164084     0.00607121
       48     0.00042736     0.00083270
       49    -0.00353372     0.00630846
       50     0.00259294     0.00761053
       51     0.00046173     0.00243653
       52    -0.00332659     0.00672197
       53     0.00204335     0.00861649
       54     0.00276402     0.00264498
       55    -0.00243188     0.00251298
       56    -0.00097073     0.00667118
       57     0.00381139     0.00387540
       58     0.00167136    -0.00158829
       59    -0.00280942    -0.00020091
       60    -0.00062387     0.00343303
       61     0.00372825     0.00054261
       62     0.00156112    -0.00453250
       63    -0.00282620    -0.00305674
       64    -0.00050090     0.00058870
       65     0.00385902    -0.00274224
       66     0.00087449    -0.00772532
       67    -0.00317532    -0.00486948
       68     0.00083188    -0.00188537
       69     0.00313164    -0.00689554
       70    -0.00251618    -0.00780782
       71    -0.00196940    -0.00164274
       72     0.00297688    -0.00359594
       73    -0.00182345    -0.00604808
       74    -0.00294003     0.00109530
       75     0.00274191     0.00054671
       76    -0.00181876    -0.00202452
       77    -0.00272754     0.00527944
       78     0.00296075     0.00405514
       79    -0.00191536     0.00152051
       80    -0.00217904     0.00826995
       81     0.00330636     0.00604262
       82    -0.00144555     0.00285238
       83    -0.00220819     0.00861303
       84     0.00348240     0.00685658
       85     0.00029865     0.00177725
       86    -0.00293145     0.00553733
       87     0.00213675     0.00683933
       88     0.00336558     0.00076466
       89    -0.00170025    -0.00074723
       90    -0.00191369     0.00325690
       91     0.00287800     0.00254087
       92     0.00315365    -0.00290666
       93    -0.00157621    -0.00421104
       94    -0.00316581    -0.00009411
       95     0.00058674     0.00204075
       96     0.00312376    -0.00105399
       97     0.00023152    -0.00384388
       98    -0.00359693    -0.00125420
       99    -0.00237424     0.00342741
      100     0.00219231     0.00353477
      101     0.00324141    -0.00086182
      102    -0.00063093    -0.00294258
      103    -0.00278754     0.00012173
      104     0.00087517     0.00202443
      105     0.00428349    -0.00244948
      106     0.00108941    -0.00732866
      107    -0.00277168    -0.00528474
      108     0.00061971    -0.00262428
      109     0.00387348    -0.00752366
      110    -0.00098041    -0.01086345
      111    -0.00260198    -0.00588641
      112     0.00295231    -0.00633337
      113     0.00021748    -0.01139781
      114    -0.00354744    -0.00609947
      115     0.00236174    -0.00454344
      116    -0.00061039    -0.00885423
      117    -0.00339913    -0.00178300
      118     0.00268173    -0.00166974
      119    -0.00249961    -0.00365305
      120    -0.00176561     0.00434750
      121     0.00249753     0.00120083
      122    -0.00374466     0.00261168
      123     0.00035299     0.00866643
      124     0.00184253     0.00356817
      125    -0.00370138     0.00653250
      126     0.00126018     0.01048809
      127     0.00229049     0.00477683
      128    -0.00313176     0.00610030
      129     0.00018873     0.01030871
      130     0.00383360     0.00546652
      131    -0.00073553     0.00209402
      132    -0.00243020     0.00596628
      133     0.00250967     0.00620139
      134     0.00357961     0.00026144
      135    -0.00124669    -0.00178303
      136    -0.00231117     0.00197510
      137     0.00240679     0.00213884
      138     0.00361726    -0.00355536
      139    -0.00120069    -0.00573835
      140    -0.00242689    -0.00171709
      141     0.00250920    -0.00157850
      142     0.00274905    -0.00736663
      143    -0.00268374    -0.00729342
      144    -0.00116155    -0.00229230
      145     0.00343206    -0.00536144
      146    -0.00117158    -0.00871507
      147    -0.00286516    -0.00272070
      148     0.00287835    -0.00309909
      149    -0.00087527    -0.00704292
      150    -0.00318992    -0.00044076
      151     0.00278391    -0.00046598
      152    -0.00148771    -0.00374045
      153    -0.00274386     0.00341380
      154     0.00296705     0.00219347
      155    -0.00202073    -0.00025781
      156    -0.00221708     0.00667263
      157     0.00316079     0.00461447
      158    -0.00160674     0.00179987
      159    -0.00252506     0.00786137
      160     0.00314463     0.00691427
      161     0.00058425     0.00201769
      162    -0.00329914     0.00543298
      163     0.00091004     0.00828640
      164     0.00369490     0.00352750
      165    -0.00047309     0.00046886
      166    -0.00303442     0.00387374
      167     0.00052461     0.00618977
      168     0.00375326     0.00273290
      169     0.00151046    -0.00134897
      170    -0.00262372    -0.00047667
      171    -0.00286984     0.00350317
      172     0.00075839     0.00497596
      173     0.00335046     0.00217705
      174     0.00171218    -0.00120210
      175    -0.00201561    -0.00099993
      176    -0.00324407     0.00246278
      177    -0.00041049     0.00489062
      178     0.00315527     0.00310030
      179     0.00308888    -0.00107103
      180    -0.00064263    -0.00271762
      181    -0.00336111     0.00010980
      182    -0.00149271     0.00358981
      183     0.00237767     0.00291869
      184     0.00259947    -0.00085087
      185    -0.00154117    -0.00176628
      186    -0.00441653     0.00258217
      187    -0.00216671     0.00734722
      188     0.00158653     0.00752166
      189     0.00125612     0.00516479
      190    -0.00262637     0.00588534
      191    -0.00472369     0.01067534
      192    -0.00234629     0.01509410
      193     0.00198330     0.01529778
      194     0.00467008     0.01172143
      195     0.00509036     0.00703037
      196     0.00549407     0.00259096
      197     0.00867486    -0.00265153
      198     0.01647787    -0.01108790
      199     0.02973005    -0.02510521
      200     0.04841925    -0.04640636
      201     0.07106494    -0.07577738
      202     0.09330922    -0.11278881
      203     0.10741739    -0.15524455
      204     0.10462467    -0.19861585
      205     0.07947257    -0.23598542
      206     0.03288326    -0.25905702
      207    -0.02762794    -0.26038174
      208    -0.08992196    -0.23615931
      209    -0.14050285    -0.18831304
      210    -0.16818981    -0.12463780
      211    -0.16699229    -0.05679076
      212    -0.13716808     0.00296868
      213    -0.08427703     0.04483136
      214    -0.01700869     0.06319546
      215     0.05513755     0.05689248
      216     0.12356709     0.02833272
      217     0.18150783    -0.01776813
      218     0.22435647    -0.07558464
      219     0.24978118    -0.13909103
      220     0.25781693    -0.20270319
      221     0.25090797    -0.26177457
      222     0.23378419    -0.31301343
      223     0.21323905    -0.35479040
      224     0.19815988    -0.38719924
      225     0.20066492    -0.41171571
      226     0.23333416    -0.43035599
      227     0.20425668    -0.44428595
      228     0.03420571    -0.45158314
      229    -0.09113340    -0.44784700
      230    -0.19360959    -0.42624374
      231    -0.29324630    -0.37871243
      232    -0.38657224    -0.29823787
      233    -0.46047192    -0.18220491
      234    -0.49793669    -0.03553124
      235    -0.48323253     0.12774911
      236    -0.40719646     0.28559030
      237    -0.27137254     0.41182883
      238    -0.08970642     0.48167824
      239     0.11250169     0.47711463
      240     0.30476863     0.39098621
      241     0.44624137     0.22552292
      242     0.49510337    -0.00484504
      243     0.41273715    -0.25640242
      244     0.18256869    -0.44328892
      245    -0.14409187    -0.45671509
      246    -0.42224545    -0.23447877
      247    -0.46514260     0.14768964
      248    -0.18814196     0.45357025
      249     0.25045742     0.42208904
      250     0.48700618     0.02067564
      251     0.25196761    -0.41278720
      252    -0.27015444    -0.40113476
      253    -0.47278741     0.11504724
      254    -0.01163925     0.48779255
      255     0.48078499     0.08192036
      256     0.08556271    -0.48091367
      257    -0.48616695    -0.01131540
      258     0.15796914     0.45664165
      259     0.30697409    -0.38268281
      260    -0.48399968     0.04709379
      261     0.43701741     0.20871160
      262    -0.32395466    -0.36722438
      263     0.21261598     0.43567990
      264    -0.12559779    -0.47167021
      265     0.06623174     0.48170710
      266    -0.03758939    -0.48578464
      267     0.03639088     0.48552642
      268    -0.05792197    -0.48304483
      269     0.09333489     0.47874317
      270    -0.13261390    -0.46750973
      271     0.16285263     0.45972001
      272    -0.17376379    -0.45405972
      273     0.15825945     0.46128991
      274    -0.11024446    -0.47325662
      275     0.02329728     0.48760908
      276     0.10445531    -0.47382426
      277    -0.26473789     0.41078695
      278     0.41933417    -0.24471871
      279    -0.48626381    -0.02242643
      280     0.35061694     0.34039352
      281     0.02182602    -0.48423491
      282    -0.41326872     0.25877502
      283     0.42314336     0.24247106
      284     0.05214520    -0.48330463
      285    -0.47273910     0.11650082
      286     0.25182038     0.41704442
      287     0.33279291    -0.35552993
      288    -0.42987329    -0.22865917
      289    -0.10691588     0.47457251
      290     0.48615239    -0.03070531
      291    -0.17814534    -0.45410216
      292    -0.36207466     0.32383978
      293     0.44371865     0.19912350
      294    -0.02806364    -0.48839351
      295    -0.39470450     0.28176747
      296     0.46715132     0.13441998
      297    -0.21954286    -0.43791463
      298    -0.12523819     0.46714687
      299     0.38525359    -0.29997217
      300    -0.48626000     0.02787979
      301     0.43078068     0.22521377
      302    -0.27219524    -0.40466391
      303     0.07560146     0.48047975
      304     0.10398797    -0.47591097
      305    -0.23969239     0.42379523
      306     0.32722946    -0.36043311
      307    -0.37618328     0.30941151
      308     0.39771349    -0.28049159
      309    -0.40054246     0.27737906
      310     0.38894659    -0.29230013
      311    -0.36602151     0.32179385
      312     0.33502683    -0.35254767
      313    -0.30156059     0.38314944
      314     0.27243198    -0.40253151
      315    -0.25573365     0.41552947
      316     0.25838012    -0.41122914
      317    -0.28676399     0.39513317
      318     0.34191098    -0.34482493
      319    -0.41497511     0.25641944
      320     0.47652994    -0.09871884
      321    -0.47330723    -0.11244049
      322     0.34891017     0.34082393
      323    -0.08876357    -0.47795470
      324    -0.22997486     0.42950492
      325     0.45561287    -0.17214425
      326    -0.45269858    -0.17922445
      327     0.21534858     0.43598486
      328     0.12446698    -0.47200014
      329    -0.39130858     0.28777748
      330     0.48699195    -0.00974454
      331    -0.41701749    -0.25356679
      332     0.24712806     0.41699576
      333    -0.04191157    -0.48721349
      334    -0.15742413     0.45898058
      335     0.32427130    -0.36440468
      336    -0.44001460     0.20783168
      337     0.48641710    -0.01979431
      338    -0.45358267    -0.17761145
      339     0.34134471     0.34710287
      340    -0.16648767    -0.45734704
      341    -0.04162827     0.48568477
      342     0.24347462    -0.42068888
      343    -0.40113169     0.27746678
      344     0.48118260    -0.07160546
      345    -0.46288151    -0.14942769
      346     0.33459578     0.35613373
      347    -0.10478157    -0.47251469
      348    -0.18332145     0.45367309
      349     0.42541939    -0.23472169
      350    -0.47253966    -0.11457481
      351     0.23759390     0.42651821
      352     0.17655009    -0.45290908
      353    -0.46886864     0.13116750
      354     0.37450828     0.31148675
      355     0.05532777    -0.48392208
      356    -0.43775537     0.21261673
      357     0.41412258     0.25565562
      358    -0.00885635    -0.48754822
      359    -0.39886052     0.27826526
      360     0.45959673     0.15995798
      361    -0.15690045    -0.46213373
      362    -0.24356466     0.42006134
      363     0.47093814    -0.12565263
      364    -0.43614545    -0.21816996
      365     0.21985245     0.43247339
      366     0.04713464    -0.48644182
      367    -0.27103291     0.40277031
      368     0.41429219    -0.25717151
      369    -0.47892504     0.08702722
      370     0.48220044     0.06599377
      371    -0.44565651    -0.19711557
      372     0.38660839     0.29519418
      373    -0.31756866    -0.36993873
      374     0.24515982     0.41924650
      375    -0.17103582    -0.45709215
      376     0.09818583     0.47703009
      377    -0.03284576    -0.48609392
      378    -0.02382374     0.48699250
