#    Step        Prob(0)        Prob(1)        
        0    -0.00000000     0.00000000
        1     0.00001007     0.00000000
        2     0.00000606     0.00000000
        3     0.00002932     0.00000000
        4     0.00003772     0.00000000
        5     0.00008120     0.00000000
        6     0.00011413     0.00000000
        7     0.00014485     0.00000000
        8     0.00015241     0.00000000
        9     0.00014253     0.00000000
       10     0.00012987     0.00000000
       11     0.00011255     0.00000000
       12     0.00009246     0.00000000
       13     0.00007025     0.00000000
       14     0.00004668     0.00000000
       15     0.00002387     0.00000000
       16     0.00000492     0.00000000
       17     0.00000000     0.00000000
       18     0.00000000     0.00000000
       19     0.00000000     0.00000000
       20     0.00000789     0.00000000
       21     0.00001594     0.00000000
       22     0.00001872     0.00000000
       23     0.00001817     0.00000000
       24     0.00001746     0.00000000
       25     0.00001684     0.00000000
       26     0.00001538     0.00000000
       27     0.00001404     0.00000000
       28     0.00001415     0.00000000
       29     0.00001555     0.00000000
       30     0.00001761     0.00000000
       31     0.00002017     0.00000000
       32     0.00002259     0.00000000
       33     0.00002354     0.00000000
       34     0.00002212     0.00000000
       35     0.00001847     0.00000000
       36     0.00001347     0.00000000
       37     0.00000829     0.00000000
       38     0.00000374     0.00000000
       39     0.00000010     0.00000000
       40     0.00000000     0.00000000
       41     0.00000000     0.00000000
       42     0.00000000     0.00000000
       43     0.00000000     0.00000000
       44     0.00000622     0.00000000
       45     0.00001608     0.00000000
       46     0.00002845     0.00000000
       47     0.00004141     0.00000000
       48     0.00005349     0.00000000
       49     0.00006386     0.00000000
       50     0.00007115     0.00000000
       51     0.00007284     0.00000000
       52     0.00006588     0.00000000
       53     0.00004906     0.00000000
       54     0.00002484     0.00000000
       55     0.00000026     0.00000000
       56     0.00000000     0.00000000
       57     0.00000000     0.00000000
       58     0.00000000     0.00000000
       59     0.00000222     0.00000000
       60     0.00001212     0.00000000
       61     0.00002089     0.00000000
       62     0.00002583     0.00000000
       63     0.00002613     0.00000000
       64     0.00002417     0.00000000
       65     0.00002154     0.00000000
       66     0.00001886     0.00000000
       67     0.00001715     0.00000000
       68     0.00001607     0.00000000
       69     0.00001381     0.00000000
       70     0.00000986     0.00000000
       71     0.00000512     0.00000000
       72     0.00000081     0.00000000
       73     0.00000000     0.00000000
       74     0.00000000     0.00000000
       75     0.00000000     0.00000000
       76     0.00000090     0.00000000
       77     0.00000248     0.00000000
       78     0.00000395     0.00000000
       79     0.00000569     0.00000000
       80     0.00000788     0.00000000
       81     0.00001040     0.00000000
       82     0.00001277     0.00000000
       83     0.00001448     0.00000000
       84     0.00001530     0.00000000
       85     0.00001534     0.00000000
       86     0.00001495     0.00000000
       87     0.00001435     0.00000000
       88     0.00001345     0.00000000
       89     0.00001188     0.00000000
       90     0.00000935     0.00000000
       91     0.00000590     0.00000000
       92     0.00000205     0.00000000
       93     0.00000000     0.00000000
       94     0.00000000     0.00000000
       95     0.00000000     0.00000000
       96     0.00000325     0.00000000
       97     0.00000826     0.00000000
       98     0.00001268     0.00000000
       99     0.00001655     0.00000000
      100     0.00002085     0.00000000
      101     0.00002584     0.00000000
      102     0.00003142     0.00000000
      103     0.00003801     0.00000000
      104     0.00004563     0.00000000
      105     0.00005293     0.00000000
      106     0.00005782     0.00000000
      107     0.00005798     0.00000000
      108     0.00005184     0.00000000
      109     0.00003975     0.00000000
      110     0.00002473     0.00000000
      111     0.00001076     0.00000000
      112     0.00000043     0.00000000
      113     0.00000000     0.00000000
      114     0.00000000     0.00000000
      115     0.00000000     0.00000000
      116     0.00000000     0.00000000
      117     0.00000000     0.00000000
      118     0.00000689     0.00000000
      119     0.00001668     0.00000000
      120     0.00002787     0.00000000
      121     0.00003907     0.00000000
      122     0.00004981     0.00000000
      123     0.00006014     0.00000000
      124     0.00006892     0.00000000
      125     0.00007387     0.00000000
      126     0.00007289     0.00000000
      127     0.00006546     0.00000000
      128     0.00005289     0.00000000
      129     0.00003811     0.00000000
      130     0.00002439     0.00000000
      131     0.00001398     0.00000000
      132     0.00000735     0.00000000
      133     0.00000345     0.00000000
      134     0.00000096     0.00000000
      135     0.00000000     0.00000000
      136     0.00000000     0.00000000
      137     0.00000000     0.00000000
      138     0.00000000     0.00000000
      139     0.00000166     0.00000000
      140     0.00000676     0.00000000
      141     0.00001398     0.00000000
      142     0.00002308     0.00000000
      143     0.00003353     0.00000000
      144     0.00004357     0.00000000
      145     0.00005058     0.00000000
      146     0.00005270     0.00000000
      147     0.00004924     0.00000000
      148     0.00004076     0.00000000
      149     0.00002941     0.00000000
      150     0.00001801     0.00000000
      151     0.00000846     0.00000000
      152     0.00000121     0.00000000
      153     0.00000000     0.00000000
      154     0.00000000     0.00000000
      155     0.00000000     0.00000000
      156     0.00000000     0.00000000
      157     0.00000727     0.00000000
      158     0.00001988     0.00000000
      159     0.00003333     0.00000000
      160     0.00004494     0.00000000
      161     0.00005263     0.00000000
      162     0.00005509     0.00000000
      163     0.00005196     0.00000000
      164     0.00004393     0.00000000
      165     0.00003270     0.00000000
      166     0.00002063     0.00000000
      167     0.00000985     0.00000000
      168     0.00000215     0.00000000
      169     0.00000000     0.00000000
      170     0.00000000     0.00000000
      171     0.00000000     0.00000000
      172     0.00000000     0.00000000
      173     0.00000000     0.00000000
      174     0.00000019     0.00000000
      175     0.00000060     0.00000000
      176     0.00000101     0.00000000
      177     0.00000119     0.00000000
      178     0.00000090     0.00000000
      179     0.00000022     0.00000000
      180     0.00000000     0.00000000
      181     0.00000014     0.00000000
      182     0.00000198     0.00000000
      183     0.00000480     0.00000000
      184     0.00000755     0.00000000
      185     0.00000928     0.00000000
      186     0.00000981     0.00000000
      187     0.00000938     0.00000000
      188     0.00000819     0.00000000
      189     0.00000629     0.00000000
      190     0.00000374     0.00000000
      191     0.00000101     0.00000000
      192     0.00000000     0.00000000
      193     0.00000000     0.00000000
      194     0.00000024     0.00000000
      195     0.00000322     0.00000000
      196     0.00000685     0.00000000
      197     0.00001057     0.00000000
      198     0.00001377     0.00000000
      199     0.00001572     0.00000000
      200     0.00001567     0.00000000
      201     0.00001322     0.00000000
      202     0.00000875     0.00000000
      203     0.00000349     0.00000000
      204     0.00000000     0.00000000
      205     0.00000000     0.00000000
      206     0.00000000     0.00000000
      207     0.00000273     0.00000000
      208     0.00000467     0.00000000
      209     0.00000364     0.00000000
      210     0.00000053     0.00000000
      211     0.00000000     0.00000000
      212     0.00000291     0.00000000
      213     0.00001595     0.00000000
      214     0.00003826     0.00000000
      215     0.00006767     0.00000000
      216     0.00010058     0.00000000
      217     0.00013199     0.00000000
      218     0.00015518     0.00000000
      219     0.00016333     0.00000000
      220     0.00015333     0.00000000
      221     0.00012744     0.00000000
      222     0.00009266     0.00000000
      223     0.00005736     0.00000000
      224     0.00002792     0.00000000
      225     0.00000732     0.00000000
      226     0.00000000     0.00000000
      227     0.00000000     0.00000000
      228     0.00000000     0.00000000
      229     0.00000534     0.00000000
      230     0.00002959     0.00000000
      231     0.00007782     0.00000000
      232     0.00017449     0.00000000
      233     0.00037496     0.00000000
      234     0.00080264     0.00000000
      235     0.00171653     0.00000000
      236     0.00363447     0.00000000
      237     0.00739526     0.00000000
      238     0.01380010     0.00000000
      239     0.02216970     0.00000000
      240     0.02871178     0.00000000
      241     0.02871032     0.00000000
      242     0.02185021     0.00000000
      243     0.01231718     0.00000000
      244     0.00414240     0.00000000
      245     0.00000000     0.00000000
      246     0.00000000     0.00000000
      247     0.00000000     0.00000000
      248     0.00000000     0.00000000
      249     0.00000000     0.00000000
      250     0.00000000     0.00000000
      251     0.00000000     0.00000000
      252     0.00378577     0.00000000
      253     0.01057242     0.00000000
      254     0.02133319     0.00000000
      255     0.03907876     0.00000000
      256     0.06993847     0.00000000
      257     0.00000000     0.00000000
      258     0.00000000     0.00000000
      259     0.00000000     0.00000000
      260     0.00000000     0.00000000
      261     0.00000000     0.01170472
      262     0.00000000     0.02795421
      263     0.00000000     0.03959610
      264     0.00000000     0.05007542
      265     0.00000000     0.06062858
      266     0.00000000     0.07118310
      267     0.00000000     0.08023539
      268     0.00000000     0.08417247
      269     0.00000000     0.07774142
      270     0.00000000     0.05835434
      271     0.00000000     0.03100567
      272     0.00000000     0.00555188
      273     0.00000000     0.00000000
      274     0.00000000     0.00000000
      275     0.00000000     0.00000000
      276     0.00000000     0.00000000
      277     0.00000000     0.00000000
      278     0.00000000     0.00152415
      279     0.00000000     0.00260669
      280     0.00000000     0.00138329
      281     0.00000000     0.00006367
      282     0.00000000     0.00000000
      283     0.00000000     0.00006745
      284     0.00000000     0.00022197
      285     0.00000000     0.00014191
      286     0.00000000     0.00008159
      287     0.00000000     0.00011248
      288     0.00000000     0.00015166
      289     0.00000000     0.00018702
      290     0.00000000     0.00026008
      291     0.00000000     0.00034867
      292     0.00000000     0.00037189
      293     0.00000000     0.00022918
      294     0.00000000     0.00002932
      295     0.00000000     0.00000000
      296     0.00000000     0.00000000
      297     0.00000000     0.00000000
      298     0.00000000     0.00000000
      299     0.00000000     0.00000011
      300     0.00000000     0.00000065
      301     0.00000000     0.00000127
      302     0.00000000     0.00000364
      303     0.00000000     0.00001323
      304     0.00000000     0.00004954
      305     0.00000000     0.00006451
      306     0.00000000     0.00000000
      307     0.00000000     0.00000000
      308     0.00000000     0.00000000
      309     0.00000000     0.00000000
      310     0.00000000     0.00000756
      311     0.00000000     0.00001684
      312     0.00000000     0.00002381
      313     0.00000000     0.00002273
      314     0.00000000     0.00001486
      315     0.00000000     0.00000702
      316     0.00000000     0.00000239
      317     0.00000000     0.00000037
      318     0.00000000     0.00000000
      319     0.00000000     0.00000000
      320     0.00000000     0.00000000
      321     0.00000000     0.00000091
      322     0.00000000     0.00000275
      323     0.00000000     0.00000564
      324     0.00000000     0.00000945
      325     0.00000000     0.00001392
      326     0.00000000     0.00001864
      327     0.00000000     0.00002296
      328     0.00000000     0.00002549
      329     0.00000000     0.00002427
      330     0.00000000     0.00001844
      331     0.00000000     0.00001001
      332     0.00000000     0.00000233
      333     0.00000000     0.00000000
      334     0.00000000     0.00000000
      335     0.00000000     0.00000000
      336     0.00000000     0.00000367
      337     0.00000000     0.00001099
      338     0.00000000     0.00001576
      339     0.00000000     0.00001351
      340     0.00000000     0.00000714
      341     0.00000000     0.00000188
      342     0.00000000     0.00000000
      343     0.00000000     0.00000000
      344     0.00000000     0.00000000
      345     0.00000000     0.00000000
      346     0.00000000     0.00000000
      347     0.00000000     0.00000012
      348     0.00000000     0.00000036
      349     0.00000000     0.00000041
      350     0.00000000     0.00000035
      351     0.00000000     0.00000031
      352     0.00000000     0.00000041
      353     0.00000000     0.00000080
      354     0.00000000     0.00000187
      355     0.00000000     0.00000432
      356     0.00000000     0.00000903
      357     0.00000000     0.00001682
      358     0.00000000     0.00002776
      359     0.00000000     0.00004086
      360     0.00000000     0.00005338
      361     0.00000000     0.00006112
      362     0.00000000     0.00006009
      363     0.00000000     0.00004941
      364     0.00000000     0.00003345
      365     0.00000000     0.00001887
      366     0.00000000     0.00000900
      367     0.00000000     0.00000335
      368     0.00000000     0.00000044
      369     0.00000000     0.00000000
      370     0.00000000     0.00000000
      371     0.00000000     0.00000000
      372     0.00000000     0.00000076
      373     0.00000000     0.00000197
      374     0.00000000     0.00000320
      375     0.00000000     0.00000431
      376     0.00000000     0.00000514
      377     0.00000000     0.00000554
      378     0.00000000     0.00000531
      379     0.00000000     0.00000447
      380     0.00000000     0.00000314
      381     0.00000000     0.00000157
      382     0.00000000     0.00000000
      383     0.00000000     0.00000000
      384     0.00000000     0.00000000
      385     0.00000000     0.00000000
      386     0.00000000     0.00000000
      387     0.00000000     0.00000000
      388     0.00000000     0.00000000
      389     0.00000000     0.00000000
      390     0.00000000     0.00000200
      391     0.00000000     0.00000726
      392     0.00000000     0.00001483
      393     0.00000000     0.00002395
      394     0.00000000     0.00003281
      395     0.00000000     0.00003926
      396     0.00000000     0.00004185
      397     0.00000000     0.00004034
      398     0.00000000     0.00003547
      399     0.00000000     0.00002846
      400     0.00000000     0.00002076
      401     0.00000000     0.00001367
      402     0.00000000     0.00000820
      403     0.00000000     0.00000444
      404     0.00000000     0.00000208
      405     0.00000000     0.00000070
      406     0.00000000     0.00000002
      407     0.00000000     0.00000000
      408     0.00000000     0.00000000
      409     0.00000000     0.00000039
      410     0.00000000     0.00000094
      411     0.00000000     0.00000151
      412     0.00000000     0.00000201
      413     0.00000000     0.00000241
      414     0.00000000     0.00000281
      415     0.00000000     0.00000342
      416     0.00000000     0.00000450
      417     0.00000000     0.00000643
      418     0.00000000     0.00000959
      419     0.00000000     0.00001414
      420     0.00000000     0.00001969
      421     0.00000000     0.00002426
      422     0.00000000     0.00002420
      423     0.00000000     0.00001700
      424     0.00000000     0.00000498
      425     0.00000000     0.00000000
      426     0.00000000     0.00000000
      427     0.00000000     0.00000000
      428     0.00000000     0.00000389
      429     0.00000000     0.00001963
      430     0.00000000     0.00003935
      431     0.00000000     0.00006094
      432     0.00000000     0.00008234
      433     0.00000000     0.00010090
      434     0.00000000     0.00011294
      435     0.00000000     0.00011467
      436     0.00000000     0.00010416
      437     0.00000000     0.00008314
      438     0.00000000     0.00005664
      439     0.00000000     0.00003127
      440     0.00000000     0.00001234
      441     0.00000000     0.00000180
      442     0.00000000     0.00000000
      443     0.00000000     0.00000000
      444     0.00000000     0.00000293
      445     0.00000000     0.00000861
      446     0.00000000     0.00001507
      447     0.00000000     0.00002166
      448     0.00000000     0.00002754
      449     0.00000000     0.00003160
      450     0.00000000     0.00003231
      451     0.00000000     0.00002858
      452     0.00000000     0.00002144
      453     0.00000000     0.00001375
      454     0.00000000     0.00000780
      455     0.00000000     0.00000405
      456     0.00000000     0.00000176
      457     0.00000000     0.00000025
      458     0.00000000     0.00000000
      459     0.00000000     0.00000000
      460     0.00000000     0.00000000
      461     0.00000000     0.00000000
      462     0.00000000     0.00000000
      463     0.00000000     0.00000349
      464     0.00000000     0.00000864
      465     0.00000000     0.00001414
      466     0.00000000     0.00001829
      467     0.00000000     0.00002006
      468     0.00000000     0.00001987
      469     0.00000000     0.00001896
      470     0.00000000     0.00001800
      471     0.00000000     0.00001685
      472     0.00000000     0.00001496
      473     0.00000000     0.00001217
      474     0.00000000     0.00000877
      475     0.00000000     0.00000535
      476     0.00000000     0.00000245
      477     0.00000000     0.00000052
      478     0.00000000     0.00000000
      479     0.00000000     0.00000000
      480     0.00000000     0.00000118
      481     0.00000000     0.00000347
      482     0.00000000     0.00000702
      483     0.00000000     0.00001198
      484     0.00000000     0.00001824
      485     0.00000000     0.00002537
      486     0.00000000     0.00003329
      487     0.00000000     0.00004191
      488     0.00000000     0.00005182
      489     0.00000000     0.00006340
      490     0.00000000     0.00007572
      491     0.00000000     0.00008639
      492     0.00000000     0.00009104
      493     0.00000000     0.00008491
      494     0.00000000     0.00006718
      495     0.00000000     0.00004324
      496     0.00000000     0.00002103
      497     0.00000000     0.00000607
      498     0.00000000     0.00000000
      499     0.00000000     0.00000000
      500     0.00000000     0.00000000
      501     0.00000000     0.00000003
      502     0.00000000     0.00000248
      503     0.00000000     0.00000519
      504     0.00000000     0.00000774
      505     0.00000000     0.00000986
      506     0.00000000     0.00001172
      507     0.00000000     0.00001373
      508     0.00000000     0.00001634
      509     0.00000000     0.00001980
      510     0.00000000     0.00002399
      511     0.00000000     0.00002828
      512     0.00000000     0.00003136
      513     0.00000000     0.00003134
      514     0.00000000     0.00002683
      515     0.00000000     0.00001828
      516     0.00000000     0.00000850
      517     0.00000000     0.00000124
      518     0.00000000     0.00000000
      519     0.00000000     0.00000000
      520     0.00000000     0.00000320
      521     0.00000000     0.00000739
      522     0.00000000     0.00001100
      523     0.00000000     0.00001347
      524     0.00000000     0.00001454
      525     0.00000000     0.00001443
      526     0.00000000     0.00001333
      527     0.00000000     0.00001133
      528     0.00000000     0.00000860
      529     0.00000000     0.00000539
      530     0.00000000     0.00000224
      531     0.00000000     0.00000000
      532     0.00000000     0.00000000
      533     0.00000000     0.00000169
      534     0.00000000     0.00000610
      535     0.00000000     0.00001195
      536     0.00000000     0.00001792
      537     0.00000000     0.00002269
      538     0.00000000     0.00002506
      539     0.00000000     0.00002414
      540     0.00000000     0.00001969
      541     0.00000000     0.00001260
      542     0.00000000     0.00000482
      543     0.00000000     0.00000000
      544     0.00000000     0.00000000
      545     0.00000000     0.00000000
      546     0.00000000     0.00000000
      547     0.00000000     0.00000000
      548     0.00000000     0.00000000
      549     0.00000000     0.00000000
      550     0.00000000     0.00000000
      551     0.00000000     0.00000141
      552     0.00000000     0.00000442
      553     0.00000000     0.00000776
      554     0.00000000     0.00001067
      555     0.00000000     0.00001213
      556     0.00000000     0.00001150
      557     0.00000000     0.00000896
      558     0.00000000     0.00000541
      559     0.00000000     0.00000195
      560     0.00000000     0.00000000
      561     0.00000000     0.00000000
      562     0.00000000     0.00000000
      563     0.00000000     0.00000179
      564     0.00000000     0.00000510
      565     0.00000000     0.00000852
      566     0.00000000     0.00001103
      567     0.00000000     0.00001170
      568     0.00000000     0.00001009
      569     0.00000000     0.00000684
      570     0.00000000     0.00000341
      571     0.00000000     0.00000103
      572     0.00000000     0.00000000
      573     0.00000000     0.00000000
      574     0.00000000     0.00000000
      575     0.00000000     0.00000001
      576     0.00000000     0.00000012
      577     0.00000000     0.00000010
      578     0.00000000     0.00000000
      579     0.00000000     0.00000000
      580     0.00000000     0.00000000
      581     0.00000000     0.00000000
      582     0.00000000     0.00000000
      583     0.00000000     0.00000000
      584     0.00000000     0.00000000
      585     0.00000000     0.00000000
      586     0.00000000     0.00000000
      587     0.00000000     0.00000025
      588     0.00000000     0.00000142
      589     0.00000000     0.00000458
      590     0.00000000     0.00001156
      591     0.00000000     0.00002455
      592     0.00000000     0.00004470
      593     0.00000000     0.00006814
      594     0.00000000     0.00008137
      595     0.00000000     0.00007071
      596     0.00000000     0.00004393
      597     0.00000000     0.00002110
      598     0.00000000     0.00000757
      599     0.00000000     0.00000073
      600     0.00000000     0.00000000
