#    Step        Prob(0)        Prob(1)        
        0     0.00000000     0.00000000
        1     0.00000001     0.00000000
        2     0.00000000     0.00000000
        3     0.00000001     0.00000000
        4     0.00000000     0.00000000
        5     0.00000000     0.00000000
        6     0.00000000     0.00000000
        7     0.00000000     0.00000000
        8     0.00000000     0.00000000
        9     0.00000000     0.00000000
       10     0.00000000     0.00000000
       11     0.00000000     0.00000000
       12     0.00000000     0.00000000
       13     0.00000000     0.00000000
       14     0.00000000     0.00000000
       15     0.00000000     0.00000000
       16     0.00007883     0.00000000
       17     0.00000000     0.00000000
       18     0.00001050     0.00000000
       19     0.00001468     0.00000000
       20     0.00000000     0.00000000
       21     0.00001632     0.00000000
       22     0.00000911     0.00000000
       23     0.00001172     0.00000000
       24     0.00001419     0.00000000
       25     0.00001309     0.00000000
       26     0.00001456     0.00000000
       27     0.00001541     0.00000000
       28     0.00001549     0.00000000
       29     0.00001593     0.00000000
       30     0.00001605     0.00000000
       31     0.00001570     0.00000000
       32     0.00001515     0.00000000
       33     0.00001436     0.00000000
       34     0.00001330     0.00000000
       35     0.00001207     0.00000000
       36     0.00001079     0.00000000
       37     0.00000950     0.00000000
       38     0.00000825     0.00000000
       39     0.00000710     0.00000000
       40     0.00000608     0.00000000
       41     0.00000519     0.00000000
       42     0.00000441     0.00000000
       43     0.00000375     0.00000000
       44     0.00000319     0.00000000
       45     0.00000271     0.00000000
       46     0.00000230     0.00000000
       47     0.00000194     0.00000000
       48     0.00000160     0.00000000
       49     0.00000130     0.00000000
       50     0.00000105     0.00000000
       51     0.00000084     0.00000000
       52     0.00000064     0.00000000
       53     0.00000046     0.00000000
       54     0.00000031     0.00000000
       55     0.00000020     0.00000000
       56     0.00000010     0.00000000
       57     0.00000003     0.00000000
       58     0.00000000     0.00000000
       59     0.00000000     0.00000000
       60     0.00000000     0.00000000
       61     0.00000000     0.00000000
       62     0.00000000     0.00000000
       63     0.00000000     0.00000000
       64     0.00000000     0.00000000
       65     0.00000000     0.00000000
       66     0.00000000     0.00000000
       67     0.00000000     0.00000000
       68     0.00000000     0.00000000
       69     0.00000000     0.00000000
       70     0.00000000     0.00000000
       71     0.00000000     0.00000000
       72     0.00000000     0.00000000
       73     0.00000000     0.00000000
       74     0.00000000     0.00000000
       75     0.00000000     0.00000000
       76     0.00000005     0.00000000
       77     0.00000011     0.00000000
       78     0.00000018     0.00000000
       79     0.00000026     0.00000000
       80     0.00000035     0.00000000
       81     0.00000045     0.00000000
       82     0.00000054     0.00000000
       83     0.00000063     0.00000000
       84     0.00000073     0.00000000
       85     0.00000083     0.00000000
       86     0.00000093     0.00000000
       87     0.00000103     0.00000000
       88     0.00000110     0.00000000
       89     0.00000117     0.00000000
       90     0.00000123     0.00000000
       91     0.00000125     0.00000000
       92     0.00000127     0.00000000
       93     0.00000132     0.00000000
       94     0.00000138     0.00000000
       95     0.00000145     0.00000000
       96     0.00000150     0.00000000
       97     0.00000156     0.00000000
       98     0.00000162     0.00000000
       99     0.00000171     0.00000000
      100     0.00000186     0.00000000
      101     0.00000206     0.00000000
      102     0.00000234     0.00000000
      103     0.00000271     0.00000000
      104     0.00000320     0.00000000
      105     0.00000388     0.00000000
      106     0.00000481     0.00000000
      107     0.00000613     0.00000000
      108     0.00000800     0.00000000
      109     0.00001070     0.00000000
      110     0.00001467     0.00000000
      111     0.00002056     0.00000000
      112     0.00002946     0.00000000
      113     0.00004310     0.00000000
      114     0.00006441     0.00000000
      115     0.00009835     0.00000000
      116     0.00015353     0.00000000
      117     0.00024527     0.00000000
      118     0.00040161     0.00000000
      119     0.00067539     0.00000000
      120     0.00116941     0.00000000
      121     0.00209066     0.00000000
      122     0.00387038     0.00000000
      123     0.00743235     0.00000000
      124     0.01477172     0.00000000
      125     0.02998313     0.00000000
      126     0.05975822     0.00000000
      127     0.10751743     0.00000000
      128     0.15557822     0.00000000
      129     0.16969564     0.00000000
      130     0.14437747     0.00000000
      131     0.10307753     0.00000000
      132     0.06467194     0.00000000
      133     0.03565994     0.00000000
      134     0.01604476     0.00000000
      135     0.00391107     0.00000000
      136     0.00000000     0.00000000
      137     0.00000000     0.00000000
      138     0.00000000     0.00000000
      139     0.00000000     0.00000000
      140     0.00000000     0.00000000
      141     0.00148978     0.00000000
      142     0.00455233     0.00000000
      143     0.00718539     0.00000000
      144     0.00898725     0.00000000
      145     0.00956848     0.00000000
      146     0.00854767     0.00000000
      147     0.00556009     0.00000000
      148     0.00028760     0.00000000
      149     0.00000000     0.00000000
      150     0.00000000     0.00000000
      151     0.00000000     0.00000000
      152     0.00000000     0.00000000
      153     0.00000000     0.00000000
      154     0.00000000     0.00000000
      155     0.00000000     0.00000000
      156     0.00000000     0.00000000
      157     0.00000000     0.00000000
      158     0.00000000     0.00000000
      159     0.00000000     0.00000000
      160     0.00000000     0.00000000
      161     0.00000000     0.00000000
      162     0.00000000     0.00000000
      163     0.00000000     0.00000000
      164     0.00000000     0.00000000
      165     0.00000000     0.00000000
      166     0.00081309     0.00000000
      167     0.00255916     0.00000000
      168     0.00524414     0.00000000
      169     0.00940190     0.00000000
      170     0.01605173     0.00000000
      171     0.02706365     0.00000000
      172     0.04551913     0.00000000
      173     0.07466921     0.00000000
      174     0.11256863     0.00000000
      175     0.14429095     0.00000000
      176     0.15044764     0.00000000
      177     0.12972762     0.00000000
      178     0.00000000     0.00000000
      179     0.00000000     0.00000000
      180     0.00000000     0.00000000
      181     0.00000000     0.00000000
      182     0.00000000     0.00404816
      183     0.00000000     0.00488564
      184     0.00000000     0.00263427
      185     0.00000000     0.00000000
      186     0.00000000     0.00000000
      187     0.00000000     0.00000000
      188     0.00000000     0.00079336
      189     0.00000000     0.00300049
      190     0.00000000     0.00348884
      191     0.00000000     0.00172592
      192     0.00000000     0.00000000
      193     0.00000000     0.00000000
      194     0.00000000     0.00000000
      195     0.00000000     0.00058648
      196     0.00000000     0.00145034
      197     0.00000000     0.00052179
      198     0.00000000     0.00000000
      199     0.00000000     0.00000000
      200     0.00000000     0.00028354
      201     0.00000000     0.00047605
      202     0.00000000     0.00000000
      203     0.00000000     0.00000000
      204     0.00000000     0.00010940
      205     0.00000000     0.00019896
      206     0.00000000     0.00000000
      207     0.00000000     0.00000000
      208     0.00000000     0.00014385
      209     0.00000000     0.00009468
      210     0.00000000     0.00006749
      211     0.00000000     0.00023628
      212     0.00000000     0.00039074
      213     0.00000000     0.00062484
      214     0.00000000     0.00033480
      215     0.00000000     0.00000000
      216     0.00000000     0.00000000
      217     0.00000000     0.00001305
      218     0.00000000     0.00000000
      219     0.00000000     0.00000295
      220     0.00000000     0.00000000
      221     0.00000000     0.00000000
      222     0.00000000     0.00000080
      223     0.00000000     0.00000000
      224     0.00000000     0.00000020
      225     0.00000000     0.00000000
      226     0.00000000     0.00000000
      227     0.00000000     0.00000000
      228     0.00000000     0.00000000
      229     0.00000000     0.00000002
      230     0.00000000     0.00000000
      231     0.00000000     0.00000001
      232     0.00000000     0.00000000
      233     0.00000000     0.00000000
      234     0.00000000     0.00000000
      235     0.00000000     0.00000000
      236     0.00000000     0.00000000
      237     0.00000000     0.00000000
      238     0.00000000     0.00000000
      239     0.00000000     0.00000000
      240     0.00000000     0.00000000
      241     0.00000000     0.00000000
      242     0.00000000     0.00000000
      243     0.00000000     0.00000000
      244     0.00000000     0.00000000
      245     0.00000000     0.00000000
      246     0.00000000     0.00000000
      247     0.00000000     0.00000000
      248     0.00000000     0.00000000
      249     0.00000000     0.00000000
      250     0.00000000     0.00000000
      251     0.00000000     0.00000000
      252     0.00000000     0.00000000
      253     0.00000000     0.00000000
      254     0.00000000     0.00000000
      255     0.00000000     0.00000000
      256     0.00000000     0.00000000
      257     0.00000000     0.00000000
      258     0.00000000     0.00000000
      259     0.00000000     0.00000000
      260     0.00000000     0.00000000
      261     0.00000000     0.00000000
      262     0.00000000     0.00000000
      263     0.00000000     0.00000000
      264     0.00000000     0.00000000
      265     0.00000000     0.00000000
      266     0.00000000     0.00000000
      267     0.00000000     0.00000000
      268     0.00000000     0.00000000
      269     0.00000000     0.00000000
      270     0.00000000     0.00000000
      271     0.00000000     0.00000000
      272     0.00000000     0.00000000
      273     0.00000000     0.00000000
      274     0.00000000     0.00000001
      275     0.00000000     0.00000001
      276     0.00000000     0.00000001
      277     0.00000000     0.00000001
      278     0.00000000     0.00000001
      279     0.00000000     0.00000001
      280     0.00000000     0.00000001
      281     0.00000000     0.00000001
      282     0.00000000     0.00000001
      283     0.00000000     0.00000001
      284     0.00000000     0.00000001
      285     0.00000000     0.00000001
      286     0.00000000     0.00000001
      287     0.00000000     0.00000001
      288     0.00000000     0.00000001
      289     0.00000000     0.00000001
      290     0.00000000     0.00000001
      291     0.00000000     0.00000001
      292     0.00000000     0.00000001
      293     0.00000000     0.00000002
      294     0.00000000     0.00000002
      295     0.00000000     0.00000002
      296     0.00000000     0.00000002
      297     0.00000000     0.00000002
      298     0.00000000     0.00000003
      299     0.00000000     0.00000003
      300     0.00000000     0.00000003
