#     Density Matrix: population Re; see the manual for detail orders
        0     0.00000000     1.00000000
        1     0.00000001     0.99999999
        2     0.00000000     1.00000000
        3     0.00000000     1.00000000
        4     0.00000001     0.99999999
        5     0.00000000     1.00000000
        6     0.00000001     0.99999999
        7     0.00000000     1.00000000
        8     0.00000000     1.00000000
        9     0.00000000     1.00000000
       10     0.00000000     1.00000000
       11     0.00000000     1.00000000
       12     0.00000000     1.00000000
       13     0.00000000     1.00000000
       14     0.00000000     1.00000000
       15     0.00001356     0.99998644
       16     0.00002223     0.99997777
       17     0.00000086     0.99999914
       18     0.00001254     0.99998746
       19     0.00000457     0.99999543
       20     0.00000688     0.99999312
       21     0.00000851     0.99999149
       22     0.00000711     0.99999289
       23     0.00000933     0.99999067
       24     0.00000971     0.99999029
       25     0.00001015     0.99998985
       26     0.00001119     0.99998881
       27     0.00001154     0.99998846
       28     0.00001182     0.99998818
       29     0.00001222     0.99998778
       30     0.00001239     0.99998761
       31     0.00001252     0.99998748
       32     0.00001276     0.99998724
       33     0.00001301     0.99998699
       34     0.00001327     0.99998673
       35     0.00001359     0.99998641
       36     0.00001396     0.99998604
       37     0.00001434     0.99998566
       38     0.00001470     0.99998530
       39     0.00001505     0.99998495
       40     0.00001535     0.99998465
       41     0.00001558     0.99998442
       42     0.00001572     0.99998428
       43     0.00001579     0.99998421
       44     0.00001578     0.99998422
       45     0.00001569     0.99998431
       46     0.00001554     0.99998446
       47     0.00001534     0.99998466
       48     0.00001511     0.99998489
       49     0.00001486     0.99998514
       50     0.00001458     0.99998542
       51     0.00001430     0.99998570
       52     0.00001402     0.99998598
       53     0.00001374     0.99998626
       54     0.00001346     0.99998654
       55     0.00001318     0.99998682
       56     0.00001291     0.99998709
       57     0.00001265     0.99998735
       58     0.00001239     0.99998761
       59     0.00001214     0.99998786
       60     0.00001191     0.99998809
       61     0.00001171     0.99998829
       62     0.00001150     0.99998850
       63     0.00001126     0.99998874
       64     0.00001101     0.99998899
       65     0.00001076     0.99998924
       66     0.00001055     0.99998945
       67     0.00001037     0.99998963
       68     0.00001019     0.99998981
       69     0.00001000     0.99999000
       70     0.00000980     0.99999020
       71     0.00000961     0.99999039
       72     0.00000943     0.99999057
       73     0.00000926     0.99999074
       74     0.00000910     0.99999090
       75     0.00000893     0.99999107
       76     0.00000877     0.99999123
       77     0.00000861     0.99999139
       78     0.00000847     0.99999153
       79     0.00000835     0.99999165
       80     0.00000828     0.99999172
       81     0.00000826     0.99999174
       82     0.00000829     0.99999171
       83     0.00000841     0.99999159
       84     0.00000861     0.99999139
       85     0.00000892     0.99999108
       86     0.00000937     0.99999063
       87     0.00000998     0.99999002
       88     0.00001080     0.99998920
       89     0.00001186     0.99998814
       90     0.00001323     0.99998677
       91     0.00001497     0.99998503
       92     0.00001716     0.99998284
       93     0.00001992     0.99998008
       94     0.00002335     0.99997665
       95     0.00002762     0.99997238
       96     0.00003285     0.99996715
       97     0.00003920     0.99996080
       98     0.00004674     0.99995326
       99     0.00005541     0.99994459
      100     0.00006480     0.99993520
      101     0.00007383     0.99992617
      102     0.00008017     0.99991983
      103     0.00007995     0.99992005
      104     0.00007292     0.99992708
      105     0.00013359     0.99986641
      106     0.00208208     0.99791792
      107     0.82176625     0.17823375
      108     0.53248011     0.46751989
      109     0.55085544     0.44914456
      110     0.53751095     0.46248905
      111     0.51672289     0.48327711
      112     0.49349139     0.50650861
      113     0.46985451     0.53014549
      114     0.44691117     0.55308883
      115     0.42535258     0.57464742
      116     0.40566553     0.59433447
      117     0.38822677     0.61177323
      118     0.37335133     0.62664867
      119     0.36131863     0.63868137
      120     0.35238734     0.64761266
      121     0.34680466     0.65319534
      122     0.34481191     0.65518809
      123     0.34664809     0.65335191
      124     0.35254911     0.64745089
      125     0.36273689     0.63726311
      126     0.37738342     0.62261658
      127     0.39651698     0.60348302
      128     0.41980843     0.58019157
      129     0.44615414     0.55384586
      130     0.47306252     0.52693748
      131     0.49624823     0.50375177
      132     0.51042449     0.48957551
      133     0.51175933     0.48824067
      134     0.50014535     0.49985465
      135     0.47888799     0.52111201
      136     0.45248685     0.54751315
      137     0.42484637     0.57515363
      138     0.39870711     0.60129289
      139     0.37577292     0.62422708
      140     0.35699724     0.64300276
      141     0.34281781     0.65718219
      142     0.33330711     0.66669289
      143     0.32825788     0.67174212
      144     0.32722759     0.67277241
      145     0.32955908     0.67044092
      146     0.33438635     0.66561365
      147     0.34062664     0.65937336
      148     0.34695685     0.65304315
      149     0.35178008     0.64821992
      150     0.35322748     0.64677252
      151     0.34934073     0.65065927
      152     0.33865432     0.66134568
      153     0.32116727     0.67883273
      154     0.29886219     0.70113781
      155     0.27476327     0.72523673
      156     0.25132423     0.74867577
      157     0.22980316     0.77019684
      158     0.21064638     0.78935362
      159     0.19399378     0.80600622
      160     0.17994365     0.82005635
      161     0.16865302     0.83134698
      162     0.16039344     0.83960656
      163     0.15562431     0.84437569
      164     0.15513878     0.84486122
      165     0.16035003     0.83964997
      166     0.17389172     0.82610828
      167     0.20095178     0.79904822
      168     0.25203594     0.74796406
      169     0.34625203     0.65374797
      170     0.49953826     0.50046174
      171     0.67561676     0.32438324
      172     0.80210853     0.19789147
      173     0.86487036     0.13512964
      174     0.89079738     0.10920262
      175     0.89967890     0.10032110
      176     0.90072622     0.09927378
      177     0.89805740     0.10194260
      178     0.89364967     0.10635033
      179     0.88861510     0.11138490
      180     0.88381829     0.11618171
      181     0.88025991     0.11974009
      182     0.87927375     0.12072625
      183     0.88092731     0.11907269
      184     0.85721746     0.14278254
      185     0.67244514     0.32755486
      186     0.43867070     0.56132930
      187     0.35310623     0.64689377
      188     0.32183167     0.67816833
      189     0.30841290     0.69158710
      190     0.30252953     0.69747047
      191     0.30040804     0.69959196
      192     0.30034122     0.69965878
      193     0.30141199     0.69858801
      194     0.30305950     0.69694050
      195     0.30496869     0.69503131
      196     0.30736663     0.69263337
      197     0.31306568     0.68693432
      198     0.33671871     0.66328129
      199     0.40604222     0.59395778
      200     0.48957545     0.51042455
      201     0.53902757     0.46097243
      202     0.56295685     0.43704315
      203     0.58186557     0.41813443
      204     0.60358051     0.39641949
      205     0.63162695     0.36837305
      206     0.66733197     0.33266803
      207     0.71017930     0.28982070
      208     0.75785933     0.24214067
      209     0.80657855     0.19342145
      210     0.85190078     0.14809922
      211     0.89006951     0.10993049
      212     0.91932769     0.08067231
      213     0.94047441     0.05952559
      214     0.95613417     0.04386583
      215     0.96900987     0.03099013
      216     0.98024257     0.01975743
      217     0.98914542     0.01085458
      218     0.99458255     0.00541745
      219     0.99670617     0.00329383
      220     0.99722890     0.00277110
      221     0.99790847     0.00209153
      222     0.99904321     0.00095679
      223     0.99981269     0.00018731
      224     0.99983428     0.00016572
      225     0.99966782     0.00033218
      226     0.99979390     0.00020610
      227     0.99997882     0.00002118
      228     0.99994248     0.00005752
      229     0.99986538     0.00013462
      230     0.99990696     0.00009304
      231     0.99992070     0.00007930
      232     0.99985217     0.00014783
      233     0.99981134     0.00018866
      234     0.99976594     0.00023406
      235     0.99969238     0.00030762
      236     0.99974490     0.00025510
      237     0.99987535     0.00012465
      238     0.99993854     0.00006146
      239     0.99996560     0.00003440
      240     0.99998251     0.00001749
      241     0.99998910     0.00001090
      242     0.99999329     0.00000671
      243     0.99999575     0.00000425
      244     0.99999701     0.00000299
      245     0.99999798     0.00000202
      246     0.99999851     0.00000149
      247     0.99999890     0.00000110
      248     0.99999917     0.00000083
      249     0.99999935     0.00000065
      250     0.99999948     0.00000052
      251     0.99999958     0.00000042
      252     0.99999965     0.00000035
      253     0.99999971     0.00000029
      254     0.99999975     0.00000025
      255     0.99999978     0.00000022
      256     0.99999981     0.00000019
      257     0.99999983     0.00000017
      258     0.99999984     0.00000016
      259     0.99999986     0.00000014
      260     0.99999987     0.00000013
      261     0.99999988     0.00000012
      262     0.99999989     0.00000011
      263     0.99999990     0.00000010
      264     0.99999990     0.00000010
      265     0.99999991     0.00000009
      266     0.99999992     0.00000008
      267     0.99999992     0.00000008
      268     0.99999992     0.00000008
      269     0.99999993     0.00000007
      270     0.99999993     0.00000007
      271     0.99999994     0.00000006
      272     0.99999994     0.00000006
      273     0.99999995     0.00000005
      274     0.99999995     0.00000005
      275     0.99999995     0.00000005
      276     0.99999996     0.00000004
      277     0.99999996     0.00000004
      278     0.99999997     0.00000003
      279     0.99999997     0.00000003
      280     0.99999997     0.00000003
      281     0.99999998     0.00000002
      282     0.99999998     0.00000002
      283     0.99999999     0.00000001
      284     0.99999999     0.00000001
      285     0.99999999     0.00000001
      286     1.00000000     0.00000000
      287     1.00000000     0.00000000
      288     1.00000000     0.00000000
      289     1.00000000     0.00000000
      290     1.00000000     0.00000000
      291     1.00000000     0.00000000
      292     1.00000000     0.00000000
      293     1.00000000     0.00000000
      294     0.99999999     0.00000001
      295     0.99999999     0.00000001
      296     0.99999999     0.00000001
      297     0.99999998     0.00000002
      298     0.99999998     0.00000002
      299     0.99999997     0.00000003
      300     0.99999997     0.00000003
