#    Step     Kinetic(H)     Potential(H)   Total(H)       E(0)(H)        E(1)(H)        
        0     0.01318419   -16.41785326   -16.40466907   -16.55498442   -16.41785326
        1     0.01142707   -16.41608099   -16.40465392   -16.55398027   -16.41608099
        2     0.01057816   -16.41522874   -16.40465058   -16.55347902   -16.41522874
        3     0.01069337   -16.41535366   -16.40466029   -16.55355522   -16.41535366
        4     0.01163455   -16.41631260   -16.40467805   -16.55405850   -16.41631260
        5     0.01314418   -16.41783942   -16.40469524   -16.55469976   -16.41783942
        6     0.01496959   -16.41967442   -16.40470483   -16.55518512   -16.41967442
        7     0.01696726   -16.42167191   -16.40470465   -16.55532514   -16.42167191
        8     0.01913264   -16.42383160   -16.40469896   -16.55506825   -16.42383160
        9     0.02154180   -16.42623722   -16.40469542   -16.55444555   -16.42623722
       10     0.02423940   -16.42894054   -16.40470114   -16.55346935   -16.42894054
       11     0.02713658   -16.43185505   -16.40471847   -16.55204697   -16.43185505
       12     0.02997662   -16.43472010   -16.40474348   -16.54996276   -16.43472010
       13     0.03238969   -16.43715845   -16.40476876   -16.54694116   -16.43715845
       14     0.03400429   -16.43879051   -16.40478622   -16.54275208   -16.43879051
       15     0.03455954   -16.43935105   -16.40479151   -16.53731160   -16.43935105
       16     0.03397470   -16.43875909   -16.40478439   -16.53073508   -16.43875909
       17     0.03236038   -16.43712842   -16.40476804   -16.52333248   -16.43712842
       18     0.02997699   -16.43472379   -16.40474680   -16.51555098   -16.43472379
       19     0.02716571   -16.43189046   -16.40472475   -16.50789265   -16.43189046
       20     0.02428244   -16.42898720   -16.40470476   -16.50083713   -16.42898720
       21     0.02165222   -16.42634031   -16.40468809   -16.49478968   -16.42634031
       22     0.01954034   -16.42421724   -16.40467690   -16.49005404   -16.42421724
       23     0.01812043   -16.42279431   -16.40467388   -16.48680554   -16.42279431
       24     0.01743767   -16.42211812   -16.40468045   -16.48506248   -16.42211812
       25     0.01739406   -16.42208821   -16.40469415   -16.48468042   -16.42208821
       26     0.01778978   -16.42249795   -16.40470817   -16.48540282   -16.42249795
       27     0.01841852   -16.42313412   -16.40471560   -16.48696594   -16.42313412
       28     0.01916491   -16.42387878   -16.40471387   -16.48920098   -16.42387878
       29     0.02003610   -16.42474367   -16.40470757   -16.49206561   -16.42474367
       30     0.02109988   -16.42580460   -16.40470472   -16.49557437   -16.42580460
       31     0.02237335   -16.42708445   -16.40471110   -16.49967891   -16.42708445
       32     0.02374868   -16.42847348   -16.40472480   -16.50418756   -16.42847348
       33     0.02501832   -16.42975674   -16.40473842   -16.50879419   -16.42975674
       34     0.02597677   -16.43072160   -16.40474483   -16.51318898   -16.43072160
       35     0.02651834   -16.43126090   -16.40474256   -16.51716579   -16.43126090
       36     0.02666187   -16.43139733   -16.40473546   -16.52065132   -16.43139733
       37     0.02649695   -16.43122636   -16.40472941   -16.52365220   -16.43122636
       38     0.02610674   -16.43083390   -16.40472716   -16.52617660   -16.43083390
       39     0.02552699   -16.43025443   -16.40472744   -16.52819530   -16.43025443
       40     0.02476588   -16.42949180   -16.40472592   -16.52966452   -16.42949180
       41     0.02385994   -16.42857944   -16.40471950   -16.53058722   -16.42857944
       42     0.02291629   -16.42762448   -16.40470819   -16.53105713   -16.42762448
       43     0.02210579   -16.42680230   -16.40469651   -16.53125154   -16.42680230
       44     0.02159978   -16.42629039   -16.40469061   -16.53136270   -16.42629039
       45     0.02148209   -16.42617654   -16.40469445   -16.53150320   -16.42617654
       46     0.02169412   -16.42640086   -16.40470674   -16.53164513   -16.42640086
       47     0.02205871   -16.42677891   -16.40472020   -16.53164011   -16.42677891
       48     0.02238161   -16.42710804   -16.40472643   -16.53132307   -16.42710804
       49     0.02257202   -16.42729336   -16.40472134   -16.53063423   -16.42729336
       50     0.02269655   -16.42740574   -16.40470919   -16.52967362   -16.42740574
       51     0.02292220   -16.42762157   -16.40469937   -16.52863797   -16.42762157
       52     0.02338790   -16.42808719   -16.40469929   -16.52768349   -16.42808719
       53     0.02410076   -16.42881005   -16.40470929   -16.52681747   -16.42881005
       54     0.02492636   -16.42965027   -16.40472391   -16.52589420   -16.42965027
       55     0.02565639   -16.43039382   -16.40473743   -16.52469390   -16.43039382
       56     0.02608892   -16.43083571   -16.40474679   -16.52301321   -16.43083571
       57     0.02608273   -16.43083291   -16.40475018   -16.52072496   -16.43083291
       58     0.02558513   -16.43033215   -16.40474702   -16.51781098   -16.43033215
       59     0.02464460   -16.42938249   -16.40473789   -16.51437616   -16.42938249
       60     0.02340819   -16.42813225   -16.40472406   -16.51064317   -16.42813225
       61     0.02209921   -16.42680706   -16.40470785   -16.50692400   -16.42680706
       62     0.02098049   -16.42567245   -16.40469196   -16.50357349   -16.42567245
       63     0.02030849   -16.42498812   -16.40467963   -16.50093293   -16.42498812
       64     0.02027718   -16.42495228   -16.40467510   -16.49926531   -16.42495228
       65     0.02095058   -16.42563349   -16.40468291   -16.49868052   -16.42563349
       66     0.02220036   -16.42690503   -16.40470467   -16.49906702   -16.42690503
       67     0.02369136   -16.42842739   -16.40473603   -16.50007505   -16.42842739
       68     0.02496034   -16.42972554   -16.40476520   -16.50119817   -16.42972554
       69     0.02559363   -16.43037081   -16.40477718   -16.50196020   -16.43037081
       70     0.02543812   -16.43020089   -16.40476277   -16.50214132   -16.43020089
       71     0.02471979   -16.42944730   -16.40472751   -16.50191146   -16.42944730
       72     0.02395565   -16.42864668   -16.40469103   -16.50174698   -16.42864668
       73     0.02366695   -16.42834315   -16.40467620   -16.50213647   -16.42834315
       74     0.02406744   -16.42875824   -16.40469080   -16.50325209   -16.42875824
       75     0.02495147   -16.42967460   -16.40472313   -16.50483259   -16.42967460
       76     0.02585209   -16.43060484   -16.40475275   -16.50635125   -16.43060484
       77     0.02632390   -16.43108979   -16.40476589   -16.50731375   -16.43108979
       78     0.02614652   -16.43090778   -16.40476126   -16.50746858   -16.43090778
       79     0.02536153   -16.43010716   -16.40474563   -16.50684154   -16.43010716
       80     0.02418708   -16.42891418   -16.40472710   -16.50564530   -16.42891418
       81     0.02289917   -16.42761042   -16.40471125   -16.50415791   -16.42761042
       82     0.02174102   -16.42644184   -16.40470082   -16.50263163   -16.42644184
       83     0.02088037   -16.42557587   -16.40469550   -16.50124897   -16.42557587
       84     0.02040723   -16.42510114   -16.40469391   -16.50012061   -16.42510114
       85     0.02035279   -16.42504746   -16.40469467   -16.49930315   -16.42504746
       86     0.02070605   -16.42540405   -16.40469800   -16.49881536   -16.42540405
       87     0.02141164   -16.42611713   -16.40470549   -16.49863345   -16.42611713
       88     0.02235153   -16.42706993   -16.40471840   -16.49866976   -16.42706993
       89     0.02333464   -16.42806996   -16.40473532   -16.49875859   -16.42806996
       90     0.02412842   -16.42887860   -16.40475018   -16.49868519   -16.42887860
       91     0.02455032   -16.42930401   -16.40475369   -16.49827822   -16.42930401
       92     0.02459792   -16.42933634   -16.40473842   -16.49754406   -16.42933634
       93     0.02453766   -16.42924518   -16.40470752   -16.49676315   -16.42924518
       94     0.02483867   -16.42951740   -16.40467873   -16.49642609   -16.42951740
       95     0.02591657   -16.43059018   -16.40467361   -16.49696548   -16.43059018
       96     0.02783795   -16.43253683   -16.40469888   -16.49844164   -16.43253683
       97     0.03023282   -16.43497233   -16.40473951   -16.50045054   -16.43497233
       98     0.03249695   -16.43726995   -16.40477300   -16.50234458   -16.43726995
       99     0.03410529   -16.43889223   -16.40478694   -16.50356823   -16.43889223
      100     0.03480506   -16.43958773   -16.40478267   -16.50385885   -16.43958773
      101     0.03461635   -16.43938489   -16.40476854   -16.50324273   -16.43938489
      102     0.03372445   -16.43847647   -16.40475202   -16.50192005   -16.43847647
      103     0.03236964   -16.43710642   -16.40473678   -16.50015054   -16.43710642
      104     0.03078658   -16.43550964   -16.40472306   -16.49819058   -16.43550964
      105     0.02919603   -16.43390529   -16.40470926   -16.49628271   -16.43390529
      106     0.02781988   -16.43251481   -16.40469493   -16.49466932   -16.43251481
      107     0.02688274   -16.43156521   -16.40468247   -16.49359206   -16.43156521
      108     0.02657224   -16.43124968   -16.40467744   -16.49324881   -16.43124968
      109     0.02695832   -16.43164383   -16.40468551   -16.49370792   -16.43164383
      110     0.02791303   -16.43262161   -16.40470858   -16.49482332   -16.43262161
      111     0.02909630   -16.43383671   -16.40474041   -16.49621637   -16.43383671
      112     0.03005577   -16.43482315   -16.40476738   -16.49737828   -16.43482315
      113     0.03042998   -16.43520371   -16.40477373   -16.49788109   -16.43520371
      114     0.03017376   -16.43492425   -16.40475049   -16.49761607   -16.43492425
      115     0.02967080   -16.43437590   -16.40470510   -16.49692138   -16.43437590
      116     0.02960521   -16.43426832   -16.40466311   -16.49646218   -16.43426832
      117     0.03059181   -16.43524462   -16.40465281   -16.49685220   -16.43524462
      118     0.03278269   -16.43746519   -16.40468250   -16.49824201   -16.43746519
      119     0.03575166   -16.44048546   -16.40473380   -16.50019702   -16.44048546
      120     0.03874000   -16.44351918   -16.40477918   -16.50195658   -16.44351918
      121     0.04104308   -16.44584551   -16.40480243   -16.50283486   -16.44584551
      122     0.04226511   -16.44706787   -16.40480276   -16.50247332   -16.44706787
      123     0.04235765   -16.44714501   -16.40478736   -16.50086693   -16.44714501
      124     0.04153217   -16.44629545   -16.40476328   -16.49826530   -16.44629545
      125     0.04015184   -16.44488769   -16.40473585   -16.49506053   -16.44488769
      126     0.03864165   -16.44335084   -16.40470919   -16.49169640   -16.44335084
      127     0.03741151   -16.44209944   -16.40468793   -16.48859248   -16.44209944
      128     0.03678398   -16.44145995   -16.40467597   -16.48607131   -16.44145995
      129     0.03693742   -16.44161220   -16.40467478   -16.48430146   -16.44161220
      130     0.03788244   -16.44256580   -16.40468336   -16.48327651   -16.44256580
      131     0.03947696   -16.44417615   -16.40469919   -16.48283412   -16.44417615
      132     0.04146676   -16.44618584   -16.40471908   -16.48270012   -16.44618584
      133     0.04353649   -16.44827629   -16.40473980   -16.48254236   -16.44827629
      134     0.04537007   -16.45012656   -16.40475649   -16.48203093   -16.45012656
      135     0.04673013   -16.45149248   -16.40476235   -16.48091810   -16.45149248
      136     0.04755656   -16.45230770   -16.40475114   -16.47914013   -16.45230770
      137     0.04804260   -16.45276648   -16.40472388   -16.47690104   -16.45276648
      138     0.04859906   -16.45329356   -16.40469450   -16.47464343   -16.45329356
      139     0.04964689   -16.45433144   -16.40468455   -16.47283582   -16.45433144
      140     0.05132385   -16.45602947   -16.40470562   -16.47165994   -16.45602947
      141     0.05333233   -16.45807976   -16.40474743   -16.47084396   -16.45807976
      142     0.05507993   -16.45986598   -16.40478605   -16.46981128   -16.45986598
      143     0.05600223   -16.46080744   -16.40480521   -16.46803732   -16.46080744
      144     0.05579079   -16.46060282   -16.40481203   -16.46535411   -16.46060282
      145     0.05428087   -16.45913211   -16.40485124   -16.46213963   -16.45913211
      146     0.05458448   -16.45936807   -16.40478359   -16.45936807   -16.45619162
      147     0.05231584   -16.45715508   -16.40483924   -16.45715508   -16.45198425
      148     0.05078521   -16.45562116   -16.40483595   -16.45562116   -16.44780071
      149     0.04996888   -16.45479715   -16.40482827   -16.45479715   -16.44413016
      150     0.04997997   -16.45480547   -16.40482550   -16.45480547   -16.44117336
      151     0.03415536   -16.43898454   -16.40482918   -16.45569463   -16.43898454
      152     0.03332615   -16.43816303   -16.40483688   -16.45725916   -16.43816303
      153     0.03371483   -16.43856680   -16.40485197   -16.45966955   -16.43856680
      154     0.03507531   -16.43994789   -16.40487258   -16.46267031   -16.43994789
      155     0.06103118   -16.46592791   -16.40489673   -16.46592791   -16.44197480
      156     0.06626992   -16.47119845   -16.40492853   -16.47119845   -16.44527102
      157     0.07065037   -16.47560554   -16.40495517   -16.47560554   -16.44704440
      158     0.07380877   -16.47878105   -16.40497228   -16.47878105   -16.44707434
      159     0.07553838   -16.48051458   -16.40497620   -16.48051458   -16.44531488
      160     0.07583233   -16.48079891   -16.40496658   -16.48079891   -16.44191415
      161     0.07487883   -16.47982704   -16.40494821   -16.47982704   -16.43719894
      162     0.07299528   -16.47792286   -16.40492758   -16.47792286   -16.43159897
      163     0.07052948   -16.47543903   -16.40490955   -16.47543903   -16.42554158
      164     0.06779193   -16.47268505   -16.40489312   -16.47268505   -16.41937958
      165     0.06506531   -16.46993915   -16.40487384   -16.46993915   -16.41340745
      166     0.06266286   -16.46751246   -16.40484960   -16.46751246   -16.40793353
      167     0.06095413   -16.46577831   -16.40482418   -16.46577831   -16.40331867
      168     0.06030757   -16.46511350   -16.40480593   -16.46511350   -16.39992491
      169     0.06097578   -16.46577788   -16.40480210   -16.46577788   -16.39799760
      170     0.06299594   -16.46781008   -16.40481414   -16.46781008   -16.39755884
      171     0.06616250   -16.47100085   -16.40483835   -16.47100085   -16.39837415
      172     0.07008835   -16.47495521   -16.40486686   -16.47495521   -16.40000747
      173     0.07432135   -16.47921255   -16.40489120   -16.47921255   -16.40193627
      174     0.07846630   -16.48337224   -16.40490594   -16.48337224   -16.40367767
      175     0.08226899   -16.48717905   -16.40491006   -16.48717905   -16.40488061
      176     0.08563311   -16.49054070   -16.40490759   -16.49054070   -16.40535564
      177     0.08856997   -16.49347496   -16.40490499   -16.49347496   -16.40503601
      178     0.09110916   -16.49601728   -16.40490812   -16.49601728   -16.40389709
      179     0.09322191   -16.49813900   -16.40491709   -16.49813900   -16.40188209
      180     0.09480969   -16.49973675   -16.40492706   -16.49973675   -16.39889375
      181     0.09579083   -16.50071886   -16.40492803   -16.50071886   -16.39488080
      182     0.09624150   -16.50115369   -16.40491219   -16.50115369   -16.38998594
      183     0.09648576   -16.50136819   -16.40488243   -16.50136819   -16.38464553
      184     0.09703510   -16.50188781   -16.40485271   -16.50188781   -16.37953221
      185     0.09837504   -16.50321607   -16.40484103   -16.50321607   -16.37534060
      186     0.10072606   -16.50558028   -16.40485422   -16.50558028   -16.37254371
      187     0.10393626   -16.50882109   -16.40488483   -16.50882109   -16.37128611
      188     0.10756836   -16.51248763   -16.40491927   -16.51248763   -16.37143220
      189     0.11110005   -16.51604547   -16.40494542   -16.51604547   -16.37266694
      190     0.11409163   -16.51905346   -16.40496183   -16.51905346   -16.37457396
      191     0.11624617   -16.52121617   -16.40497000   -16.52121617   -16.37671883
      192     0.11740648   -16.52237592   -16.40496944   -16.52237592   -16.37873150
      193     0.11754864   -16.52250900   -16.40496036   -16.52250900   -16.38036390
      194     0.11677381   -16.52171935   -16.40494554   -16.52171935   -16.38151081
      195     0.11526627   -16.52019684   -16.40493057   -16.52019684   -16.38218250
      196     0.11321709   -16.51813776   -16.40492067   -16.51813776   -16.38243362
      197     0.11075480   -16.51567178   -16.40491698   -16.51567178   -16.38229274
      198     0.10792579   -16.51284280   -16.40491701   -16.51284280   -16.38173928
      199     0.10472889   -16.50964559   -16.40491670   -16.50964559   -16.38073269
      200     0.10117015   -16.50608401   -16.40491386   -16.50608401   -16.37926289
      201     0.09729535   -16.50220444   -16.40490909   -16.50220444   -16.37737536
      202     0.09319157   -16.49809405   -16.40490248   -16.49809405   -16.37516447
      203     0.08898731   -16.49387959   -16.40489228   -16.49387959   -16.37276728
      204     0.08488807   -16.48976128   -16.40487321   -16.48976128   -16.37039226
      205     0.08124523   -16.48608622   -16.40484099   -16.48608622   -16.36838280
      206     0.07859337   -16.48339361   -16.40480024   -16.48339361   -16.36724948
      207     0.07755719   -16.48232547   -16.40476828   -16.48232547   -16.36756970
      208     0.07859419   -16.48336043   -16.40476624   -16.48336043   -16.36972838
      209     0.08170733   -16.48650789   -16.40480056   -16.48650789   -16.37363545
      210     0.08635947   -16.49121524   -16.40485577   -16.49121524   -16.37865990
      211     0.09169175   -16.49659706   -16.40490531   -16.49659706   -16.38387585
      212     0.09689634   -16.50182775   -16.40493141   -16.50182775   -16.38845584
      213     0.10149117   -16.50642386   -16.40493269   -16.50642386   -16.39194402
      214     0.10536120   -16.51028249   -16.40492129   -16.51028249   -16.39428378
      215     0.10860532   -16.51351778   -16.40491246   -16.51351778   -16.39564583
      216     0.11132786   -16.51624293   -16.40491507   -16.51624293   -16.39620558
      217     0.11351087   -16.51843846   -16.40492759   -16.51843846   -16.39600934
      218     0.11503007   -16.51997052   -16.40494045   -16.51997052   -16.39499271
      219     0.11577116   -16.52071601   -16.40494485   -16.52071601   -16.39310649
      220     0.11574246   -16.52068054   -16.40493808   -16.52068054   -16.39043490
      221     0.11510641   -16.52003084   -16.40492443   -16.52003084   -16.38722738
      222     0.11411986   -16.51903080   -16.40491094   -16.51903080   -16.38383203
      223     0.11302964   -16.51793346   -16.40490382   -16.51793346   -16.38058345
      224     0.11198197   -16.51688735   -16.40490538   -16.51688735   -16.37770440
      225     0.11098577   -16.51589958   -16.40491381   -16.51589958   -16.37526496
      226     0.10994566   -16.51486877   -16.40492311   -16.51486877   -16.37321250
      227     0.10875297   -16.51367874   -16.40492577   -16.51367874   -16.37146409
      228     0.10739005   -16.51230831   -16.40491826   -16.51230831   -16.37001347
      229     0.10596883   -16.51087415   -16.40490532   -16.51087415   -16.36896852
      230     0.10464373   -16.50954393   -16.40490020   -16.50954393   -16.36845582
      231     0.10344828   -16.50835937   -16.40491109   -16.50835937   -16.36843674
      232     0.10219586   -16.50712828   -16.40493242   -16.50712828   -16.36860081
      233     0.10055397   -16.50550325   -16.40494928   -16.50550325   -16.36846005
      234     0.09824533   -16.50319513   -16.40494980   -16.50319513   -16.36758355
      235     0.09521258   -16.50014634   -16.40493376   -16.50014634   -16.36578973
      236     0.09163541   -16.49654581   -16.40491040   -16.49654581   -16.36317512
      237     0.08781376   -16.49270503   -16.40489127   -16.49270503   -16.35999031
      238     0.08401705   -16.48889845   -16.40488140   -16.48889845   -16.35647681
      239     0.08041403   -16.48528994   -16.40487591   -16.48528994   -16.35278948
      240     0.07712433   -16.48199117   -16.40486684   -16.48199117   -16.34905317
      241     0.07431972   -16.47917008   -16.40485036   -16.47917008   -16.34547186
      242     0.07226272   -16.47709414   -16.40483142   -16.47709414   -16.34237255
      243     0.07123998   -16.47605869   -16.40481871   -16.47605869   -16.34013072
      244     0.07144027   -16.47625903   -16.40481876   -16.47625903   -16.33903412
      245     0.07285656   -16.47768998   -16.40483342   -16.47768998   -16.33916912
      246     0.07526395   -16.48012272   -16.40485877   -16.48012272   -16.34038365
      247     0.07828123   -16.48316764   -16.40488641   -16.48316764   -16.34234130
      248     0.08149896   -16.48640486   -16.40490590   -16.48640486   -16.34465204
      249     0.08463683   -16.48954531   -16.40490848   -16.48954531   -16.34704087
      250     0.08766177   -16.49255589   -16.40489412   -16.49255589   -16.34948405
      251     0.09077526   -16.49565115   -16.40487589   -16.49565115   -16.35221139
      252     0.09422105   -16.49909552   -16.40487447   -16.49909552   -16.35551730
      253     0.09800400   -16.50290522   -16.40490122   -16.50290522   -16.35947039
      254     0.10173996   -16.50668611   -16.40494615   -16.50668611   -16.36375696
      255     0.10479869   -16.50978232   -16.40498363   -16.50978232   -16.36782743
      256     0.10665578   -16.51164853   -16.40499275   -16.51164853   -16.37125008
      257     0.10718017   -16.51215311   -16.40497294   -16.51215311   -16.37397666
      258     0.10664013   -16.51158318   -16.40494305   -16.51158318   -16.37630670
      259     0.10545524   -16.51037807   -16.40492283   -16.51037807   -16.37861297
      260     0.10392764   -16.50884502   -16.40491738   -16.50884502   -16.38108674
      261     0.10215944   -16.50707742   -16.40491798   -16.50707742   -16.38369404
      262     0.10015027   -16.50506594   -16.40491567   -16.50506594   -16.38630650
      263     0.09791982   -16.50282864   -16.40490882   -16.50282864   -16.38883322
      264     0.09553678   -16.50043863   -16.40490185   -16.50043863   -16.39124356
      265     0.09306753   -16.49796656   -16.40489903   -16.49796656   -16.39350674
      266     0.09052427   -16.49542485   -16.40490058   -16.49542485   -16.39553755
      267     0.08786226   -16.49276559   -16.40490333   -16.49276559   -16.39719796
      268     0.08502041   -16.48992448   -16.40490407   -16.48992448   -16.39834501
      269     0.08197519   -16.48687498   -16.40489979   -16.48687498   -16.39888715
      270     0.07878472   -16.48367323   -16.40488851   -16.48367323   -16.39882957
      271     0.07561784   -16.48048785   -16.40487001   -16.48048785   -16.39830317
      272     0.07275003   -16.47759885   -16.40484882   -16.47759885   -16.39756276
      273     0.07048666   -16.47532217   -16.40483551   -16.47532217   -16.39691142
      274     0.06900880   -16.47384988   -16.40484108   -16.47384988   -16.39654049
      275     0.06823572   -16.47310081   -16.40486509   -16.47310081   -16.39637877
      276     0.06784807   -16.47273966   -16.40489159   -16.47273966   -16.39610866
      277     0.06750405   -16.47240539   -16.40490134   -16.47240539   -16.39539060
      278     0.06709209   -16.47198073   -16.40488864   -16.47198073   -16.39412977
      279     0.06680225   -16.47166860   -16.40486635   -16.47166860   -16.39255161
      280     0.06694689   -16.47180170   -16.40485481   -16.47180170   -16.39101182
      281     0.06768709   -16.47255053   -16.40486344   -16.47255053   -16.38970583
      282     0.06890367   -16.47378771   -16.40488404   -16.47378771   -16.38853426
      283     0.07030483   -16.47520479   -16.40489996   -16.47520479   -16.38722046
      284     0.07164804   -16.47654962   -16.40490158   -16.47654962   -16.38554835
      285     0.07288997   -16.47777985   -16.40488988   -16.47777985   -16.38351636
      286     0.07418421   -16.47905709   -16.40487288   -16.47905709   -16.38133276
      287     0.07576975   -16.48062942   -16.40485967   -16.48062942   -16.37930145
      288     0.07783379   -16.48269088   -16.40485709   -16.48269088   -16.37768727
      289     0.08041057   -16.48527837   -16.40486780   -16.48527837   -16.37661967
      290     0.08334436   -16.48823362   -16.40488926   -16.48823362   -16.37605512
      291     0.08632243   -16.49123751   -16.40491508   -16.49123751   -16.37579197
      292     0.08896836   -16.49390488   -16.40493652   -16.49390488   -16.37552165
      293     0.09097205   -16.49591681   -16.40494476   -16.49591681   -16.37491893
      294     0.09221392   -16.49714932   -16.40493540   -16.49714932   -16.37377054
      295     0.09282691   -16.49773991   -16.40491300   -16.49773991   -16.37208587
      296     0.09314788   -16.49803723   -16.40488935   -16.49803723   -16.37009674
      297     0.09353446   -16.49841411   -16.40487965   -16.49841411   -16.36809754
      298     0.09415558   -16.49904539   -16.40488981   -16.49904539   -16.36622884
      299     0.09492454   -16.49983374   -16.40490920   -16.49983374   -16.36439563
      300     0.09561873   -16.50054227   -16.40492354   -16.50054227   -16.36238149
      301     0.09605350   -16.50098324   -16.40492974   -16.50098324   -16.36001316
      302     0.09613124   -16.50106516   -16.40493392   -16.50106516   -16.35720329
      303     0.09578008   -16.50071842   -16.40493834   -16.50071842   -16.35390361
      304     0.09493982   -16.49987584   -16.40493602   -16.49987584   -16.35010811
      305     0.09365523   -16.49857550   -16.40492027   -16.49857550   -16.34595093
      306     0.09216084   -16.49705431   -16.40489347   -16.49705431   -16.34178296
      307     0.09083792   -16.49570517   -16.40486725   -16.49570517   -16.33811179
      308     0.09005706   -16.49491011   -16.40485305   -16.49491011   -16.33541846
      309     0.09001685   -16.49487184   -16.40485499   -16.49487184   -16.33397424
      310     0.09067731   -16.49554768   -16.40487037   -16.49554768   -16.33376432
      311     0.09179665   -16.49669038   -16.40489373   -16.49669038   -16.33453305
      312     0.09300640   -16.49792800   -16.40492160   -16.49792800   -16.33590417
      313     0.09388667   -16.49883390   -16.40494723   -16.49883390   -16.33750966
      314     0.09407274   -16.49903326   -16.40496052   -16.49903326   -16.33905409
      315     0.09337740   -16.49833582   -16.40495842   -16.49833582   -16.34033503
      316     0.09186206   -16.49680207   -16.40494001   -16.49680207   -16.34130502
      317     0.08982832   -16.49473994   -16.40491162   -16.49473994   -16.34211643
      318     0.08771772   -16.49260308   -16.40488536   -16.49260308   -16.34307157
      319     0.08592809   -16.49080257   -16.40487448   -16.49080257   -16.34444799
      320     0.08463073   -16.48951333   -16.40488260   -16.48951333   -16.34630588
      321     0.08372100   -16.48862196   -16.40490096   -16.48862196   -16.34843486
      322     0.08293109   -16.48784834   -16.40491725   -16.48784834   -16.35047706
      323     0.08198680   -16.48691466   -16.40492786   -16.48691466   -16.35209499
      324     0.08068434   -16.48561911   -16.40493477   -16.48561911   -16.35304885
      325     0.07888894   -16.48382655   -16.40493761   -16.48382655   -16.35318492
      326     0.07654219   -16.48147480   -16.40493261   -16.48147480   -16.35243811
      327     0.07371271   -16.47862910   -16.40491639   -16.47862910   -16.35088027
      328     0.07063619   -16.47552747   -16.40489128   -16.47552747   -16.34875772
      329     0.06768862   -16.47255167   -16.40486305   -16.47255167   -16.34646262
      330     0.06529258   -16.47013212   -16.40483954   -16.47013212   -16.34443891
      331     0.06380123   -16.46862824   -16.40482701   -16.46862824   -16.34306681
      332     0.06340771   -16.46823542   -16.40482771   -16.46823542   -16.34257087
      333     0.06410505   -16.46894560   -16.40484055   -16.46894560   -16.34297764
      334     0.06569648   -16.47055942   -16.40486294   -16.47055942   -16.34412244
      335     0.06783991   -16.47273062   -16.40489071   -16.47273062   -16.34569017
      336     0.07011766   -16.47503559   -16.40491793   -16.47503559   -16.34727970
      337     0.07212843   -16.47706535   -16.40493692   -16.47706535   -16.34849555
      338     0.07359296   -16.47853488   -16.40494192   -16.47853488   -16.34905510
      339     0.07443911   -16.47937211   -16.40493300   -16.47937211   -16.34887581
      340     0.07479965   -16.47971753   -16.40491788   -16.47971753   -16.34807390
      341     0.07489845   -16.47980604   -16.40490759   -16.47980604   -16.34684711
      342     0.07490636   -16.47981153   -16.40490517   -16.47981153   -16.34532327
      343     0.07489570   -16.47979981   -16.40490411   -16.47979981   -16.34352023
      344     0.07491219   -16.47981088   -16.40489869   -16.47981088   -16.34143762
      345     0.07503305   -16.47992697   -16.40489392   -16.47992697   -16.33913511
      346     0.07531166   -16.48020896   -16.40489730   -16.48020896   -16.33667751
      347     0.07568858   -16.48059594   -16.40490736   -16.48059594   -16.33403974
      348     0.07601718   -16.48093059   -16.40491341   -16.48093059   -16.33113254
      349     0.07621130   -16.48111767   -16.40490637   -16.48111767   -16.32795551
      350     0.07637577   -16.48126193   -16.40488616   -16.48126193   -16.32472666
      351     0.07680793   -16.48166929   -16.40486136   -16.48166929   -16.32187538
      352     0.07787625   -16.48271963   -16.40484338   -16.48271963   -16.31991319
      353     0.07985553   -16.48469688   -16.40484135   -16.48469688   -16.31927658
      354     0.08278871   -16.48765063   -16.40486192   -16.48765063   -16.32025177
