#    Step        Prob(0)        Prob(1)        
        0     0.00000000     0.00000000
        1     0.00000000     0.00000000
        2     0.00000000     0.00000000
        3     0.00000000     0.00000000
        4     0.00000994     0.00000000
        5     0.00000350     0.00000000
        6     0.00002417     0.00000000
        7     0.00002428     0.00000000
        8     0.00004501     0.00000000
        9     0.00005218     0.00000000
       10     0.00006004     0.00000000
       11     0.00006413     0.00000000
       12     0.00006612     0.00000000
       13     0.00007278     0.00000000
       14     0.00007834     0.00000000
       15     0.00008171     0.00000000
       16     0.00008110     0.00000000
       17     0.00007546     0.00000000
       18     0.00006589     0.00000000
       19     0.00005408     0.00000000
       20     0.00004175     0.00000000
       21     0.00003024     0.00000000
       22     0.00002010     0.00000000
       23     0.00001121     0.00000000
       24     0.00000353     0.00000000
       25     0.00000000     0.00000000
       26     0.00000000     0.00000000
       27     0.00000000     0.00000000
       28     0.00000000     0.00000000
       29     0.00000395     0.00000000
       30     0.00000977     0.00000000
       31     0.00001565     0.00000000
       32     0.00002210     0.00000000
       33     0.00002892     0.00000000
       34     0.00003437     0.00000000
       35     0.00003693     0.00000000
       36     0.00003673     0.00000000
       37     0.00003474     0.00000000
       38     0.00003184     0.00000000
       39     0.00002884     0.00000000
       40     0.00002585     0.00000000
       41     0.00002221     0.00000000
       42     0.00001736     0.00000000
       43     0.00001149     0.00000000
       44     0.00000549     0.00000000
       45     0.00000066     0.00000000
       46     0.00000000     0.00000000
       47     0.00000000     0.00000000
       48     0.00000000     0.00000000
       49     0.00000080     0.00000000
       50     0.00000234     0.00000000
       51     0.00000325     0.00000000
       52     0.00000327     0.00000000
       53     0.00000250     0.00000000
       54     0.00000132     0.00000000
       55     0.00000029     0.00000000
       56     0.00000000     0.00000000
       57     0.00000000     0.00000000
       58     0.00000000     0.00000000
       59     0.00000000     0.00000000
       60     0.00000015     0.00000000
       61     0.00000072     0.00000000
       62     0.00000232     0.00000000
       63     0.00000579     0.00000000
       64     0.00001167     0.00000000
       65     0.00001966     0.00000000
       66     0.00002861     0.00000000
       67     0.00003709     0.00000000
       68     0.00004373     0.00000000
       69     0.00004666     0.00000000
       70     0.00004367     0.00000000
       71     0.00003436     0.00000000
       72     0.00002129     0.00000000
       73     0.00000864     0.00000000
       74     0.00000000     0.00000000
       75     0.00000000     0.00000000
       76     0.00000000     0.00000000
       77     0.00000000     0.00000000
       78     0.00000000     0.00000000
       79     0.00000095     0.00000000
       80     0.00000272     0.00000000
       81     0.00000366     0.00000000
       82     0.00000333     0.00000000
       83     0.00000184     0.00000000
       84     0.00000009     0.00000000
       85     0.00000000     0.00000000
       86     0.00000004     0.00000000
       87     0.00000213     0.00000000
       88     0.00000446     0.00000000
       89     0.00000587     0.00000000
       90     0.00000555     0.00000000
       91     0.00000349     0.00000000
       92     0.00000063     0.00000000
       93     0.00000000     0.00000000
       94     0.00000000     0.00000000
       95     0.00000174     0.00000000
       96     0.00000475     0.00000000
       97     0.00000534     0.00000000
       98     0.00000248     0.00000000
       99     0.00000000     0.00000000
      100     0.00000647     0.00000000
      101     0.00003808     0.00000000
      102     0.00011039     0.00000000
      103     0.00023179     0.00000000
      104     0.00039296     0.00000000
      105     0.00056060     0.00000000
      106     0.00068063     0.00000000
      107     0.00069480     0.00000000
      108     0.00056967     0.00000000
      109     0.00032648     0.00000000
      110     0.00006092     0.00000000
      111     0.00000000     0.00000000
      112     0.00021749     0.00000000
      113     0.00119470     0.00000000
      114     0.00324196     0.00000000
      115     0.00662864     0.00000000
      116     0.01109549     0.00000000
      117     0.01533010     0.00000000
      118     0.01726246     0.00000000
      119     0.01564759     0.00000000
      120     0.01124111     0.00000000
      121     0.00600952     0.00000000
      122     0.00162836     0.00000000
      123     0.00000000     0.07077511
      124     0.00000000     0.09881550
      125     0.00000000     0.08421470
      126     0.00000000     0.05290155
      127     0.00000000     0.02350772
      128     0.00000000     0.00450042
      129     0.00000000     0.00000000
      130     0.00000000     0.00000000
      131     0.00000000     0.00000000
      132     0.00000000     0.00000000
      133     0.00000000     0.00067311
      134     0.00000000     0.00071271
      135     0.00000000     0.00023498
      136     0.00000000     0.00000000
      137     0.00000000     0.00000000
      138     0.00000000     0.00000000
      139     0.00000000     0.00007576
      140     0.00000000     0.00004373
      141     0.00000000     0.00000369
      142     0.00000000     0.00000000
      143     0.00000000     0.00000001
      144     0.00000000     0.00000013
      145     0.00000000     0.00000690
      146     0.00000000     0.00002035
      147     0.00000000     0.00003832
      148     0.00000000     0.00006079
      149     0.00000000     0.00008581
      150     0.00000000     0.00011174
      151     0.00000000     0.00013769
      152     0.00000000     0.00016137
      153     0.00000000     0.00017777
      154     0.00000000     0.00017773
      155     0.00000000     0.00015014
      156     0.00000000     0.00009558
      157     0.00000000     0.00003839
      158     0.00000000     0.00000473
      159     0.00000000     0.00000000
      160     0.00000000     0.00000000
      161     0.00000000     0.00000000
      162     0.00000000     0.00000000
      163     0.00000000     0.00000000
      164     0.00000000     0.00000000
      165     0.00000000     0.00000069
      166     0.00000000     0.00000168
      167     0.00000000     0.00000254
      168     0.00000000     0.00000318
      169     0.00000000     0.00000351
      170     0.00000000     0.00000349
      171     0.00000000     0.00000313
      172     0.00000000     0.00000258
      173     0.00000000     0.00000198
      174     0.00000000     0.00000147
      175     0.00000000     0.00000119
      176     0.00000000     0.00000111
      177     0.00000000     0.00000123
      178     0.00000000     0.00000156
      179     0.00000000     0.00000208
      180     0.00000000     0.00000274
      181     0.00000000     0.00000336
      182     0.00000000     0.00000366
      183     0.00000000     0.00000339
      184     0.00000000     0.00000250
      185     0.00000000     0.00000123
      186     0.00000000     0.00000009
      187     0.00000000     0.00000000
      188     0.00000000     0.00000016
      189     0.00000000     0.00000135
      190     0.00000000     0.00000252
      191     0.00000000     0.00000293
      192     0.00000000     0.00000227
      193     0.00000000     0.00000089
      194     0.00000000     0.00000000
      195     0.00000000     0.00000000
      196     0.00000000     0.00000092
      197     0.00000000     0.00000440
      198     0.00000000     0.00000959
      199     0.00000000     0.00001578
      200     0.00000000     0.00002200
      201     0.00000000     0.00002718
      202     0.00000000     0.00003037
      203     0.00000000     0.00003117
      204     0.00000000     0.00002954
      205     0.00000000     0.00002619
      206     0.00000000     0.00002234
      207     0.00000000     0.00001892
      208     0.00000000     0.00001649
      209     0.00000000     0.00001525
      210     0.00000000     0.00001533
      211     0.00000000     0.00001679
      212     0.00000000     0.00001984
      213     0.00000000     0.00002467
      214     0.00000000     0.00003141
      215     0.00000000     0.00003982
      216     0.00000000     0.00004938
      217     0.00000000     0.00005893
      218     0.00000000     0.00006648
      219     0.00000000     0.00006970
      220     0.00000000     0.00006677
      221     0.00000000     0.00005743
      222     0.00000000     0.00004344
      223     0.00000000     0.00002798
      224     0.00000000     0.00001448
      225     0.00000000     0.00000507
      226     0.00000000     0.00000019
      227     0.00000000     0.00000000
      228     0.00000000     0.00000003
      229     0.00000000     0.00000198
      230     0.00000000     0.00000378
      231     0.00000000     0.00000476
      232     0.00000000     0.00000476
      233     0.00000000     0.00000407
      234     0.00000000     0.00000321
      235     0.00000000     0.00000255
      236     0.00000000     0.00000225
      237     0.00000000     0.00000235
      238     0.00000000     0.00000292
      239     0.00000000     0.00000412
      240     0.00000000     0.00000617
      241     0.00000000     0.00000931
      242     0.00000000     0.00001370
      243     0.00000000     0.00001921
      244     0.00000000     0.00002521
      245     0.00000000     0.00003042
      246     0.00000000     0.00003316
      247     0.00000000     0.00003204
      248     0.00000000     0.00002699
      249     0.00000000     0.00001955
      250     0.00000000     0.00001214
      251     0.00000000     0.00000668
      252     0.00000000     0.00000373
      253     0.00000000     0.00000279
      254     0.00000000     0.00000335
      255     0.00000000     0.00000574
      256     0.00000000     0.00001144
      257     0.00000000     0.00002269
      258     0.00000000     0.00004155
      259     0.00000000     0.00006880
      260     0.00000000     0.00010308
      261     0.00000000     0.00014021
      262     0.00000000     0.00017251
      263     0.00000000     0.00018686
      264     0.00000000     0.00016649
      265     0.00000000     0.00010435
      266     0.00000000     0.00002514
      267     0.00000000     0.00000000
      268     0.00000000     0.00000000
      269     0.00000000     0.00000000
      270     0.00000000     0.00000000
      271     0.00000000     0.00000160
      272     0.00000000     0.00035757
      273     0.00000000     0.00000000
      274     0.00000000     0.00000000
      275     0.00000000     0.00000055
      276     0.00000000     0.00000058
      277     0.00000000     0.00000070
      278     0.00000000     0.00000129
      279     0.00000000     0.00000224
      280     0.00000000     0.00000350
      281     0.00000000     0.00000489
      282     0.00000000     0.00000616
      283     0.00000000     0.00000709
      284     0.00000000     0.00000764
      285     0.00000000     0.00000807
      286     0.00000000     0.00000863
      287     0.00000000     0.00000960
      288     0.00000000     0.00001096
      289     0.00000000     0.00001245
      290     0.00000000     0.00001345
      291     0.00000000     0.00001312
      292     0.00000000     0.00001078
      293     0.00000000     0.00000676
      294     0.00000000     0.00000241
      295     0.00000000     0.00000000
      296     0.00000000     0.00000000
      297     0.00000000     0.00000147
      298     0.00000000     0.00000516
      299     0.00000000     0.00000901
      300     0.00000000     0.00001191
      301     0.00000000     0.00001303
      302     0.00000000     0.00001205
      303     0.00000000     0.00000917
      304     0.00000000     0.00000535
      305     0.00000000     0.00000187
      306     0.00000000     0.00000000
      307     0.00000000     0.00000000
      308     0.00000000     0.00000000
      309     0.00000000     0.00000000
      310     0.00000000     0.00000000
      311     0.00000000     0.00000000
      312     0.00000000     0.00000004
      313     0.00000000     0.00000026
      314     0.00000000     0.00000043
      315     0.00000000     0.00000032
      316     0.00000000     0.00000000
      317     0.00000000     0.00000495
      318     0.00000000     0.00000000
      319     0.00000000     0.00000000
      320     0.00000000     0.00000000
      321     0.00000000     0.00000000
      322     0.00000000     0.00000000
      323     0.00000000     0.00000000
      324     0.00000000     0.00000000
      325     0.00000000     0.00000000
      326     0.00000000     0.00000000
      327     0.00000000     0.00000000
      328     0.00000000     0.00000000
      329     0.00000000     0.00000005
      330     0.00000000     0.00000036
      331     0.00000000     0.00000063
      332     0.00000000     0.00000053
      333     0.00000000     0.00000000
      334     0.00000000     0.00000000
      335     0.00000000     0.00000000
      336     0.00000000     0.00000000
      337     0.00000000     0.00000000
      338     0.00000000     0.00000000
      339     0.00000000     0.00000000
      340     0.00000000     0.00000000
      341     0.00000000     0.00000085
      342     0.00000000     0.00000059
      343     0.00000000     0.00000000
      344     0.00000000     0.00000000
      345     0.00000000     0.00000000
      346     0.00000000     0.00000000
      347     0.00000000     0.00000000
      348     0.00000000     0.00000000
      349     0.00000000     0.00000000
      350     0.00000000     0.00000000
      351     0.00000000     0.00000000
      352     0.00000000     0.00000000
      353     0.00000000     0.00000000
      354     0.00000000     0.00000000
      355     0.00000000     0.00000000
      356     0.00000000     0.00000000
      357     0.00000000     0.00000000
      358     0.00000000     0.00000001
      359     0.00000000     0.00000002
      360     0.00000000     0.00000006
      361     0.00000000     0.00000016
      362     0.00000000     0.00000038
      363     0.00000000     0.00000073
      364     0.00000000     0.00000117
      365     0.00000000     0.00000161
      366     0.00000000     0.00000189
      367     0.00000000     0.00000188
      368     0.00000000     0.00000153
      369     0.00000000     0.00000093
      370     0.00000000     0.00000032
      371     0.00000000     0.00000000
      372     0.00000000     0.00000000
      373     0.00000000     0.00000002
      374     0.00000000     0.00000041
      375     0.00000000     0.00000086
      376     0.00000000     0.00000126
      377     0.00000000     0.00000141
      378     0.00000000     0.00000113
      379     0.00000000     0.00000048
      380     0.00000000     0.00000000
      381     0.00000000     0.00000000
      382     0.00000000     0.00000000
      383     0.00000000     0.00000000
      384     0.00000000     0.00000000
      385     0.00000000     0.00000000
      386     0.00000000     0.00000000
      387     0.00000000     0.00000003
      388     0.00000000     0.00000006
      389     0.00000000     0.00000001
      390     0.00000000     0.00000000
      391     0.00000000     0.00000005
      392     0.00000000     0.00000021
      393     0.00000000     0.00000037
      394     0.00000000     0.00000049
      395     0.00000000     0.00000056
      396     0.00000000     0.00000053
      397     0.00000000     0.00000033
      398     0.00000000     0.00000001
      399     0.00000000     0.00000000
      400     0.00000000     0.00000155
      401     0.00000000     0.00000739
      402     0.00000000     0.00002279
      403     0.00000000     0.00005836
      404     0.00000000     0.00013787
      405     0.00000000     0.00031821
      406     0.00000000     0.00071694
      407     0.00000000     0.00125976
      408     0.00000000     0.00094019
      409     0.00000000     0.00025685
      410     0.00000000     0.00005064
      411     0.00000000     0.00001094
      412     0.00000000     0.00000000
      413     0.00000000     0.00000000
      414     0.00000000     0.00002468
      415     0.00000000     0.00007362
      416     0.00000000     0.00013675
      417     0.00000000     0.00020452
      418     0.00000000     0.00026218
      419     0.00000000     0.00029121
      420     0.00000000     0.00027891
      421     0.00000000     0.00023021
      422     0.00000000     0.00016849
      423     0.00000000     0.00011554
      424     0.00000000     0.00007842
      425     0.00000000     0.00005423
      426     0.00000000     0.00003887
      427     0.00000000     0.00002908
      428     0.00000000     0.00002270
      429     0.00000000     0.00001826
      430     0.00000000     0.00001469
      431     0.00000000     0.00001125
      432     0.00000000     0.00000751
      433     0.00000000     0.00000355
      434     0.00000000     0.00000023
      435     0.00000000     0.00000000
      436     0.00000000     0.00000521
      437     0.00000000     0.00002221
      438     0.00000000     0.00005649
      439     0.00000000     0.00011343
      440     0.00000000     0.00019128
      441     0.00000000     0.00026390
      442     0.00000000     0.00028066
      443     0.00000000     0.00022570
      444     0.00000000     0.00014747
      445     0.00000000     0.00008415
      446     0.00000000     0.00004153
      447     0.00000000     0.00001570
      448     0.00000000     0.00000250
      449     0.00000000     0.00000000
      450     0.00000000     0.00000086
      451     0.00000000     0.00000713
      452     0.00000000     0.00001499
      453     0.00000000     0.00002223
      454     0.00000000     0.00002699
      455     0.00000000     0.00002814
      456     0.00000000     0.00002565
      457     0.00000000     0.00002063
      458     0.00000000     0.00001473
      459     0.00000000     0.00000934
      460     0.00000000     0.00000527
      461     0.00000000     0.00000263
      462     0.00000000     0.00000123
      463     0.00000000     0.00000066
      464     0.00000000     0.00000050
      465     0.00000000     0.00000036
      466     0.00000000     0.00000013
      467     0.00000000     0.00000000
      468     0.00000000     0.00000000
      469     0.00000000     0.00000074
      470     0.00000000     0.00000324
      471     0.00000000     0.00000751
      472     0.00000000     0.00001297
      473     0.00000000     0.00001798
      474     0.00000000     0.00002048
      475     0.00000000     0.00001934
      476     0.00000000     0.00001496
      477     0.00000000     0.00000932
      478     0.00000000     0.00000385
      479     0.00000000     0.00000012
      480     0.00000000     0.00000000
      481     0.00000000     0.00000251
      482     0.00000000     0.00000974
      483     0.00000000     0.00001943
      484     0.00000000     0.00002861
      485     0.00000000     0.00003399
      486     0.00000000     0.00003369
      487     0.00000000     0.00002808
      488     0.00000000     0.00001925
      489     0.00000000     0.00001026
      490     0.00000000     0.00000297
      491     0.00000000     0.00000000
      492     0.00000000     0.00000000
      493     0.00000000     0.00000099
      494     0.00000000     0.00000572
      495     0.00000000     0.00001031
      496     0.00000000     0.00001288
      497     0.00000000     0.00001277
      498     0.00000000     0.00001087
      499     0.00000000     0.00000835
      500     0.00000000     0.00000613
      501     0.00000000     0.00000445
      502     0.00000000     0.00000307
      503     0.00000000     0.00000162
      504     0.00000000     0.00000022
      505     0.00000000     0.00000000
      506     0.00000000     0.00000000
      507     0.00000000     0.00000000
      508     0.00000000     0.00000001
      509     0.00000000     0.00000104
      510     0.00000000     0.00000555
      511     0.00000000     0.00001218
      512     0.00000000     0.00001592
      513     0.00000000     0.00001489
      514     0.00000000     0.00001104
      515     0.00000000     0.00000652
      516     0.00000000     0.00000245
      517     0.00000000     0.00000000
      518     0.00000000     0.00000000
      519     0.00000000     0.00000452
      520     0.00000000     0.00001583
      521     0.00000000     0.00003470
      522     0.00000000     0.00005978
      523     0.00000000     0.00008535
      524     0.00000000     0.00009959
      525     0.00000000     0.00008944
      526     0.00000000     0.00005724
      527     0.00000000     0.00002400
      528     0.00000000     0.00000443
      529     0.00000000     0.00000000
      530     0.00000000     0.00000000
      531     0.00000000     0.00000000
      532     0.00000000     0.00000000
      533     0.00000000     0.00000000
      534     0.00000000     0.00000029
      535     0.00000000     0.00000098
      536     0.00000000     0.00000109
      537     0.00000000     0.00000081
      538     0.00000000     0.00000042
      539     0.00000000     0.00000010
      540     0.00000000     0.00000000
      541     0.00000000     0.00000000
      542     0.00000000     0.00000000
      543     0.00000000     0.00000000
      544     0.00000000     0.00000000
      545     0.00000000     0.00000018
      546     0.00000000     0.00000062
      547     0.00000000     0.00000148
      548     0.00000000     0.00000282
      549     0.00000000     0.00000445
      550     0.00000000     0.00000582
      551     0.00000000     0.00000631
      552     0.00000000     0.00000571
      553     0.00000000     0.00000423
      554     0.00000000     0.00000254
      555     0.00000000     0.00000114
      556     0.00000000     0.00000024
      557     0.00000000     0.00000000
      558     0.00000000     0.00000000
      559     0.00000000     0.00000015
      560     0.00000000     0.00000041
      561     0.00000000     0.00000059
      562     0.00000000     0.00000067
      563     0.00000000     0.00000069
      564     0.00000000     0.00000065
      565     0.00000000     0.00000061
      566     0.00000000     0.00000050
      567     0.00000000     0.00000040
      568     0.00000000     0.00000024
      569     0.00000000     0.00000005
      570     0.00000000     0.00000000
      571     0.00000000     0.00000004
      572     0.00000000     0.00000053
      573     0.00000000     0.00000053
      574     0.00000000     0.00000002
      575     0.00000000     0.00000000
      576     0.00000000     0.00000000
      577     0.00000000     0.00000000
      578     0.00000000     0.00000000
      579     0.00000000     0.00000001
      580     0.00000000     0.00000002
      581     0.00000000     0.00000003
      582     0.00000000     0.00000005
      583     0.00000000     0.00000006
      584     0.00000000     0.00000007
      585     0.00000000     0.00000006
      586     0.00000000     0.00000003
      587     0.00000000     0.00000001
      588     0.00000000     0.00000000
      589     0.00000000     0.00000000
      590     0.00000000     0.00000000
      591     0.00000000     0.00000001
      592     0.00000000     0.00000002
      593     0.00000000     0.00000005
      594     0.00000000     0.00000007
      595     0.00000000     0.00000010
      596     0.00000000     0.00000009
      597     0.00000000     0.00000007
      598     0.00000000     0.00000005
      599     0.00000000     0.00000003
      600     0.00000000     0.00000001
