#    Non-Adiabatic Coupling Matrix Elements: off-diagonal
         0     0.00000000     0.00000000     0.00000000
         1    -0.00000124     0.00001012     0.00044792
         2    -0.00000218     0.00003833     0.00036301
         3    -0.00000379     0.00006725     0.00023809
         4    -0.00000604     0.00009769     0.00007004
         5    -0.00000889     0.00012955    -0.00014264
         6    -0.00001222     0.00016109    -0.00040276
         7    -0.00001584     0.00019045    -0.00072003
         8    -0.00001951     0.00021601    -0.00111729
         9    -0.00002294     0.00023656    -0.00163883
        10    -0.00002581     0.00025137    -0.00236610
        11    -0.00002781     0.00026017    -0.00345364
        12    -0.00002856     0.00026318    -0.00521889
        13    -0.00002755     0.00026120    -0.00838643
        14    -0.00002366     0.00025552    -0.01481492
        15    -0.00001400     0.00024734    -0.02934119
        16     0.00000302     0.00023640    -0.05533054
        17     0.00002008     0.00032832    -0.07397898
        18    -0.00002359     0.00029256    -0.02689733
        19    -0.00002223     0.00016102    -0.00766081
        20    -0.00002200     0.00015397    -0.00515260
        21    -0.00002162     0.00015226    -0.00365636
        22    -0.00002081     0.00015029    -0.00268897
        23    -0.00001976     0.00014790    -0.00202185
        24    -0.00001859     0.00014548    -0.00153672
        25    -0.00001741     0.00014349    -0.00116682
        26    -0.00001668     0.00014435    -0.00087132
        27    -0.00001558     0.00014288    -0.00062382
        28    -0.00001345     0.00013626    -0.00040483
        29    -0.00001186     0.00013183    -0.00019707
        30    -0.00001037     0.00012710     0.00001459
        31    -0.00000895     0.00012282     0.00024602
        32    -0.00000760     0.00011905     0.00051748
        33    -0.00000632     0.00011563     0.00085741
        34    -0.00000513     0.00011250     0.00130951
        35    -0.00000407     0.00010960     0.00194702
        36    -0.00000329     0.00010702     0.00290075
        37    -0.00000307     0.00010475     0.00442131
        38    -0.00000408     0.00010278     0.00700374
        39    -0.00000787     0.00010100     0.01152928
        40    -0.00001716     0.00009898     0.01846623
        41    -0.00003156     0.00009625     0.02346306
        42    -0.00004347     0.00009431     0.01999821
        43    -0.00004976     0.00009320     0.01346506
        44    -0.00007237     0.00010383     0.01142640
        45    -0.00008197     0.00009099     0.00809680
        46    -0.00008752     0.00008255     0.00571755
        47    -0.00009110     0.00007740     0.00417870
        48    -0.00009380     0.00007467     0.00319879
        49    -0.00009622     0.00007374     0.00256461
        50    -0.00009869     0.00007420     0.00214191
        51    -0.00010139     0.00007574     0.00184950
        52    -0.00010440     0.00007817     0.00163764
        53    -0.00010779     0.00008132     0.00147568
        54    -0.00011158     0.00008509     0.00134408
        55    -0.00011575     0.00008937     0.00123022
        56    -0.00012032     0.00009402     0.00112612
        57    -0.00012521     0.00009900     0.00102596
        58    -0.00013044     0.00010421     0.00092644
        59    -0.00013595     0.00010963     0.00082496
        60    -0.00014169     0.00011522     0.00071991
        61    -0.00014761     0.00012095     0.00061029
        62    -0.00015367     0.00012681     0.00049550
        63    -0.00015984     0.00013277     0.00037524
        64    -0.00016611     0.00013882     0.00024946
        65    -0.00017246     0.00014493     0.00011829
        66    -0.00017881     0.00015114    -0.00001814
        67    -0.00018521     0.00015740    -0.00015950
        68    -0.00019163     0.00016371    -0.00030541
        69    -0.00019805     0.00017005    -0.00045533
        70    -0.00020446     0.00017641    -0.00060867
        71    -0.00021086     0.00018277    -0.00076465
        72    -0.00021714     0.00018912    -0.00092245
        73    -0.00022345     0.00019538    -0.00108102
        74    -0.00022954     0.00020158    -0.00123911
        75    -0.00023555     0.00020763    -0.00139539
        76    -0.00024134     0.00021354    -0.00154836
        77    -0.00024691     0.00021925    -0.00169641
        78    -0.00025223     0.00022472    -0.00183785
        79    -0.00025725     0.00022991    -0.00197100
        80    -0.00026194     0.00023478    -0.00209427
        81    -0.00026625     0.00023930    -0.00220619
        82    -0.00027015     0.00024344    -0.00230551
        83    -0.00027362     0.00024715    -0.00239123
        84    -0.00027662     0.00025042    -0.00246272
        85    -0.00027912     0.00025320    -0.00251966
        86    -0.00028112     0.00025547    -0.00256206
        87    -0.00028259     0.00025721    -0.00259017
        88    -0.00028355     0.00025840    -0.00260447
        89    -0.00028398     0.00025904    -0.00260563
        90    -0.00028390     0.00025913    -0.00259455
        91    -0.00028330     0.00025868    -0.00257233
        92    -0.00028219     0.00025774    -0.00254027
        93    -0.00028060     0.00025632    -0.00249972
        94    -0.00027854     0.00025448    -0.00245202
        95    -0.00027608     0.00025226    -0.00239844
        96    -0.00027326     0.00024970    -0.00234016
        97    -0.00027015     0.00024685    -0.00227825
        98    -0.00026682     0.00024375    -0.00221363
        99    -0.00026336     0.00024044    -0.00214713
       100    -0.00025982     0.00023728    -0.00207935
       101    -0.00025647     0.00023307    -0.00201104
       102    -0.00025314     0.00022961    -0.00194246
       103    -0.00025010     0.00022580    -0.00187395
       104    -0.00024925     0.00022154    -0.00180572
       105    -0.00024520     0.00021798    -0.00174118
       106    -0.00024352     0.00021401    -0.00167143
       107    -0.00024248     0.00021002    -0.00160541
       108    -0.00024218     0.00020600    -0.00154028
       109    -0.00024273     0.00020196    -0.00147613
       110    -0.00024422     0.00019788    -0.00141302
       111    -0.00024675     0.00019378    -0.00135101
       112    -0.00025040     0.00018965    -0.00129015
       113    -0.00025525     0.00018553    -0.00123052
       114    -0.00026137     0.00018146    -0.00117213
       115    -0.00026885     0.00017746    -0.00111500
       116    -0.00027481     0.00017779    -0.00105999
       117    -0.00028818     0.00016983    -0.00100493
       118    -0.00030021     0.00016627    -0.00095111
       119    -0.00031396     0.00016293    -0.00089879
       120    -0.00032951     0.00015987    -0.00084748
