#    Step        Prob(0)        Prob(1)        
        0     0.00000000     0.00000000
        1     0.00000000     0.00000000
        2     0.00000000     0.00000000
        3     0.00000000     0.00000000
        4     0.00000007     0.00000000
        5     0.00000098     0.00000000
        6     0.00001601     0.00000000
        7     0.00002340     0.00000000
        8     0.00000680     0.00000000
        9     0.00000000     0.00000000
       10     0.00001716     0.00000000
       11     0.00002748     0.00000000
       12     0.00000000     0.00000000
       13     0.00004524     0.00000000
       14     0.00000000     0.00000000
       15     0.00005214     0.00000000
       16     0.00000000     0.00000000
       17     0.00005392     0.00000000
       18     0.00001180     0.00000000
       19     0.00001367     0.00000000
       20     0.00005467     0.00000000
       21     0.00000000     0.00000000
       22     0.00000910     0.00000000
       23     0.00004510     0.00000000
       24     0.00000000     0.00000000
       25     0.00000000     0.00000000
       26     0.00001673     0.00000000
       27     0.00001382     0.00000000
       28     0.00000000     0.00000000
       29     0.00000000     0.00000000
       30     0.00000711     0.00000000
       31     0.00000746     0.00000000
       32     0.00000000     0.00000000
       33     0.00000000     0.00000000
       34     0.00000895     0.00000000
       35     0.00003658     0.00000000
       36     0.00003730     0.00000000
       37     0.00003810     0.00000000
       38     0.00007665     0.00000000
       39     0.00016425     0.00000000
       40     0.00029181     0.00000000
       41     0.00046472     0.00000000
       42     0.00073354     0.00000000
       43     0.00120236     0.00000000
       44     0.00201295     0.00000000
       45     0.00328986     0.00000000
       46     0.00497571     0.00000000
       47     0.00649336     0.00000000
       48     0.00645355     0.00000000
       49     0.00323435     0.00000000
       50     0.00000000     0.00000000
       51     0.00000000     0.00000000
       52     0.00000000     0.00000000
       53     0.00000000     0.00000000
       54     0.00498397     0.00000000
       55     0.00241465     0.00000000
       56     0.00000000     0.00000000
       57     0.00000000     0.00000000
       58     0.00337709     0.00000000
       59     0.00191900     0.00000000
       60     0.00000000     0.00000000
       61     0.00266817     0.00000000
       62     0.00111779     0.00000000
       63     0.00000000     0.00000000
       64     0.00399889     0.00000000
       65     0.00000000     0.00000000
       66     0.00190810     0.00000000
       67     0.00000000     0.00000000
       68     0.00043356     0.00000000
       69     0.00000000     0.00000000
       70     0.00000000     0.00000000
       71     0.00041002     0.00000000
       72     0.00000000     0.00000000
       73     0.00116683     0.00000000
       74     0.00022693     0.00000000
       75     0.00000000     0.00000000
       76     0.00148016     0.00000000
       77     0.00581962     0.00000000
       78     0.00325004     0.00000000
       79     0.00000000     0.00000000
       80     0.00328494     0.00000000
       81     0.02115876     0.00000000
       82     0.02826866     0.00000000
       83     0.00951062     0.00000000
       84     0.00000000     0.00000000
       85     0.00000000     0.00000000
       86     0.00000000     0.00000000
       87     0.00167696     0.00000000
       88     0.01160147     0.00000000
       89     0.00683689     0.00000000
       90     0.00000000     0.00000000
       91     0.00000000     0.00000000
       92     0.00000000     0.00000000
       93     0.00623846     0.00000000
       94     0.00363699     0.00000000
       95     0.00000000     0.00000000
       96     0.00000000     0.00000000
       97     0.00023962     0.00000000
       98     0.00231481     0.00000000
       99     0.00076080     0.00000000
      100     0.00000000     0.00000000
      101     0.00082351     0.00000000
      102     0.00075932     0.00000000
      103     0.00000000     0.00000000
      104     0.00000000     0.00000000
      105     0.00000000     0.00000000
      106     0.00304745     0.00000000
      107     0.01661136     0.00000000
      108     0.03142098     0.00000000
      109     0.04070109     0.00000000
      110     0.03749389     0.00000000
      111     0.01861861     0.00000000
      112     0.00000000     0.00000000
      113     0.00000000     0.00000000
      114     0.00000000     0.00000000
      115     0.00000000     0.00000000
      116     0.00000000     0.00000000
      117     0.00000000     0.00000000
      118     0.00000000     0.00000000
      119     1.00000000     0.00000000
      120     0.00000000     0.03354358
      121     0.00000000     0.06985349
      122     0.00000000     0.07733832
      123     0.00000000     0.04932238
      124     0.00000000     0.01056231
      125     0.00000000     0.00000000
      126     0.00000000     0.00000000
      127     0.00000000     0.00000000
      128     0.00000000     0.00000000
      129     0.00000000     0.00000000
      130     0.00000000     0.00634455
      131     0.00000000     0.01604641
      132     0.00000000     0.00000000
      133     0.00000000     0.05697144
      134     0.35514347     0.00000000
      135     0.00000000     0.00000000
      136     0.18949333     0.00000000
      137     0.02761174     0.00000000
      138     0.00000000     0.00000000
      139     0.05590797     0.00000000
      140     0.00000000     0.00000000
      141     0.00019884     0.00000000
      142     0.00000000     0.00000000
      143     0.00000000     0.00000000
      144     0.00888906     0.00000000
      145     0.00000000     0.00000000
      146     0.00167987     0.00000000
      147     0.00369637     0.00000000
      148     0.00000000     0.00000000
      149     0.00005613     0.00000000
      150     0.00028103     0.00000000
      151     0.00000000     0.00000000
      152     0.00010347     0.00000000
      153     0.00000000     0.00000000
      154     0.00245531     0.00000000
      155     0.03478112     0.00000000
      156     0.47341686     0.00000000
      157     0.00000000     0.00000000
      158     0.00000000     0.00000000
      159     0.00000000     0.02189117
      160     0.00000000     0.02039344
      161     0.00000000     0.00082212
      162     0.00000000     0.00000000
      163     0.00000000     0.00191205
      164     0.00000000     0.00276120
      165     0.00000000     0.00000000
      166     0.00000000     0.00172330
      167     0.00000000     0.00000000
      168     0.00000000     0.00000000
      169     0.00000000     0.00087758
      170     0.00000000     0.00000000
      171     0.00000000     0.00055651
      172     0.00000000     0.00000000
      173     0.00000000     0.00000000
      174     0.00000000     0.00001341
      175     0.00000000     0.00000000
      176     0.00000000     0.00000765
      177     0.00000000     0.00001585
      178     0.00000000     0.00000000
      179     0.00000000     0.00000000
      180     0.00000000     0.00000475
      181     0.00000000     0.00000628
      182     0.00000000     0.00020738
      183     0.00000000     0.00179360
      184     0.00000000     0.01627009
      185     0.00000000     0.18612599
      186     0.00000000     0.59459533
      187     0.00000000     0.00000000
      188     0.00959360     0.00000000
      189     0.04863864     0.00000000
      190     0.02983821     0.00000000
      191     0.00000000     0.00000000
      192     0.00000000     0.00000000
      193     0.01745621     0.00000000
      194     0.00872080     0.00000000
      195     0.00000000     0.00000000
      196     0.00132156     0.00000000
      197     0.00844774     0.00000000
      198     0.00000000     0.00000000
      199     0.00000000     0.00000000
      200     0.00070785     0.00000000
      201     0.00000000     0.00000000
      202     0.00000000     0.00000000
      203     0.35594915     0.00000000
      204     0.51940344     0.00000000
      205     0.19131026     0.00000000
      206     0.00679214     0.00000000
      207     0.00000000     0.00000000
      208     0.00000000     0.00000000
      209     0.00000000     0.00000000
      210     1.00000000     0.00000000
      211     0.00000000     0.00000000
      212     0.00000000     0.00126376
      213     0.00000000     0.00421213
      214     0.00000000     0.00143490
      215     0.00000000     0.00000000
      216     0.00000000     0.00000000
      217     0.00000000     0.00000000
      218     0.00000000     0.00078320
      219     0.00000000     0.00155572
      220     0.00000000     0.00033808
      221     0.00000000     0.00000000
      222     0.00000000     0.00000000
      223     0.00000000     0.00026845
      224     0.00000000     0.00064308
      225     0.00000000     0.00004982
      226     0.00000000     0.00000000
      227     0.00000000     0.00000000
      228     0.00000000     0.00031741
      229     0.00000000     0.00027816
      230     0.00000000     0.00000000
      231     0.00000000     0.00000000
      232     0.00000000     0.00013470
      233     0.00000000     0.00036210
      234     0.00000000     0.00000000
      235     0.00000000     0.00000000
      236     0.00000000     0.00000000
      237     0.00000000     0.00035329
      238     0.00000000     0.00006416
      239     0.00000000     0.00000000
      240     0.00000000     0.00000000
      241     0.00000000     0.00035786
      242     0.00000000     0.00021725
      243     0.00000000     0.00000000
      244     0.00000000     0.00000000
      245     0.00000000     0.00031555
      246     0.00000000     0.00054585
      247     0.00000000     0.00000000
      248     0.00000000     0.00000000
      249     0.00000000     0.00000000
      250     0.00000000     0.00123912
      251     0.00000000     0.00129373
      252     0.00000000     0.00000000
      253     0.00000000     0.00000000
      254     0.00000000     0.00000000
      255     0.00000000     0.00454234
      256     0.00000000     0.00834450
      257     0.00000000     0.00581053
      258     0.00000000     0.00000000
      259     0.00000000     0.00000000
      260     0.00000000     0.00000000
      261     0.00000000     0.01377784
      262     0.00000000     0.00293009
      263     0.00000000     0.00000000
      264     0.00000000     0.00223996
      265     0.00000000     0.00304094
      266     0.00000000     0.00000000
      267     0.00000000     0.00942221
      268     0.00000000     0.00000000
      269     0.00000000     0.00000000
      270     0.00000000     0.00000000
      271     0.00000000     0.00065102
      272     0.00000000     0.00069159
      273     0.00000000     0.00060064
      274     0.00000000     0.00043848
      275     0.00000000     0.00029218
      276     0.00000000     0.00026830
      277     0.00000000     0.00043560
      278     0.00000000     0.00080673
      279     0.00000000     0.00081773
      280     0.00000000     0.00000000
      281     0.00000000     0.00000000
      282     0.00000000     0.01963677
      283     0.00000000     0.00000000
      284     0.00000000     0.00162406
      285     0.00000000     0.00000000
      286     0.00000000     0.00278364
      287     0.00000000     0.00000000
      288     0.00000000     0.00436830
      289     0.00000000     0.00000000
      290     0.00000000     0.00000000
      291     0.00000000     0.00365543
      292     0.00000000     0.00036548
      293     0.00000000     0.00000000
      294     0.00000000     0.00014612
      295     0.00000000     0.00283089
      296     0.00000000     0.00015267
      297     0.00000000     0.00000000
      298     0.00000000     0.00000000
      299     0.00000000     0.00099727
      300     0.00000000     0.00074398
      301     0.00000000     0.00000000
      302     0.00000000     0.00000000
      303     0.00000000     0.00019491
      304     0.00000000     0.00000000
      305     0.00000000     0.00000000
      306     0.00000000     0.00000000
      307     0.00000000     0.00076189
      308     0.00000000     0.00218877
      309     0.00000000     0.00215177
      310     0.00000000     0.00075827
      311     0.00000000     0.00000000
      312     0.00000000     0.00000000
      313     0.00000000     0.00000000
      314     0.00000000     0.00000000
      315     0.00000000     0.00058711
      316     0.00000000     0.00225671
      317     0.00000000     0.00226607
      318     0.00000000     0.00000000
      319     0.00000000     0.00000000
      320     0.00000000     0.00000000
      321     0.00000000     0.00403134
      322     0.00000000     0.00113189
      323     0.00000000     0.00000000
      324     0.00000000     0.00353931
      325     0.00000000     0.00114246
      326     0.00000000     0.00000000
      327     0.00000000     0.00833675
      328     0.00000000     0.00000000
      329     0.00000000     0.01070052
      330     0.00000000     0.00302576
      331     0.00000000     0.00000000
      332     0.00000000     0.00000251
      333     0.00000000     0.00037827
      334     0.00000000     0.00023742
      335     0.00000000     0.00014432
      336     0.00000000     0.00012515
      337     0.00000000     0.00013284
      338     0.00000000     0.00012754
      339     0.00000000     0.00005191
      340     0.00000000     0.00000000
      341     0.00000000     0.00000000
      342     0.00000000     0.00000000
      343     0.00000000     0.00114278
      344     0.00000000     0.00829451
      345     0.00000000     0.00000000
      346     0.00000000     0.00206763
      347     0.00000000     0.00000000
      348     0.00000000     0.00212031
      349     0.00000000     0.00000000
      350     0.00000000     0.00166334
      351     0.00000000     0.00169419
      352     0.00000000     0.00000000
      353     0.00000000     0.00000000
      354     0.00000000     0.00335782
      355     0.00000000     0.00788214
      356     0.00000000     0.01113050
      357     0.00000000     0.01493545
      358     0.00000000     0.02112172
      359     0.00000000     0.02519825
      360     0.00000000     0.01662998
      361     0.00000000     0.00000000
      362     0.00000000     0.00000000
      363     0.00000000     0.00000000
      364     0.00000000     0.00000000
      365     0.00000000     0.00000000
      366     0.00000000     0.01043431
      367     0.00000000     0.00615028
      368     0.00000000     0.00000000
      369     0.00000000     0.00000000
      370     0.00000000     0.00222684
      371     0.00000000     0.00582275
      372     0.00000000     0.00000000
      373     0.00000000     0.00000000
      374     0.00000000     0.00234374
      375     0.00000000     0.00450368
      376     0.00000000     0.00000000
      377     0.00000000     0.00000000
      378     0.00000000     0.00044839
      379     0.00000000     0.00000000
      380     0.00000000     0.00000000
      381     0.00000000     0.00041181
      382     0.00000000     0.00000000
      383     0.00000000     0.00014140
      384     0.00000000     0.00008912
      385     0.00000000     0.00000000
      386     0.00000000     0.00030687
      387     0.00000000     0.00000000
      388     0.00000000     0.00000000
      389     0.00000000     0.00058347
      390     0.00000000     0.00000000
      391     0.00000000     0.01867718
      392     0.00000000     0.00000000
      393     0.00000000     0.00000000
      394     0.00000000     0.00000020
      395     0.00000000     0.00001190
      396     0.00000000     0.00000329
      397     0.00000000     0.00000000
      398     0.00000000     0.00000000
      399     0.00000000     0.00000318
      400     0.00000000     0.00002508
      401     0.00000000     0.00001584
      402     0.00000000     0.00000000
      403     0.00000000     0.00000000
      404     0.00000000     0.00019861
      405     0.00000000     0.00044521
      406     0.00000000     0.00011516
      407     0.00000000     0.00000000
      408     0.00000000     0.00008708
      409     0.00000000     0.00000000
      410     0.00000000     0.00014314
      411     0.00000000     0.00000000
      412     0.00000000     0.00016247
      413     0.00000000     0.00000000
      414     0.00000000     0.00006397
      415     0.00000000     0.00000000
      416     0.00000000     0.00000000
      417     0.00000000     0.00008088
      418     0.00000000     0.00000000
      419     0.00000000     0.00000590
      420     0.00000000     0.00004467
      421     0.00000000     0.00000000
      422     0.00000000     0.00001081
      423     0.00000000     0.00003611
      424     0.00000000     0.00000000
      425     0.00000000     0.00000000
      426     0.00000000     0.00003223
      427     0.00000000     0.00000000
      428     0.00000000     0.00000000
      429     0.00000000     0.00000739
      430     0.00000000     0.00000534
      431     0.00000000     0.00000000
      432     0.00000000     0.00000000
      433     0.00000000     0.00000000
      434     0.00000000     0.00000536
      435     0.00000000     0.00003530
      436     0.00000000     0.00000657
      437     0.00000000     0.00000000
      438     0.00000000     0.00006042
      439     0.00000000     0.00006460
      440     0.00000000     0.00000000
      441     0.00000000     0.00004022
      442     0.00000000     0.00013388
      443     0.00000000     0.00000000
      444     0.00000000     0.00000000
      445     0.00000000     0.00014919
      446     0.00000000     0.00000000
      447     0.00000000     0.00000000
      448     0.00000000     0.00011496
      449     0.00000000     0.00000000
      450     0.00000000     0.00006198
      451     0.00000000     0.00000000
      452     0.00000000     0.00006338
      453     0.00000000     0.00000755
      454     0.00000000     0.00064313
      455     0.00000000     0.00078606
      456     0.00000000     0.00000000
      457     0.00000000     0.00000000
      458     0.00000000     0.00000000
      459     0.00000000     0.00009405
      460     0.00000000     0.00010756
      461     0.00000000     0.00008710
      462     0.00000000     0.00000000
      463     0.00000000     0.00000000
      464     0.00000000     0.00000000
      465     0.00000000     0.00002526
      466     0.00000000     0.00012632
      467     0.00000000     0.00000000
      468     0.00000000     0.00000000
      469     0.00000000     0.00000000
      470     0.00000000     0.00000613
      471     0.00000000     0.00009973
      472     0.00000000     0.00009710
      473     0.00000000     0.00000000
      474     0.00000000     0.00005643
      475     0.00000000     0.00017273
      476     0.00000000     0.00000000
      477     0.00000000     0.00035379
      478     0.00000000     0.00000000
      479     0.00000000     0.00000000
      480     0.00000000     0.00019569
      481     0.00000000     0.00000000
      482     0.00000000     0.00000000
      483     0.00000000     0.00002724
      484     0.00000000     0.00007320
      485     0.00000000     0.00000000
      486     0.00000000     0.00000000
      487     0.00000000     0.00001629
      488     0.00000000     0.00010094
      489     0.00000000     0.00005687
      490     0.00000000     0.00000000
      491     0.00000000     0.00000000
      492     0.00000000     0.00001103
      493     0.00000000     0.00006436
      494     0.00000000     0.00000237
      495     0.00000000     0.00000000
      496     0.00000000     0.00000000
      497     0.00000000     0.00000026
      498     0.00000000     0.00000000
      499     0.00000000     0.00000243
      500     0.00000000     0.00009754
      501     0.00000000     0.00010163
      502     0.00000000     0.00000000
      503     0.00000000     0.00000000
      504     0.00000000     0.00005099
      505     0.00000000     0.00026620
      506     0.00000000     0.00021016
      507     0.00000000     0.00000000
      508     0.00000000     0.00000000
      509     0.00000000     0.00029424
      510     0.00000000     0.00081225
      511     0.00000000     0.00055588
      512     0.00000000     0.00000000
      513     0.00000000     0.00000000
      514     0.00000000     0.00019007
      515     0.00000000     0.00000000
      516     0.00000000     0.00000000
      517     0.00000000     0.00017306
      518     0.00000000     0.00000000
      519     0.00000000     0.00006983
      520     0.00000000     0.00012854
      521     0.00000000     0.00000000
      522     0.00000000     0.00000000
      523     0.00000000     0.00000000
      524     0.00000000     0.00001979
      525     0.00000000     0.00001492
      526     0.00000000     0.00000538
      527     0.00000000     0.00000186
      528     0.00000000     0.00000000
      529     0.00000000     0.00000000
      530     0.00000000     0.00000000
      531     0.00000000     0.00000054
      532     0.00000000     0.00000000
      533     0.00000000     0.00000666
      534     0.00000000     0.00044237
      535     0.00000000     0.00141816
      536     0.00000000     0.00223400
      537     0.00000000     0.00000000
      538     0.00000000     0.00188034
      539     0.00000000     0.00000000
      540     0.00000000     0.00000000
      541     0.00000000     0.00125529
      542     0.00000000     0.00000000
      543     0.00000000     0.00000000
      544     0.00000000     0.00018954
      545     0.00000000     0.00000216
      546     0.00000000     0.00044550
      547     0.00000000     0.00009871
      548     0.00000000     0.00000000
      549     0.00000000     0.00000000
      550     0.00000000     0.00033465
      551     0.00000000     0.00029922
      552     0.00000000     0.00000000
      553     0.00000000     0.00000000
      554     0.00000000     0.00000000
      555     0.00000000     0.00024111
      556     0.00000000     0.00057570
      557     0.00000000     0.00033160
      558     0.00000000     0.00000000
      559     0.00000000     0.00000000
      560     0.00000000     0.00000000
      561     0.00000000     0.00038235
      562     0.00000000     0.00025268
      563     0.00000000     0.00000000
      564     0.00000000     0.00000000
      565     0.00000000     0.00056202
      566     0.00000000     0.00000000
      567     0.00000000     0.00000000
      568     0.00000000     0.00203054
      569     0.00000000     0.00000000
      570     0.00000000     0.00282860
      571     0.00000000     0.00000000
      572     0.00000000     0.00000000
      573     0.00000000     0.00015260
      574     0.00000000     0.00013490
      575     0.00000000     0.00000000
      576     0.00000000     0.00004566
      577     0.00000000     0.00006350
      578     0.00000000     0.00000000
      579     0.00000000     0.00000000
      580     0.00000000     0.00021981
      581     0.00000000     0.00042444
      582     0.00000000     0.00005063
      583     0.00000000     0.00000000
      584     0.00000000     0.00000000
      585     0.00000000     0.00069374
      586     0.00000000     0.00042442
      587     0.00000000     0.00000000
      588     0.00000000     0.00006124
      589     0.00000000     0.00268498
      590     0.00000000     0.00000000
      591     0.00000000     0.00064033
      592     0.00000000     0.00030459
      593     0.00000000     0.00000000
      594     0.00000000     0.00060621
      595     0.00000000     0.00000000
      596     0.00000000     0.00013379
      597     0.00000000     0.00001127
      598     0.00000000     0.00000000
      599     0.00000000     0.00002266
      600     0.00000000     0.00000469
