#    Step     Kinetic(H)     Potential(H)   Total(H)       E(0)(H)        E(1)(H)        
        0     0.01307354   -16.42112767   -16.40805413   -16.55502381   -16.42112767
        1     0.01240150   -16.42044084   -16.40803934   -16.55448618   -16.42044084
        2     0.01175212   -16.41976993   -16.40801781   -16.55358457   -16.41976993
        3     0.01143889   -16.41943878   -16.40799989   -16.55265644   -16.41943878
        4     0.01172801   -16.41972097   -16.40799296   -16.55197874   -16.41972097
        5     0.01272416   -16.42072340   -16.40799924   -16.55165207   -16.42072340
        6     0.01433314   -16.42234918   -16.40801604   -16.55156289   -16.42234918
        7     0.01629930   -16.42433720   -16.40803790   -16.55142474   -16.42433720
        8     0.01828990   -16.42634866   -16.40805876   -16.55087199   -16.42634866
        9     0.01999633   -16.42806878   -16.40807245   -16.54957558   -16.42806878
       10     0.02122886   -16.42930341   -16.40807455   -16.54735477   -16.42930341
       11     0.02197991   -16.43004427   -16.40806436   -16.54425058   -16.43004427
       12     0.02242374   -16.43047130   -16.40804756   -16.54052442   -16.43047130
       13     0.02282429   -16.43085947   -16.40803518   -16.53655310   -16.43085947
       14     0.02337257   -16.43140971   -16.40803714   -16.53264664   -16.43140971
       15     0.02404520   -16.43209974   -16.40805454   -16.52888954   -16.43209974
       16     0.02459427   -16.43267122   -16.40807695   -16.52512304   -16.43267122
       17     0.02469090   -16.43278215   -16.40809125   -16.52109603   -16.43278215
       18     0.02412056   -16.43221018   -16.40808962   -16.51666883   -16.43221018
       19     0.02289839   -16.43097222   -16.40807383   -16.51193251   -16.43097222
       20     0.02125409   -16.42930497   -16.40805088   -16.50718842   -16.42930497
       21     0.01953521   -16.42756295   -16.40802774   -16.50284417   -16.42756295
       22     0.01809902   -16.42610884   -16.40800982   -16.49930196   -16.42610884
       23     0.01722483   -16.42522580   -16.40800097   -16.49686958   -16.42522580
       24     0.01704822   -16.42505218   -16.40800396   -16.49569555   -16.42505218
       25     0.01752107   -16.42553988   -16.40801881   -16.49572889   -16.42553988
       26     0.01841490   -16.42645665   -16.40804175   -16.49672388   -16.42645665
       27     0.01938558   -16.42745035   -16.40806477   -16.49830630   -16.42745035
       28     0.02009534   -16.42817376   -16.40807842   -16.50010012   -16.42817376
       29     0.02035476   -16.42843020   -16.40807544   -16.50187371   -16.42843020
       30     0.02022387   -16.42827948   -16.40805561   -16.50364567   -16.42827948
       31     0.02000609   -16.42803450   -16.40802841   -16.50568056   -16.42803450
       32     0.02010236   -16.42811200   -16.40800964   -16.50833866   -16.42811200
       33     0.02078400   -16.42879520   -16.40801120   -16.51183779   -16.42879520
       34     0.02202457   -16.43005705   -16.40803248   -16.51607623   -16.43005705
       35     0.02351074   -16.43157121   -16.40806047   -16.52064489   -16.43157121
       36     0.02482634   -16.43290585   -16.40807951   -16.52502352   -16.43290585
       37     0.02567816   -16.43375946   -16.40808130   -16.52882029   -16.43375946
       38     0.02602152   -16.43408964   -16.40806812   -16.53190490   -16.43408964
       39     0.02603531   -16.43408426   -16.40804895   -16.53438392   -16.43408426
       40     0.02599302   -16.43402673   -16.40803371   -16.53646985   -16.43402673
       41     0.02611866   -16.43414668   -16.40802802   -16.53833503   -16.43414668
       42     0.02649666   -16.43452889   -16.40803223   -16.54002356   -16.43452889
       43     0.02705512   -16.43509888   -16.40804376   -16.54143919   -16.43509888
       44     0.02760272   -16.43566142   -16.40805870   -16.54238503   -16.43566142
       45     0.02788983   -16.43596290   -16.40807307   -16.54262547   -16.43596290
       46     0.02768348   -16.43576455   -16.40808107   -16.54195672   -16.43576455
       47     0.02685533   -16.43493290   -16.40807757   -16.54029261   -16.43493290
       48     0.02546102   -16.43352146   -16.40806044   -16.53774090   -16.43352146
       49     0.02375934   -16.43179467   -16.40803533   -16.53462187   -16.43179467
       50     0.02212426   -16.43013813   -16.40801387   -16.53137451   -16.43013813
       51     0.02087135   -16.42887835   -16.40800700   -16.52837379   -16.42887835
       52     0.02010438   -16.42812061   -16.40801623   -16.52576776   -16.42812061
       53     0.01969136   -16.42772469   -16.40803333   -16.52345392   -16.42772469
       54     0.01937741   -16.42742483   -16.40804742   -16.52120032   -16.42742483
       55     0.01894223   -16.42699475   -16.40805252   -16.51881194   -16.42699475
       56     0.01830077   -16.42634849   -16.40804772   -16.51623241   -16.42634849
       57     0.01751984   -16.42555573   -16.40803589   -16.51355953   -16.42555573
       58     0.01678201   -16.42480241   -16.40802040   -16.51100536   -16.42480241
       59     0.01632644   -16.42433235   -16.40800591   -16.50883719   -16.42433235
       60     0.01637453   -16.42437223   -16.40799770   -16.50730148   -16.42437223
       61     0.01704643   -16.42504699   -16.40800056   -16.50653849   -16.42504699
       62     0.01829422   -16.42630957   -16.40801535   -16.50651121   -16.42630957
       63     0.01989320   -16.42793076   -16.40803756   -16.50699481   -16.42793076
       64     0.02151141   -16.42957036   -16.40805895   -16.50764800   -16.42957036
       65     0.02283418   -16.43090507   -16.40807089   -16.50814157   -16.43090507
       66     0.02369138   -16.43176019   -16.40806881   -16.50829100   -16.43176019
       67     0.02412407   -16.43217899   -16.40805492   -16.50812664   -16.43217899
       68     0.02434303   -16.43238234   -16.40803931   -16.50785411   -16.43238234
       69     0.02458194   -16.43261575   -16.40803381   -16.50770126   -16.43261575
       70     0.02492714   -16.43297095   -16.40804381   -16.50773940   -16.43297095
       71     0.02524207   -16.43330576   -16.40806369   -16.50780225   -16.43330576
       72     0.02524722   -16.43332813   -16.40808091   -16.50756937   -16.43332813
       73     0.02469557   -16.43278100   -16.40808543   -16.50675073   -16.43278100
       74     0.02351867   -16.43159372   -16.40807505   -16.50523867   -16.43159372
       75     0.02186380   -16.42991905   -16.40805525   -16.50314687   -16.42991905
       76     0.02002763   -16.42806098   -16.40803335   -16.50074109   -16.42806098
       77     0.01834653   -16.42636203   -16.40801550   -16.49833075   -16.42636203
       78     0.01710335   -16.42510773   -16.40800438   -16.49617781   -16.42510773
       79     0.01647730   -16.42447790   -16.40800060   -16.49445215   -16.42447790
       80     0.01652887   -16.42453306   -16.40800419   -16.49322068   -16.42453306
       81     0.01719725   -16.42521253   -16.40801528   -16.49244604   -16.42521253
       82     0.01830529   -16.42633746   -16.40803217   -16.49198745   -16.42633746
       83     0.01959441   -16.42764383   -16.40804942   -16.49162902   -16.42764383
       84     0.02081088   -16.42886996   -16.40805908   -16.49116072   -16.42886996
       85     0.02181485   -16.42987198   -16.40805713   -16.49048680   -16.42987198
       86     0.02263022   -16.43067817   -16.40804795   -16.48967455   -16.43067817
       87     0.02337719   -16.43141924   -16.40804205   -16.48888155   -16.43141924
       88     0.02413067   -16.43217667   -16.40804600   -16.48820421   -16.43217667
       89     0.02482672   -16.43288395   -16.40805723   -16.48758177   -16.43288395
       90     0.02529937   -16.43336584   -16.40806647   -16.48683961   -16.43336584
       91     0.02540941   -16.43347531   -16.40806590   -16.48582989   -16.43347531
       92     0.02515727   -16.43321165   -16.40805438   -16.48455212   -16.43321165
       93     0.02470680   -16.43274309   -16.40803629   -16.48317646   -16.43274309
       94     0.02432243   -16.43234100   -16.40801857   -16.48197683   -16.43234100
       95     0.02426788   -16.43227530   -16.40800742   -16.48122444   -16.43227530
       96     0.02471085   -16.43271762   -16.40800677   -16.48108860   -16.43271762
       97     0.02565904   -16.43367677   -16.40801773   -16.48157044   -16.43367677
       98     0.02694614   -16.43498355   -16.40803741   -16.48248710   -16.43498355
       99     0.02827947   -16.43633814   -16.40805867   -16.48351977   -16.43633814
      100     0.02934779   -16.43742024   -16.40807245   -16.48432583   -16.43742024
      101     0.02995869   -16.43803000   -16.40807131   -16.48468249   -16.43803000
      102     0.03013945   -16.43819462   -16.40805517   -16.48459598   -16.43819462
      103     0.03013426   -16.43816679   -16.40803253   -16.48430187   -16.43816679
      104     0.03027824   -16.43829456   -16.40801632   -16.48413541   -16.43829456
      105     0.03081091   -16.43882703   -16.40801612   -16.48433649   -16.43882703
      106     0.03173824   -16.43977069   -16.40803245   -16.48490432   -16.43977069
      107     0.03282206   -16.44087912   -16.40805706   -16.48558496   -16.44087912
      108     0.03369829   -16.44177643   -16.40807814   -16.48599239   -16.44177643
      109     0.03405196   -16.44213805   -16.40808609   -16.48578689   -16.44213805
      110     0.03375837   -16.44183623   -16.40807786   -16.48481869   -16.44183623
      111     0.03293802   -16.44099444   -16.40805642   -16.48318187   -16.44099444
      112     0.03191941   -16.43994751   -16.40802810   -16.48117591   -16.43994751
      113     0.03114071   -16.43914139   -16.40800068   -16.47920908   -16.43914139
      114     0.03102842   -16.43900971   -16.40798129   -16.47768053   -16.43900971
      115     0.03188322   -16.43985833   -16.40797511   -16.47687164   -16.43985833
      116     0.03379720   -16.44178165   -16.40798445   -16.47686937   -16.44178165
      117     0.03661851   -16.44462671   -16.40800820   -16.47753676   -16.44462671
      118     0.03997296   -16.44801446   -16.40804150   -16.47853848   -16.44801446
      119     0.04334766   -16.45142359   -16.40807593   -16.47942639   -16.45142359
      120     0.04622801   -16.45432878   -16.40810077   -16.47977548   -16.45432878
      121     0.04825302   -16.45636153   -16.40810851   -16.47933950   -16.45636153
      122     0.04932945   -16.45742755   -16.40809810   -16.47815850   -16.45742755
      123     0.04963885   -16.45771580   -16.40807695   -16.47655196   -16.45771580
      124     0.04952011   -16.45757753   -16.40805742   -16.47497198   -16.45757753
      125     0.04928717   -16.45733621   -16.40804904   -16.47377991   -16.45733621
      126     0.04908466   -16.45713807   -16.40805341   -16.47307462   -16.45713807
      127     0.04886288   -16.45692664   -16.40806376   -16.47267876   -16.45692664
      128     0.04847717   -16.45654694   -16.40806977   -16.47228665   -16.45654694
      129     0.04783766   -16.45590240   -16.40806474   -16.47166682   -16.45590240
      130     0.04701052   -16.45505921   -16.40804869   -16.47079061   -16.45505921
      131     0.04622286   -16.45425039   -16.40802753   -16.46983800   -16.45425039
      132     0.04578793   -16.45379602   -16.40800809   -16.46910805   -16.45379602
      133     0.04599954   -16.45399571   -16.40799617   -16.46889868   -16.45399571
      134     0.04703649   -16.45503245   -16.40799596   -16.46939930   -16.45503245
      135     0.04889813   -16.45690689   -16.40800876   -16.47061703   -16.45690689
      136     0.05138639   -16.45941835   -16.40803196   -16.47235288   -16.45941835
      137     0.05415127   -16.46220947   -16.40805820   -16.47424443   -16.46220947
      138     0.05680237   -16.46488036   -16.40807799   -16.47588088   -16.46488036
      139     0.05904917   -16.46713361   -16.40808444   -16.47695160   -16.46713361
      140     0.06079592   -16.46887465   -16.40807873   -16.47735269   -16.46887465
      141     0.06211932   -16.47019014   -16.40807082   -16.47717563   -16.47019014
      142     0.06312814   -16.47120099   -16.40807285   -16.47658095   -16.47120099
      143     0.06378411   -16.47187936   -16.40809525   -16.47567685   -16.47187936
      144     0.06374850   -16.47189733   -16.40814883   -16.47458893   -16.47189733
      145     0.06258397   -16.47071019   -16.40812622   -16.47361318   -16.47071019
      146     0.06046913   -16.46854494   -16.40807581   -16.47265485   -16.46854494
      147     0.05804002   -16.46608547   -16.40804545   -16.47156596   -16.46608547
      148     0.05579233   -16.46381912   -16.40802679   -16.47052173   -16.46381912
      149     0.05403645   -16.46205574   -16.40801929   -16.46973755   -16.46205574
      150     0.05291004   -16.46093101   -16.40802097   -16.46932902   -16.46093101
      151     0.05240228   -16.46043068   -16.40802840   -16.46929873   -16.46043068
      152     0.05239931   -16.46043832   -16.40803901   -16.46957126   -16.46043832
      153     0.05272721   -16.46077816   -16.40805095   -16.47003041   -16.46077816
      154     0.05318694   -16.46124902   -16.40806208   -16.47054968   -16.46124902
      155     0.05359434   -16.46166360   -16.40806926   -16.47102665   -16.46166360
      156     0.05383108   -16.46190035   -16.40806927   -16.47142473   -16.46190035
      157     0.05389146   -16.46195238   -16.40806092   -16.47180548   -16.46195238
      158     0.05389309   -16.46194086   -16.40804777   -16.47232479   -16.46194086
      159     0.05401842   -16.46205661   -16.40803819   -16.47316792   -16.46205661
      160     0.05439383   -16.46243432   -16.40804049   -16.47443308   -16.46243432
      161     0.05497416   -16.46303079   -16.40805663   -16.47602826   -16.46303079
      162     0.05551814   -16.46359809   -16.40807995   -16.47766107   -16.46359809
      163     0.05568420   -16.46378314   -16.40809894   -16.47894717   -16.46378314
      164     0.05519495   -16.46329935   -16.40810440   -16.47958350   -16.46329935
      165     0.05397964   -16.46207197   -16.40809233   -16.47949019   -16.46207197
      166     0.05223218   -16.46029775   -16.40806557   -16.47886405   -16.46029775
      167     0.05036743   -16.45840010   -16.40803267   -16.47812743   -16.45840010
      168     0.04888651   -16.45689244   -16.40800593   -16.47778630   -16.45689244
      169     0.04819142   -16.45618787   -16.40799645   -16.47823754   -16.45618787
      170     0.04842043   -16.45642926   -16.40800883   -16.47959969   -16.45642926
      171     0.04937984   -16.45741878   -16.40803894   -16.48164575   -16.45741878
      172     0.05060536   -16.45868135   -16.40807599   -16.48387115   -16.45868135
      173     0.05152445   -16.45963142   -16.40810697   -16.48566534   -16.45963142
      174     0.05165325   -16.45977465   -16.40812140   -16.48651742   -16.45977465
      175     0.05076169   -16.45887539   -16.40811370   -16.48618655   -16.45887539
      176     0.04895351   -16.45704017   -16.40808666   -16.48478718   -16.45704017
      177     0.04662383   -16.45467503   -16.40805120   -16.48274656   -16.45467503
      178     0.04429265   -16.45231556   -16.40802291   -16.48063283   -16.45231556
      179     0.04237987   -16.45039314   -16.40801327   -16.47891648   -16.45039314
      180     0.04103686   -16.44906031   -16.40802345   -16.47778873   -16.44906031
      181     0.04012569   -16.44816996   -16.40804427   -16.47713298   -16.44816996
      182     0.03934698   -16.44741000   -16.40806302   -16.47665398   -16.44741000
      183     0.03842421   -16.44649511   -16.40807090   -16.47606857   -16.44649511
      184     0.03723897   -16.44530514   -16.40806617   -16.47524837   -16.44530514
      185     0.03586445   -16.44391720   -16.40805275   -16.47425952   -16.44391720
      186     0.03451215   -16.44254855   -16.40803640   -16.47331375   -16.44254855
      187     0.03344760   -16.44146902   -16.40802142   -16.47268677   -16.44146902
      188     0.03291804   -16.44092850   -16.40801046   -16.47264790   -16.44092850
      189     0.03309679   -16.44110410   -16.40800731   -16.47340517   -16.44110410
      190     0.03402281   -16.44203918   -16.40801637   -16.47503862   -16.44203918
      191     0.03553765   -16.44357726   -16.40803961   -16.47742584   -16.44357726
      192     0.03727249   -16.44534361   -16.40807112   -16.48021434   -16.44534361
      193     0.03874258   -16.44684082   -16.40809824   -16.48291006   -16.44684082
      194     0.03953549   -16.44764363   -16.40810814   -16.48506942   -16.44764363
      195     0.03949330   -16.44759004   -16.40809674   -16.48649331   -16.44759004
      196     0.03876840   -16.44684042   -16.40807202   -16.48729337   -16.44684042
      197     0.03771339   -16.44576139   -16.40804800   -16.48778505   -16.44576139
      198     0.03667802   -16.44471405   -16.40803603   -16.48828430   -16.44471405
      199     0.03584200   -16.44388065   -16.40803865   -16.48894023   -16.44388065
      200     0.03517423   -16.44322372   -16.40804949   -16.48969700   -16.44322372
      201     0.03451610   -16.44257575   -16.40805965   -16.49038338   -16.44257575
      202     0.03371255   -16.44177529   -16.40806274   -16.49084638   -16.44177529
      203     0.03271002   -16.44076721   -16.40805719   -16.49104755   -16.44076721
      204     0.03158528   -16.43963074   -16.40804546   -16.49108644   -16.43963074
      205     0.03051172   -16.43854384   -16.40803212   -16.49116006   -16.43854384
      206     0.02969018   -16.43771248   -16.40802230   -16.49148808   -16.43771248
      207     0.02927391   -16.43729319   -16.40801928   -16.49223175   -16.43729319
      208     0.02931806   -16.43734137   -16.40802331   -16.49344046   -16.43734137
      209     0.02977751   -16.43780854   -16.40803103   -16.49504875   -16.43780854
      210     0.03055471   -16.43859220   -16.40803749   -16.49692794   -16.43859220
      211     0.03156449   -16.43960481   -16.40804032   -16.49895828   -16.43960481
      212     0.03277062   -16.44081121   -16.40804059   -16.50107047   -16.44081121
      213     0.03416970   -16.44221157   -16.40804187   -16.50323261   -16.44221157
      214     0.03573939   -16.44378703   -16.40804764   -16.50539920   -16.44378703
      215     0.03738693   -16.44544615   -16.40805922   -16.50745976   -16.44544615
      216     0.03892619   -16.44700173   -16.40807554   -16.50921651   -16.44700173
      217     0.04009801   -16.44819023   -16.40809222   -16.51040352   -16.44819023
      218     0.04063645   -16.44873978   -16.40810333   -16.51075349   -16.44873978
      219     0.04036198   -16.44846586   -16.40810388   -16.51009154   -16.44846586
      220     0.03925819   -16.44735064   -16.40809245   -16.50841272   -16.44735064
      221     0.03749100   -16.44556370   -16.40807270   -16.50590101   -16.44556370
      222     0.03536143   -16.44341149   -16.40805006   -16.50287824   -16.44341149
      223     0.03321961   -16.44125007   -16.40803046   -16.49971704   -16.44125007
      224     0.03137611   -16.43939402   -16.40801791   -16.49675107   -16.43939402
      225     0.03003587   -16.43805011   -16.40801424   -16.49421036   -16.43805011
      226     0.02926464   -16.43728422   -16.40801958   -16.49218969   -16.43728422
      227     0.02898604   -16.43701865   -16.40803261   -16.49064677   -16.43701865
      228     0.02900618   -16.43705615   -16.40804997   -16.48942566   -16.43705615
      229     0.02906979   -16.43713565   -16.40806586   -16.48831051   -16.43713565
      230     0.02895575   -16.43702776   -16.40807201   -16.48711752   -16.43702776
      231     0.02859241   -16.43665526   -16.40806285   -16.48581087   -16.43665526
      232     0.02812984   -16.43617102   -16.40804118   -16.48457626   -16.43617102
      233     0.02788822   -16.43590818   -16.40801996   -16.48376782   -16.43590818
      234     0.02816849   -16.43618381   -16.40801532   -16.48371042   -16.43618381
      235     0.02902839   -16.43706215   -16.40803376   -16.48446420   -16.43706215
      236     0.03019019   -16.43825696   -16.40806677   -16.48572981   -16.43825696
      237     0.03116563   -16.43926166   -16.40809603   -16.48698258   -16.43926166
      238     0.03151486   -16.43962143   -16.40810657   -16.48774827   -16.43962143
      239     0.03106785   -16.43916272   -16.40809487   -16.48783482   -16.43916272
      240     0.02998498   -16.43805313   -16.40806815   -16.48739304   -16.43805313
      241     0.02865668   -16.43669553   -16.40803885   -16.48681035   -16.43669553
      242     0.02752528   -16.43554263   -16.40801735   -16.48652418   -16.43554263
      243     0.02692141   -16.43493099   -16.40800958   -16.48685519   -16.43493099
      244     0.02696861   -16.43498486   -16.40801625   -16.48791066   -16.43498486
      245     0.02756494   -16.43559948   -16.40803454   -16.48956769   -16.43559948
      246     0.02842722   -16.43648601   -16.40805879   -16.49151860   -16.43648601
      247     0.02917979   -16.43726157   -16.40808178   -16.49336156   -16.43726157
      248     0.02947224   -16.43756773   -16.40809549   -16.49471956   -16.43756773
      249     0.02910326   -16.43719691   -16.40809365   -16.49536719   -16.43719691
      250     0.02811161   -16.43618720   -16.40807559   -16.49532565   -16.43618720
      251     0.02678432   -16.43483165   -16.40804733   -16.49487162   -16.43483165
      252     0.02555733   -16.43357818   -16.40802085   -16.49443638   -16.43357818
      253     0.02483774   -16.43284563   -16.40800789   -16.49442056   -16.43284563
      254     0.02482732   -16.43284133   -16.40801401   -16.49501058   -16.43284133
      255     0.02544116   -16.43347650   -16.40803534   -16.49609301   -16.43347650
      256     0.02636391   -16.43442494   -16.40806103   -16.49731348   -16.43442494
      257     0.02721163   -16.43529035   -16.40807872   -16.49824552   -16.43529035
      258     0.02771559   -16.43579638   -16.40808079   -16.49858340   -16.43579638
      259     0.02783873   -16.43590595   -16.40806722   -16.49826498   -16.43590595
      260     0.02777776   -16.43582283   -16.40804507   -16.49747672   -16.43582283
      261     0.02786052   -16.43588488   -16.40802436   -16.49654985   -16.43588488
      262     0.02839320   -16.43640745   -16.40801425   -16.49580551   -16.43640745
      263     0.02952428   -16.43754325   -16.40801897   -16.49541542   -16.43754325
      264     0.03117504   -16.43921245   -16.40803741   -16.49533136   -16.43921245
      265     0.03305765   -16.44112090   -16.40806325   -16.49530164   -16.44112090
      266     0.03477047   -16.44285787   -16.40808740   -16.49496577   -16.44285787
      267     0.03593718   -16.44403822   -16.40810104   -16.49399227   -16.44403822
      268     0.03634089   -16.44444019   -16.40809930   -16.49221152   -16.44444019
      269     0.03599760   -16.44408138   -16.40808378   -16.48968639   -16.44408138
      270     0.03512931   -16.44319222   -16.40806291   -16.48668136   -16.44319222
      271     0.03404022   -16.44208778   -16.40804756   -16.48353183   -16.44208778
      272     0.03296144   -16.44100508   -16.40804364   -16.48048126   -16.44100508
      273     0.03196468   -16.44001300   -16.40804832   -16.47759324   -16.44001300
      274     0.03100129   -16.43905373   -16.40805244   -16.47479663   -16.43905373
      275     0.03002250   -16.43807186   -16.40804936   -16.47201824   -16.43807186
      276     0.02907489   -16.43711432   -16.40803943   -16.46928555   -16.43711432
      277     0.02830124   -16.43632949   -16.40802825   -16.46672700   -16.43632949
      278     0.02786949   -16.43588989   -16.40802040   -16.46449483   -16.43588989
      279     0.02790672   -16.43592312   -16.40801640   -16.46269588   -16.43592312
      280     0.02848115   -16.43649656   -16.40801541   -16.46137666   -16.43649656
      281     0.02960945   -16.43762686   -16.40801741   -16.46053417   -16.43762686
      282     0.03125041   -16.43927523   -16.40802482   -16.46011308   -16.43927523
      283     0.03327695   -16.44131629   -16.40803934   -16.45997681   -16.44131629
      284     0.03545603   -16.44351558   -16.40805955   -16.45988765   -16.44351558
      285     0.03747696   -16.44555675   -16.40807979   -16.45953698   -16.44555675
      286     0.03903743   -16.44712983   -16.40809240   -16.45863848   -16.44712983
      287     0.03995458   -16.44804717   -16.40809259   -16.45705453   -16.44804717
      288     0.04022724   -16.44831239   -16.40808515   -16.45489467   -16.44831239
      289     0.03995862   -16.44804958   -16.40809096   -16.45254573   -16.44804958
      290     0.03913874   -16.44725289   -16.40811415   -16.45068730   -16.44725289
      291     0.04185384   -16.44991291   -16.40805907   -16.44991291   -16.44592780
      292     0.04153943   -16.44967307   -16.40813364   -16.44967307   -16.44385472
      293     0.04145608   -16.44962307   -16.40816699   -16.44962307   -16.44144558
      294     0.04107037   -16.44924880   -16.40817843   -16.44924880   -16.43864416
      295     0.04019632   -16.44836752   -16.40817120   -16.44836752   -16.43540475
      296     0.03893694   -16.44708775   -16.40815081   -16.44708775   -16.43188509
      297     0.02028945   -16.42841634   -16.40812689   -16.44572865   -16.42841634
      298     0.01861938   -16.42673917   -16.40811979   -16.44524676   -16.42673917
      299     0.01846712   -16.42659726   -16.40813014   -16.44570987   -16.42659726
      300     0.01967135   -16.42782533   -16.40815398   -16.44701088   -16.42782533
      301     0.02186793   -16.43005156   -16.40818363   -16.44886135   -16.43005156
      302     0.02460046   -16.43281143   -16.40821097   -16.45090277   -16.43281143
      303     0.02744639   -16.43567583   -16.40822944   -16.45283098   -16.43567583
      304     0.03012169   -16.43835700   -16.40823531   -16.45449550   -16.43835700
      305     0.03253318   -16.44076351   -16.40823033   -16.45594174   -16.44076351
      306     0.03475186   -16.44297305   -16.40822119   -16.45736418   -16.44297305
      307     0.03690789   -16.44512515   -16.40821726   -16.45897507   -16.44512515
      308     0.03905289   -16.44727751   -16.40822462   -16.46084437   -16.44727751
      309     0.04107349   -16.44931463   -16.40824114   -16.46281426   -16.44931463
      310     0.04272100   -16.45097910   -16.40825810   -16.46455850   -16.45097910
      311     0.04373828   -16.45200421   -16.40826593   -16.46574934   -16.45200421
      312     0.04399572   -16.45225670   -16.40826098   -16.46622298   -16.45225670
      313     0.04355185   -16.45179806   -16.40824621   -16.46604660   -16.45179806
      314     0.04261877   -16.45084627   -16.40822750   -16.46547204   -16.45084627
      315     0.04147557   -16.44968608   -16.40821051   -16.46483015   -16.44968608
      316     0.04037977   -16.44857909   -16.40819932   -16.46442391   -16.44857909
      317     0.03950111   -16.44769739   -16.40819628   -16.46444987   -16.44769739
      318     0.03888048   -16.44708307   -16.40820259   -16.46495340   -16.44708307
      319     0.03841285   -16.44663018   -16.40821733   -16.46581358   -16.44663018
      320     0.03786629   -16.44610243   -16.40823614   -16.46676721   -16.44610243
      321     0.03695449   -16.44520522   -16.40825073   -16.46748698   -16.44520522
      322     0.03546313   -16.44371466   -16.40825153   -16.46771444   -16.44371466
      323     0.03338933   -16.44162219   -16.40823286   -16.46740610   -16.44162219
      324     0.03101525   -16.43921393   -16.40819868   -16.46681225   -16.43921393
      325     0.02884343   -16.43700653   -16.40816310   -16.46641105   -16.43700653
      326     0.02739038   -16.43553384   -16.40814346   -16.46669299   -16.43553384
      327     0.02694139   -16.43509003   -16.40814864   -16.46790270   -16.43509003
      328     0.02742666   -16.43559926   -16.40817260   -16.46990876   -16.43559926
      329     0.02850382   -16.43670334   -16.40819952   -16.47229394   -16.43670334
      330     0.02977934   -16.43799486   -16.40821552   -16.47459321   -16.43799486
      331     0.03101111   -16.43922742   -16.40821631   -16.47651001   -16.43922742
      332     0.03217918   -16.44038585   -16.40820667   -16.47799281   -16.44038585
      333     0.03342084   -16.44161653   -16.40819569   -16.47917051   -16.44161653
      334     0.03489841   -16.44308957   -16.40819116   -16.48021757   -16.44308957
      335     0.03667750   -16.44487469   -16.40819719   -16.48123053   -16.44487469
      336     0.03866203   -16.44687510   -16.40821307   -16.48216040   -16.44687510
      337     0.04059977   -16.44883470   -16.40823493   -16.48281675   -16.44883470
      338     0.04214369   -16.45040034   -16.40825665   -16.48292550   -16.45040034
      339     0.04294775   -16.45121957   -16.40827182   -16.48222045   -16.45121957
      340     0.04277447   -16.45104859   -16.40827412   -16.48054314   -16.45104859
      341     0.04159117   -16.44985124   -16.40826007   -16.47793146   -16.44985124
      342     0.03961965   -16.44785148   -16.40823183   -16.47466150   -16.44785148
      343     0.03729451   -16.44549351   -16.40819900   -16.47119994   -16.44549351
      344     0.03511412   -16.44328940   -16.40817528   -16.46805063   -16.44328940
      345     0.03343935   -16.44160930   -16.40816995   -16.46555215   -16.44160930
      346     0.03235977   -16.44054108   -16.40818131   -16.46375026   -16.44054108
      347     0.03171579   -16.43991430   -16.40819851   -16.46243509   -16.43991430
      348     0.03125363   -16.43946323   -16.40820960   -16.46131312   -16.43946323
      349     0.03079941   -16.43900845   -16.40820904   -16.46019167   -16.43900845
      350     0.03034947   -16.43854802   -16.40819855   -16.45906848   -16.43854802
      351     0.03005492   -16.43823839   -16.40818347   -16.45810797   -16.43823839
      352     0.03014402   -16.43831368   -16.40816966   -16.45755549   -16.43831368
      353     0.03083239   -16.43899401   -16.40816162   -16.45764065   -16.43899401
      354     0.03224502   -16.44040788   -16.40816286   -16.45849621   -16.44040788
      355     0.03435735   -16.44253334   -16.40817599   -16.46009647   -16.44253334
      356     0.03696198   -16.44516273   -16.40820075   -16.46222137   -16.44516273
      357     0.03967975   -16.44791209   -16.40823234   -16.46446735   -16.44791209
      358     0.04203857   -16.45030000   -16.40826143   -16.46633004   -16.45030000
      359     0.04361506   -16.45189262   -16.40827756   -16.46735567   -16.45189262
      360     0.04419041   -16.45246437   -16.40827396   -16.46730967   -16.45246437
      361     0.04383833   -16.45209231   -16.40825398   -16.46627882   -16.45209231
      362     0.04287603   -16.45110546   -16.40822943   -16.46462586   -16.45110546
      363     0.04168765   -16.44990208   -16.40821443   -16.46280468   -16.44990208
      364     0.04052643   -16.44874081   -16.40821438   -16.46113831   -16.44874081
      365     0.03943449   -16.44765707   -16.40822258   -16.45970937   -16.44765707
      366     0.03833094   -16.44655736   -16.40822642   -16.45842561   -16.44655736
      367     0.03718183   -16.44540020   -16.40821837   -16.45718759   -16.44540020
      368     0.03611256   -16.44431290   -16.40820034   -16.45601915   -16.44431290
      369     0.03539023   -16.44357106   -16.40818083   -16.45507944   -16.44357106
      370     0.03530655   -16.44347560   -16.40816905   -16.45457254   -16.44347560
      371     0.03604264   -16.44421325   -16.40817061   -16.45463035   -16.44421325
      372     0.03758066   -16.44576710   -16.40818644   -16.45523627   -16.44576710
      373     0.03968615   -16.44790015   -16.40821400   -16.45622000   -16.44790015
      374     0.04194749   -16.45019635   -16.40824886   -16.45731600   -16.45019635
      375     0.04385145   -16.45213575   -16.40828430   -16.45826287   -16.45213575
      376     0.04490835   -16.45321257   -16.40830422   -16.45889151   -16.45321257
      377     0.04485754   -16.45314984   -16.40829230   -16.45911879   -16.45314984
      378     0.04381626   -16.45207643   -16.40826017   -16.45891205   -16.45207643
      379     0.05013809   -16.45836490   -16.40822681   -16.45836490   -16.45041427
      380     0.04898773   -16.45720769   -16.40821996   -16.45720769   -16.44804201
      381     0.04783864   -16.45605159   -16.40821295   -16.45605159   -16.44516218
      382     0.04680797   -16.45502181   -16.40821384   -16.45502181   -16.44223026
      383     0.04588941   -16.45411292   -16.40822351   -16.45411292   -16.43939402
      384     0.04494543   -16.45318088   -16.40823545   -16.45318088   -16.43656326
      385     0.04380498   -16.45204652   -16.40824154   -16.45204652   -16.43356366
      386     0.04237968   -16.45061793   -16.40823825   -16.45061793   -16.43028717
      387     0.04072257   -16.44894927   -16.40822670   -16.44894927   -16.42676754
      388     0.03901350   -16.44722462   -16.40821112   -16.44722462   -16.42317385
      389     0.03749644   -16.44569279   -16.40819635   -16.44569279   -16.41974965
      390     0.03640110   -16.44458821   -16.40818711   -16.44458821   -16.41673406
      391     0.03587009   -16.44405664   -16.40818655   -16.44405664   -16.41428537
      392     0.03590952   -16.44410522   -16.40819570   -16.44410522   -16.41242823
      393     0.03638031   -16.44459206   -16.40821175   -16.44459206   -16.41104125
      394     0.03704418   -16.44527265   -16.40822847   -16.44527265   -16.40990220
      395     0.03766224   -16.44589992   -16.40823768   -16.44589992   -16.40878803
      396     0.03811439   -16.44634806   -16.40823367   -16.44634806   -16.40759869
      397     0.03847813   -16.44669562   -16.40821749   -16.44669562   -16.40643952
      398     0.03900403   -16.44720269   -16.40819866   -16.44720269   -16.40559661
      399     0.03997228   -16.44816283   -16.40819055   -16.44816283   -16.40538570
      400     0.04149900   -16.44970041   -16.40820141   -16.44970041   -16.40594610
      401     0.04341430   -16.45164290   -16.40822860   -16.45164290   -16.40710978
      402     0.04530014   -16.45356059   -16.40826045   -16.45356059   -16.40843906
      403     0.04666784   -16.45495106   -16.40828322   -16.45495106   -16.40941068
      404     0.04716413   -16.45545317   -16.40828904   -16.45545317   -16.40963117
      405     0.04669680   -16.45497434   -16.40827754   -16.45497434   -16.40896697
      406     0.04543875   -16.45369377   -16.40825502   -16.45369377   -16.40755192
      407     0.04373992   -16.45196938   -16.40822946   -16.45196938   -16.40569914
      408     0.04200332   -16.45021135   -16.40820803   -16.45021135   -16.40378006
      409     0.04057204   -16.44876740   -16.40819536   -16.44876740   -16.40211457
      410     0.03965262   -16.44784595   -16.40819333   -16.44784595   -16.40089800
      411     0.03928388   -16.44748485   -16.40820097   -16.44748485   -16.40017155
      412     0.03935235   -16.44756702   -16.40821467   -16.44756702   -16.39983707
      413     0.03965066   -16.44787939   -16.40822873   -16.44787939   -16.39971298
      414     0.03996793   -16.44820449   -16.40823656   -16.44820449   -16.39962087
      415     0.04018802   -16.44842187   -16.40823385   -16.44842187   -16.39948118
      416     0.04035147   -16.44857295   -16.40822148   -16.44857295   -16.39937193
      417     0.04063737   -16.44884376   -16.40820639   -16.44884376   -16.39950598
      418     0.04126027   -16.44945785   -16.40819758   -16.44945785   -16.40011950
      419     0.04233979   -16.45054003   -16.40820024   -16.45054003   -16.40133361
      420     0.04382767   -16.45203975   -16.40821208   -16.45203975   -16.40307827
      421     0.04553633   -16.45376266   -16.40822633   -16.45376266   -16.40512696
      422     0.04723816   -16.45547442   -16.40823626   -16.45547442   -16.40720590
      423     0.04876632   -16.45700506   -16.40823874   -16.45700506   -16.40910430
      424     0.05006603   -16.45830059   -16.40823456   -16.45830059   -16.41073180
      425     0.05118515   -16.45941247   -16.40822732   -16.45941247   -16.41211213
      426     0.05222184   -16.46044306   -16.40822122   -16.46044306   -16.41333076
      427     0.05325974   -16.46147929   -16.40821955   -16.46147929   -16.41446852
      428     0.05431747   -16.46254108   -16.40822361   -16.46254108   -16.41554795
      429     0.05532872   -16.46356066   -16.40823194   -16.46356066   -16.41650901
      430     0.05616625   -16.46440641   -16.40824016   -16.46440641   -16.41722865
      431     0.05670896   -16.46495122   -16.40824226   -16.46495122   -16.41758506
      432     0.05693085   -16.46516395   -16.40823310   -16.46516395   -16.41754640
      433     0.05697138   -16.46518393   -16.40821255   -16.46518393   -16.41724440
      434     0.05713185   -16.46531945   -16.40818760   -16.46531945   -16.41697444
      435     0.05776735   -16.46593786   -16.40817051   -16.46593786   -16.41708879
      436     0.05911064   -16.46728233   -16.40817169   -16.46728233   -16.41781765
      437     0.06112717   -16.46931960   -16.40819243   -16.46931960   -16.41912054
      438     0.06349991   -16.47172338   -16.40822347   -16.47172338   -16.42067175
      439     0.06576282   -16.47401369   -16.40825087   -16.47401369   -16.42199952
      440     0.06750320   -16.47576723   -16.40826403   -16.47576723   -16.42269435
      441     0.06852190   -16.47678164   -16.40825974   -16.47678164   -16.42256996
      442     0.06888332   -16.47712571   -16.40824239   -16.47712571   -16.42170976
      443     0.06885945   -16.47707857   -16.40821912   -16.47707857   -16.42040270
      444     0.06882143   -16.47701841   -16.40819698   -16.47701841   -16.41902965
      445     0.06912996   -16.47731079   -16.40818083   -16.47731079   -16.41795046
      446     0.07005414   -16.47822747   -16.40817333   -16.47822747   -16.41742280
      447     0.07172406   -16.47989965   -16.40817559   -16.47989965   -16.41755645
      448     0.07411235   -16.48229942   -16.40818707   -16.48229942   -16.41829645
      449     0.07704607   -16.48525099   -16.40820492   -16.48525099   -16.41943607
      450     0.08025371   -16.48847780   -16.40822409   -16.48847780   -16.42066545
      451     0.08344556   -16.49168387   -16.40823831   -16.49168387   -16.42165373
      452     0.08640629   -16.49464914   -16.40824285   -16.49464914   -16.42214445
      453     0.08906261   -16.49730009   -16.40823748   -16.49730009   -16.42202576
      454     0.09148961   -16.49971585   -16.40822624   -16.49971585   -16.42133623
      455     0.09384638   -16.50206292   -16.40821654   -16.50206292   -16.42020031
      456     0.09627040   -16.50448538   -16.40821498   -16.50448538   -16.41872044
      457     0.09878180   -16.50700599   -16.40822419   -16.50700599   -16.41688193
      458     0.10124772   -16.50948883   -16.40824111   -16.50948883   -16.41451953
      459     0.10343157   -16.51168925   -16.40825768   -16.51168925   -16.41137249
      460     0.10510713   -16.51337334   -16.40826621   -16.51337334   -16.40721215
      461     0.10616544   -16.51443102   -16.40826558   -16.51443102   -16.40197711
      462     0.10662873   -16.51489413   -16.40826540   -16.51489413   -16.39585792
      463     0.10652943   -16.51480940   -16.40827997   -16.51480940   -16.38932189
      464     0.10576573   -16.51406548   -16.40829975   -16.51406548   -16.38305553
      465     0.10421281   -16.51250452   -16.40829171   -16.51250452   -16.37763786
      466     0.10195407   -16.51022668   -16.40827261   -16.51022668   -16.37315833
      467     0.09921760   -16.50747587   -16.40825827   -16.50747587   -16.36941973
      468     0.09623076   -16.50447301   -16.40824225   -16.50447301   -16.36628102
      469     0.09324396   -16.50146478   -16.40822082   -16.50146478   -16.36374538
      470     0.09057976   -16.49877566   -16.40819590   -16.49877566   -16.36194618
      471     0.08860236   -16.49677727   -16.40817491   -16.49677727   -16.36108022
      472     0.08761428   -16.49578089   -16.40816661   -16.49578089   -16.36129701
      473     0.08772796   -16.49590477   -16.40817681   -16.49590477   -16.36257364
      474     0.08878424   -16.49698782   -16.40820358   -16.49698782   -16.36463808
      475     0.09038869   -16.49862401   -16.40823532   -16.49862401   -16.36701003
      476     0.09207901   -16.50033583   -16.40825682   -16.50033583   -16.36917623
      477     0.09354496   -16.50180361   -16.40825865   -16.50180361   -16.37081855
      478     0.09475587   -16.50300092   -16.40824505   -16.50300092   -16.37194690
      479     0.09589404   -16.50412572   -16.40823168   -16.50412572   -16.37283107
      480     0.09713775   -16.50537017   -16.40823242   -16.50537017   -16.37377705
      481     0.09846810   -16.50671803   -16.40824993   -16.50671803   -16.37493297
      482     0.09964919   -16.50792186   -16.40827267   -16.50792186   -16.37625816
      483     0.10037713   -16.50866263   -16.40828550   -16.50866263   -16.37762086
      484     0.10047123   -16.50875324   -16.40828201   -16.50875324   -16.37887874
      485     0.09996529   -16.50823188   -16.40826659   -16.50823188   -16.37990020
      486     0.09906008   -16.50730796   -16.40824788   -16.50730796   -16.38058581
      487     0.09803165   -16.50625953   -16.40822788   -16.50625953   -16.38091102
      488     0.09719204   -16.50539697   -16.40820493   -16.50539697   -16.38096245
      489     0.09690139   -16.50507967   -16.40817828   -16.50507967   -16.38095156
      490     0.09756929   -16.50572050   -16.40815121   -16.50572050   -16.38119259
      491     0.09959716   -16.50772914   -16.40813198   -16.50772914   -16.38202682
      492     0.10325432   -16.51138538   -16.40813106   -16.51138538   -16.38369030
      493     0.10852884   -16.51668463   -16.40815579   -16.51668463   -16.38616736
      494     0.11502983   -16.52323484   -16.40820501   -16.52323484   -16.38911031
      495     0.12201187   -16.53028034   -16.40826847   -16.53028034   -16.39190344
      496     0.12853956   -16.53686882   -16.40832926   -16.53686882   -16.39388079
      497     0.13373767   -16.54210682   -16.40836915   -16.54210682   -16.39460014
      498     0.13704803   -16.54542271   -16.40837468   -16.54542271   -16.39399926
      499     0.13839157   -16.54674077   -16.40834920   -16.54674077   -16.39234226
      500     0.13811926   -16.54643127   -16.40831201   -16.54643127   -16.39005657
      501     0.13676421   -16.54504597   -16.40828176   -16.54504597   -16.38758101
      502     0.13478581   -16.54305171   -16.40826590   -16.54305171   -16.38523971
      503     0.13245926   -16.54071970   -16.40826044   -16.54071970   -16.38318008
      504     0.12990922   -16.53816731   -16.40825809   -16.53816731   -16.38140990
      505     0.12720306   -16.53545734   -16.40825428   -16.53545734   -16.37988527
      506     0.12441452   -16.53266382   -16.40824930   -16.53266382   -16.37857367
      507     0.12162950   -16.52987477   -16.40824527   -16.52987477   -16.37746235
      508     0.11892318   -16.52716562   -16.40824244   -16.52716562   -16.37654167
      509     0.11635631   -16.52459494   -16.40823863   -16.52459494   -16.37581113
      510     0.11400411   -16.52223543   -16.40823132   -16.52223543   -16.37531995
      511     0.11198155   -16.52020403   -16.40822248   -16.52020403   -16.37520524
      512     0.11040928   -16.51862863   -16.40821935   -16.51862863   -16.37566280
      513     0.10930622   -16.51753612   -16.40822990   -16.51753612   -16.37683221
      514     0.10848663   -16.51674085   -16.40825422   -16.51674085   -16.37866310
      515     0.10757952   -16.51586016   -16.40828064   -16.51586016   -16.38087182
      516     0.10619229   -16.51448650   -16.40829421   -16.51448650   -16.38302334
      517     0.10410571   -16.51239508   -16.40828937   -16.51239508   -16.38469681
      518     0.10137103   -16.50963975   -16.40826872   -16.50963975   -16.38566123
      519     0.09828565   -16.50652413   -16.40823848   -16.50652413   -16.38597055
      520     0.09529653   -16.50350413   -16.40820760   -16.50350413   -16.38592326
      521     0.09285901   -16.50104564   -16.40818663   -16.50104564   -16.38590990
      522     0.09127241   -16.49945652   -16.40818411   -16.49945652   -16.38621490
      523     0.09055429   -16.49875546   -16.40820117   -16.49875546   -16.38686054
      524     0.09042813   -16.49865765   -16.40822952   -16.49865765   -16.38757726
      525     0.09044380   -16.49870033   -16.40825653   -16.49870033   -16.38792113
      526     0.09016409   -16.49843609   -16.40827200   -16.49843609   -16.38746360
      527     0.08932208   -16.49759403   -16.40827195   -16.49759403   -16.38595249
      528     0.08789326   -16.49615020   -16.40825694   -16.49615020   -16.38338562
      529     0.08608697   -16.49431878   -16.40823181   -16.49431878   -16.38001049
      530     0.08427474   -16.49247988   -16.40820514   -16.49247988   -16.37626955
      531     0.08285433   -16.49104375   -16.40818942   -16.49104375   -16.37269282
      532     0.08206987   -16.49026410   -16.40819423   -16.49026410   -16.36974370
      533     0.08187749   -16.49009502   -16.40821753   -16.49009502   -16.36767340
      534     0.08196708   -16.49021196   -16.40824488   -16.49021196   -16.36644941
      535     0.08193631   -16.49019981   -16.40826350   -16.49019981   -16.36579780
      536     0.08147115   -16.48974173   -16.40827058   -16.48974173   -16.36534727
      537     0.08042104   -16.48868937   -16.40826833   -16.48868937   -16.36478841
      538     0.07878656   -16.48704618   -16.40825962   -16.48704618   -16.36395475
      539     0.07668252   -16.48492788   -16.40824536   -16.48492788   -16.36282354
      540     0.07431224   -16.48253884   -16.40822660   -16.48253884   -16.36149829
      541     0.07194708   -16.48015268   -16.40820560   -16.48015268   -16.36019111
      542     0.06987797   -16.47806760   -16.40818963   -16.47806760   -16.35919221
      543     0.06831384   -16.47650330   -16.40818946   -16.47650330   -16.35880395
      544     0.06725950   -16.47546887   -16.40820937   -16.47546887   -16.35925462
      545     0.06645687   -16.47469590   -16.40823903   -16.47469590   -16.36062633
      546     0.06550406   -16.47376193   -16.40825787   -16.47376193   -16.36279463
      547     0.06411572   -16.47237053   -16.40825481   -16.47237053   -16.36542909
      548     0.06227757   -16.47051481   -16.40823724   -16.47051481   -16.36817124
      549     0.06019562   -16.46841259   -16.40821697   -16.46841259   -16.37085122
      550     0.05814029   -16.46634440   -16.40820411   -16.46634440   -16.37349042
      551     0.05628968   -16.46449398   -16.40820430   -16.46449398   -16.37613531
      552     0.05464872   -16.46286282   -16.40821410   -16.46286282   -16.37872078
      553     0.05309491   -16.46131823   -16.40822332   -16.46131823   -16.38108231
      554     0.05151238   -16.45973598   -16.40822360   -16.45973598   -16.38308034
      555     0.04990930   -16.45812291   -16.40821361   -16.45812291   -16.38471510
      556     0.04844158   -16.45664003   -16.40819845   -16.45664003   -16.38614662
      557     0.04734326   -16.45552853   -16.40818527   -16.45552853   -16.38762018
      558     0.04682142   -16.45500074   -16.40817932   -16.45500074   -16.38935682
      559     0.04697606   -16.45515823   -16.40818217   -16.45515823   -16.39147148
      560     0.04777583   -16.45596715   -16.40819132   -16.45596715   -16.39394770
      561     0.04908749   -16.45729051   -16.40820302   -16.45729051   -16.39666926
      562     0.05073195   -16.45894599   -16.40821404   -16.45894599   -16.39947703
      563     0.05253232   -16.46075584   -16.40822352   -16.46075584   -16.40221834
      564     0.05433716   -16.46256800   -16.40823084   -16.46256800   -16.40476717
      565     0.05603443   -16.46426875   -16.40823432   -16.46426875   -16.40703652
      566     0.05758022   -16.46581161   -16.40823139   -16.46581161   -16.40900628
      567     0.05902924   -16.46725179   -16.40822255   -16.46725179   -16.41075652
      568     0.06051682   -16.46873088   -16.40821406   -16.46873088   -16.41245074
      569     0.06216836   -16.47038192   -16.40821356   -16.47038192   -16.41423933
      570     0.06399565   -16.47221839   -16.40822274   -16.47221839   -16.41614709
      571     0.06587133   -16.47410714   -16.40823581   -16.47410714   -16.41804553
      572     0.06761011   -16.47585447   -16.40824436   -16.47585447   -16.41973865
      573     0.06908731   -16.47733172   -16.40824441   -16.47733172   -16.42108894
      574     0.07030449   -16.47854150   -16.40823701   -16.47854150   -16.42208574
      575     0.07137341   -16.47960069   -16.40822728   -16.47960069   -16.42283128
      576     0.07244513   -16.48066560   -16.40822047   -16.48066560   -16.42346916
      577     0.07362863   -16.48184897   -16.40822034   -16.48184897   -16.42410489
      578     0.07493137   -16.48315959   -16.40822822   -16.48315959   -16.42474774
      579     0.07623757   -16.48448020   -16.40824263   -16.48448020   -16.42528810
      580     0.07732984   -16.48558956   -16.40825972   -16.48558956   -16.42551789
      581     0.07795320   -16.48622629   -16.40827309   -16.48622629   -16.42519014
      582     0.07790758   -16.48618466   -16.40827708   -16.48618466   -16.42411011
      583     0.07713619   -16.48540476   -16.40826857   -16.48540476   -16.42222179
      584     0.07576785   -16.48401791   -16.40825006   -16.48401791   -16.41965091
      585     0.07408271   -16.48231133   -16.40822862   -16.48231133   -16.41666986
      586     0.07240484   -16.48061836   -16.40821352   -16.48061836   -16.41359123
      587     0.07096819   -16.47917923   -16.40821104   -16.47917923   -16.41063310
      588     0.06983064   -16.47805017   -16.40821953   -16.47805017   -16.40783399
      589     0.06889427   -16.47712505   -16.40823078   -16.47712505   -16.40507874
      590     0.06802381   -16.47625900   -16.40823519   -16.47625900   -16.40222484
      591     0.06717982   -16.47540894   -16.40822912   -16.47540894   -16.39924312
      592     0.06647070   -16.47468730   -16.40821660   -16.47468730   -16.39626961
      593     0.06610356   -16.47430784   -16.40820428   -16.47430784   -16.39354775
      594     0.06628643   -16.47448384   -16.40819741   -16.47448384   -16.39132198
      595     0.06714846   -16.47534616   -16.40819770   -16.47534616   -16.38975091
      596     0.06870643   -16.47691140   -16.40820497   -16.47691140   -16.38887129
      597     0.07086124   -16.47908059   -16.40821935   -16.47908059   -16.38859420
      598     0.07339825   -16.48163939   -16.40824114   -16.48163939   -16.38870441
      599     0.07598649   -16.48425673   -16.40827024   -16.48425673   -16.38886015
      600     0.07819662   -16.48649891   -16.40830229   -16.48649891   -16.38860896
