#     Density Matrix: coherence Re-Im; see the manual for detail orders
        0     0.00000000     0.00000000
        1     0.00003572    -0.00023803
        2    -0.00008960     0.00000148
        3     0.00010896    -0.00014315
        4    -0.00013570    -0.00005336
        5     0.00011776    -0.00000826
        6    -0.00010110    -0.00012212
        7     0.00004171     0.00010327
        8     0.00000768    -0.00013326
        9    -0.00007773     0.00011793
       10     0.00011210    -0.00003569
       11    -0.00013392     0.00002338
       12     0.00010097     0.00012107
       13    -0.00004687    -0.00007129
       14    -0.00003600     0.00018345
       15     0.00009994    -0.00001969
       16    -0.00013080     0.00006864
       17     0.00010474     0.00014281
       18    -0.00003143    -0.00006169
       19     0.00596653    -0.00642684
       20    -0.00686652    -0.00983675
       21     0.00196559     0.00465553
       22     0.00354354    -0.01134322
       23    -0.00777846    -0.00012757
       24     0.00805111    -0.00066709
       25    -0.00297362    -0.01186316
       26    -0.00433564     0.00334093
       27     0.00859630    -0.00473128
       28    -0.00493140    -0.01120892
       29    -0.00371393     0.00334056
       30     0.00859092    -0.00430120
       31    -0.00309151    -0.01245224
       32    -0.00648983     0.00105832
       33     0.00718146     0.00013498
       34     0.00278053    -0.01258948
       35    -0.00850811    -0.00560937
       36     0.00016243     0.00414714
       37     0.00842452    -0.00555208
       38    -0.00196937    -0.01259287
       39    -0.00830383    -0.00183322
       40     0.00238666     0.00415522
       41     0.00814753    -0.00627743
       42    -0.00210537    -0.01211061
       43    -0.00852767    -0.00220203
       44     0.00057552     0.00501717
       45     0.00844890    -0.00305526
       46     0.00137287    -0.01164487
       47    -0.00820067    -0.00585196
       48    -0.00429026     0.00456226
       49     0.00639485     0.00280535
       50     0.00669924    -0.00777370
       51    -0.00359079    -0.01026261
       52    -0.00854225    -0.00083950
       53    -0.00089234     0.00636677
       54     0.00787380     0.00107480
       55     0.00515599    -0.00863549
       56    -0.00495216    -0.00880473
       57    -0.00830520     0.00075998
       58    -0.00049473     0.00701845
       59     0.00782154     0.00184567
       60     0.00573438    -0.00758872
       61    -0.00384178    -0.00890155
       62    -0.00861162    -0.00047305
       63    -0.00272841     0.00710995
       64     0.00637522     0.00468330
       65     0.00764928    -0.00450751
       66    -0.00026189    -0.00930028
       67    -0.00792796    -0.00407014
       68    -0.00653309     0.00507427
       69     0.00215890     0.00780240
       70     0.00829543     0.00130827
       71     0.00516976    -0.00696780
       72    -0.00365989    -0.00789864
       73    -0.00866229    -0.00050121
       74    -0.00465286     0.00741470
       75     0.00402862     0.00776734
       76     0.00840381     0.00048724
       77     0.00413070    -0.00678398
       78    -0.00439051    -0.00665274
       79    -0.00873723     0.00078460
       80    -0.00479714     0.00838044
       81     0.00350985     0.00907867
       82     0.00829179     0.00254368
       83     0.00518574    -0.00484586
       84    -0.00282506    -0.00614379
       85    -0.00845015    -0.00011616
       86    -0.00676517     0.00794394
       87     0.00060964     0.01116125
       88     0.00723743     0.00706291
       89     0.00755799    -0.00056637
       90     0.00145979    -0.00517053
       91    -0.00593416    -0.00293215
       92    -0.00867733     0.00432333
       93    -0.00472916     0.01090091
       94     0.00271257     0.01187101
       95     0.00796837     0.00674778
       96     0.00724975    -0.00044991
       97     0.00127183    -0.00442541
       98    -0.00558111    -0.00244836
       99    -0.00856625     0.00395209
      100    -0.00581059     0.01035642
      101     0.00069411     0.01259954
      102     0.00669819     0.00941538
      103     0.00854046     0.00296538
      104     0.00530407    -0.00278736
      105    -0.00091633    -0.00457462
      106    -0.00651274    -0.00160365
      107    -0.00850668     0.00427632
      108    -0.00605705     0.00985387
      109    -0.00063860     0.01235936
      110     0.00497398     0.01077407
      111     0.00817396     0.00608572
      112     0.00767951     0.00057881
      113     0.00390954    -0.00334002
      114    -0.00145238    -0.00415478
      115    -0.00632591    -0.00169380
      116    -0.00908621     0.00303478
      117    -0.00906992     0.00841651
      118    -0.00662930     0.01289789
      119    -0.00283046     0.01548353
      120     0.00100551     0.01593703
      121     0.00372284     0.01470138
      122     0.00458952     0.01264468
      123     0.00336163     0.01076052
      124     0.00019142     0.00992472
      125    -0.00455012     0.01075923
      126    -0.01047023     0.01360666
      127    -0.01731065     0.01858670
      128    -0.02506031     0.02569158
      129    -0.03402804     0.03489155
      130    -0.04487346     0.04622207
      131    -0.05862019     0.05984092
      132    -0.07663751     0.07605230
      133    -0.10052814     0.09529814
      134    -0.13176283     0.11811648
      135    -0.17078970     0.14506322
      136    -0.21545633     0.17659299
      137    -0.25947656     0.21290014
      138    -0.29313263     0.25373234
      139    -0.30735309     0.29819556
      140    -0.29776272     0.34457462
      141    -0.26900763     0.39183803
      142    -0.21265217     0.43828649
      143    -0.12240174     0.47601174
      144    -0.00293429     0.49250757
      145     0.13815024     0.47210278
      146     0.28537072     0.39883822
      147     0.41231119     0.26221249
      148     0.48259798     0.06573519
      149     0.45763939    -0.16380085
      150     0.31292174    -0.37150251
      151     0.06049457    -0.48196284
      152    -0.23246214    -0.42639209
      153    -0.44727564    -0.18767430
      154    -0.45795446     0.15658151
      155    -0.21465450     0.43266181
      156     0.17670138     0.44943406
      157     0.46136103     0.14686649
      158     0.39229901    -0.28675061
      159    -0.02530267    -0.48605159
      160    -0.43264557    -0.22060417
      161    -0.38904519     0.28702101
      162     0.11139454     0.46960538
      163     0.48134885     0.05514624
      164     0.19380561    -0.44635213
      165    -0.38686245    -0.29413290
      166    -0.35578466     0.32699720
      167     0.28434308     0.39035291
      168     0.40948876    -0.26162477
      169    -0.25763613    -0.41278324
      170    -0.39623479     0.27673256
      171     0.32120521     0.36056484
      172     0.30456143    -0.37968087
      173    -0.43533322    -0.21569502
      174    -0.08379114     0.47427531
      175     0.47842540    -0.08213822
      176    -0.25654823    -0.41460200
      177    -0.25743468     0.40657430
      178     0.48410611     0.01955388
      179    -0.24229667    -0.42337380
      180    -0.19701557     0.43996639
      181     0.46717977    -0.13074891
      182    -0.40961424    -0.26132095
      183     0.10560222     0.47161149
      184     0.24208451    -0.42103760
      185    -0.45651239     0.16233231
      186     0.45927449     0.15415691
      187    -0.27733323    -0.39822955
      188     0.00081794     0.48422298
      189     0.26511998    -0.40625267
      190    -0.43946120     0.20425504
      191     0.48238925     0.04729441
      192    -0.39657343    -0.27908312
      193     0.21588188     0.43376247
      194     0.00912939    -0.48489512
      195    -0.22602232     0.42863084
      196     0.39107126    -0.28661737
      197    -0.47607321     0.09117714
      198     0.47045413     0.11668970
      199    -0.38048592    -0.30050668
      200     0.22583032     0.42880019
      201    -0.03508648    -0.48360394
      202    -0.15943189     0.45766945
      203     0.32653048    -0.35838272
      204    -0.44053633     0.20217080
      205     0.48451746    -0.01511540
      206    -0.45240153    -0.17421450
      207     0.34953684     0.33578091
      208    -0.19190341    -0.44523257
      209     0.00381665     0.48465709
      210     0.18545664    -0.44794906
      211    -0.34598140     0.33945864
      212     0.45165457    -0.17611565
      213    -0.48445443    -0.01707647
      214     0.43763887     0.20839507
      215    -0.31742261    -0.36643481
      216     0.14258592     0.46324581
      217     0.05801799    -0.48132641
      218    -0.24995211     0.41528507
      219     0.39897510    -0.27537731
      220    -0.47728516     0.08470789
      221     0.46898586     0.12257139
      222    -0.37375146    -0.30874597
      223     0.20768480     0.43796384
      224    -0.00105925    -0.48479223
      225    -0.20698264     0.43830293
      226     0.37579274    -0.30624349
      227    -0.47138382     0.11302968
      228     0.47358062     0.10343482
      229    -0.38069917    -0.30011466
      230     0.21044908     0.43666485
      231     0.00317759    -0.48475960
      232    -0.21668853     0.43361137
      233     0.38602838    -0.29320923
      234    -0.47593204     0.09205080
      235     0.46746435     0.12829474
      236    -0.36221415    -0.32215799
      237     0.18199969     0.44929338
      238     0.03570288    -0.48342657
      239    -0.24577329     0.41784106
      240     0.40495162    -0.26643751
      241    -0.48091352     0.06091309
      242     0.45879126     0.15652867
      243    -0.34396647    -0.34154666
      244     0.16049125     0.45744315
      245     0.05421892    -0.48167684
      246    -0.25731473     0.41085776
      247     0.40916731    -0.25989480
      248    -0.48109186     0.05950733
      249     0.46050852     0.15142355
      250    -0.35279754    -0.33239672
      251     0.17956776     0.45031587
      252     0.02598524    -0.48400291
      253    -0.22567800     0.42906972
      254     0.38344165    -0.29651810
      255    -0.47171078     0.11174610
      256     0.47592342     0.09215126
      257    -0.39657732    -0.27870551
      258     0.24857453     0.41623100
      259    -0.05823220    -0.48117560
      260    -0.14149000     0.46371139
      261     0.31659711    -0.36701360
      262    -0.43766840     0.20847450
      263     0.48453143    -0.01452525
      264    -0.44942986    -0.18157755
      265     0.33817592     0.34738376
      266    -0.16925441    -0.45416320
      267    -0.02907630     0.48396246
      268     0.22318243    -0.43023202
      269    -0.37946166     0.30174136
      270     0.46989477    -0.11899746
      271    -0.47705139    -0.08597283
      272     0.39760607     0.27739460
      273    -0.24381877    -0.41886905
      274     0.04234818     0.48300557
      275     0.16956239    -0.45401652
      276    -0.35040306     0.33508423
      277     0.46220900    -0.14597972
      278    -0.47878036    -0.07574063
      279     0.39242776     0.28470800
      280    -0.21773651    -0.43296213
      281    -0.00935729     0.48480608
      282     0.23759840    -0.42237773
      283    -0.41134123     0.25664224
      284     0.48418256    -0.02328380
      285    -0.43240302    -0.21895255
      286     0.26404713     0.40669820
      287    -0.02038410    -0.48414538
      288    -0.23244271     0.42556871
      289     0.42054579    -0.24091016
      290    -0.48441281    -0.01793888
      291     0.39931897     0.27500656
      292    -0.18676676    -0.44715290
      293    -0.08848877     0.47677179
      294     0.33702474    -0.34827419
      295    -0.47395112     0.10186707
      296     0.44947338     0.18168431
      297    -0.26872519    -0.40334527
      298    -0.00712412     0.48477155
      299     0.28134153    -0.39471967
      300    -0.45600184     0.16443908
