#     Density Matrix: coherence Re-Im; see the manual for detail orders
        0     0.00000000     0.00000000
        1     0.00006596    -0.00004906
        2     0.00010306    -0.00005282
        3     0.00008597    -0.00003886
        4     0.00001576    -0.00005215
        5    -0.00006422    -0.00013021
        6    -0.00008176    -0.00025800
        7    -0.00000446    -0.00034768
        8     0.00008723    -0.00031526
        9     0.00006233    -0.00021871
       10    -0.00228787     0.02134161
       11    -0.00201416     0.00230038
       12     0.00352466     0.00353398
       13     0.00045261     0.00992570
       14    -0.00371603     0.00443357
       15     0.00389156     0.00678391
       16    -0.00399047     0.00935390
       17     0.00350111     0.00679551
       18    -0.00424560     0.01001197
       19     0.00372533     0.01080874
       20    -0.00277299     0.00722436
       21    -0.00092127     0.01494191
       22     0.00372808     0.00976146
       23    -0.00275594     0.00829729
       24    -0.00203656     0.01449688
       25     0.00401482     0.01246690
       26     0.00252211     0.00629077
       27    -0.00255413     0.00650511
       28    -0.00244133     0.01048916
       29     0.00197009     0.01093990
       30     0.00480659     0.00692524
       31     0.00354236     0.00247507
       32    -0.00003724     0.00081838
       33    -0.00313500     0.00217836
       34    -0.00433104     0.00499270
       35    -0.00383444     0.00769394
       36    -0.00268545     0.00956260
       37    -0.00191601     0.01068329
       38    -0.00197899     0.01149213
       39    -0.00240968     0.01229448
       40    -0.00157771     0.01295734
       41     0.00390744     0.01284740
       42     0.02215152     0.01096533
       43     0.08667067     0.00603674
       44     0.49730689    -0.00553987
       45     0.30714488    -0.02020616
       46     0.38376350    -0.05277127
       47     0.39016351    -0.11332333
       48     0.36704202    -0.19732747
       49     0.30571678    -0.29361432
       50     0.19509683    -0.38018749
       51     0.03488527    -0.42348985
       52    -0.15187210    -0.38511213
       53    -0.31043973    -0.24014428
       54    -0.36187518    -0.00673548
       55    -0.24083663     0.22638776
       56     0.03085709     0.30809320
       57     0.27171190     0.12635006
       58     0.21606535    -0.19000829
       59    -0.12505994    -0.23871164
       60    -0.23033526     0.11002576
       61     0.13078807     0.19771044
       62     0.10799841    -0.17364156
       63    -0.19333035     0.04232503
       64     0.16399185     0.07601147
       65    -0.13610814    -0.07895236
       66     0.13753928     0.05880620
       67    -0.12605862     0.05520849
       68     0.00000000     0.00000000
       69     0.06458868    -0.01275132
       70     0.02553819     0.06010481
       71    -0.04325505     0.04836778
       72    -0.06562039    -0.00209174
       73    -0.05379748    -0.04011582
       74    -0.03432136    -0.05897067
       75    -0.01481554    -0.06700193
       76     0.00924712    -0.06783031
       77     0.04196817    -0.05341157
       78     0.06576262    -0.00574637
       79     0.02415521     0.05403573
       80    -0.06110659     0.00530237
       81     0.01599106    -0.08054552
       82     0.02540274     0.04276233
       83    -0.04359106    -0.06320608
       84     0.04151955     0.03802877
       85    -0.02596294    -0.07079308
       86    -0.00799770     0.05369329
       87     0.05001858    -0.05397388
       88    -0.06337964    -0.02602688
       89     0.01995176     0.04872490
       90     0.04991112    -0.05570050
       91    -0.05507587    -0.04896022
       92    -0.02432973     0.04869381
       93     0.06249572     0.00435011
       94     0.00923615    -0.07335419
       95    -0.06518662    -0.01681150
       96    -0.01176681     0.05716465
       97     0.06277893     0.01021290
       98     0.02458456    -0.06657747
       99    -0.05554490    -0.04058623
      100    -0.04563827     0.04133498
      101     0.03478798     0.04988560
      102     0.06406986    -0.02451194
      103     0.00398486    -0.07403054
      104    -0.05886646    -0.03457370
      105    -0.04092456     0.03539994
      106     0.03213639     0.04173343
      107     0.06621605    -0.02479808
      108     0.01887417    -0.08202423
      109    -0.05058286    -0.06044431
      110    -0.05542908     0.01168014
      111     0.01087831     0.04234469
      112     0.06257564    -0.00958321
      113     0.02761922    -0.07540129
      114    -0.05001439    -0.05905786
      115    -0.05750746     0.02462569
      116     0.02131175     0.05358080
      117     0.06192491    -0.01789821
      118    -0.00709248    -0.06691869
      119    -0.06628239    -0.00016254
      120    -0.00474927     0.06658970
      121     0.06351158     0.00877544
      122     0.00370921    -0.05902377
      123    -0.06647844     0.00423450
      124    -0.00375372     0.07575652
      125     0.06313186     0.01374109
      126    -0.00365902    -0.04803294
      127    -0.06765128     0.02276224
      128    -0.00142362     0.09000983
      129     0.06256731     0.02959628
      130     0.00100097    -0.03229912
      131    -0.06600120     0.02961393
      132    -0.00641783     0.10048706
      133     0.00000000     0.00000000
      134    -0.03317064     0.03753905
      135     0.01408196     0.06248461
      136     0.02765042     0.00285805
      137    -0.03223460     0.01387039
      138     0.02027101     0.04850683
      139    -0.00190477    -0.02001332
      140    -0.00121851     0.04638898
      141    -0.00285279    -0.02611401
      142     0.01902496     0.03686970
      143    -0.03362740    -0.00318079
      144     0.02802317    -0.01467710
      145     0.00481605     0.04090708
      146    -0.03321103    -0.00507218
      147     0.02397910    -0.02131916
      148     0.01254503     0.03643374
      149    -0.03455883    -0.00261867
      150     0.02331227    -0.02310284
      151     0.00820412     0.03775733
      152    -0.03316770    -0.00752265
      153     0.03373208    -0.02391649
      154    -0.01108815     0.02722991
      155     0.00069312    -0.04946045
      156    -0.00037337     0.02483982
      157     0.01400939    -0.05054054
      158    -0.03084516     0.00437947
      159     0.03757296    -0.00761595
      160    -0.00278677    -0.05996285
      161    -0.03249923    -0.01444909
      162     0.01850510     0.00179033
      163     0.04537540    -0.05063895
      164     0.01422980    -0.09284059
      165    -0.02168410    -0.08636724
      166    -0.02115330    -0.05934133
      167     0.00749016    -0.05110255
      168     0.02879519    -0.07193294
      169     0.01712766    -0.09885917
      170    -0.01918805    -0.09845843
      171     0.00000000     0.00000000
      172     0.04949342    -0.03288271
      173     0.03195618    -0.08952449
      174    -0.03447199    -0.08836519
      175    -0.05597009    -0.01851984
      176     0.00728023     0.02148571
      177     0.05447620    -0.03488440
      178    -0.00441475    -0.08447483
      179    -0.05820385    -0.01914096
      180     0.01216755     0.03293875
      181     0.04932811    -0.04542523
      182    -0.04106369    -0.05770116
      183    -0.02168175     0.03623364
      184     0.05615442    -0.02120125
      185    -0.03504957    -0.05977206
      186    -0.01661309     0.04068897
      187     0.05156913    -0.03511910
      188    -0.05274721    -0.03335788
      189     0.02421892     0.04035665
      190     0.01181547    -0.06609631
      191    -0.04001683     0.02946163
      192     0.05448555    -0.02762221
      193    -0.05617407    -0.01768081
      194     0.05228344     0.01026500
      195    -0.04568280    -0.04670906
      196     0.04225519     0.02379076
      197    -0.04109771    -0.05418646
      198     0.04466135     0.01908796
      199    -0.04956968    -0.04428258
      200     0.05435506    -0.00139960
      201    -0.05811524    -0.01210952
      202     0.05206897    -0.02571793
      203    -0.04840470     0.02950234
      204     0.03799014    -0.03947704
      205    -0.03362709     0.04998694
      206     0.03183004    -0.04284210
      207    -0.03314264     0.04822017
      208     0.03934744    -0.04108647
      209    -0.04366037     0.03544811
      210     0.04691087    -0.03023384
      211    -0.05165869     0.03005062
      212     0.05031779    -0.01511184
      213    -0.05364067     0.03288449
      214     0.05319938    -0.00472277
      215    -0.05481225     0.02929254
      216     0.05620471     0.00622042
      217    -0.05661193     0.01260206
      218     0.05479839     0.02894551
      219    -0.04755948    -0.01706830
      220     0.03331934     0.05937367
      221    -0.01041190    -0.04271639
      222    -0.01726951     0.06645282
      223     0.04379175    -0.02442480
      224    -0.05631905     0.01551627
      225     0.04691267     0.04290587
      226    -0.01311542    -0.04478750
      227    -0.02971776     0.05869779
      228     0.05547024     0.00022243
      229    -0.04398803    -0.02478347
      230    -0.00318918     0.06905809
      231     0.04794904    -0.01659666
      232    -0.05110614    -0.01128018
      233     0.00339015     0.07064012
      234     0.04894559    -0.01503769
      235    -0.04640815    -0.01876839
      236    -0.01218699     0.06821124
      237     0.05678962     0.00621658
      238    -0.02035089    -0.04127416
      239    -0.04722494     0.04166373
      240     0.03698946     0.05350587
      241     0.04213472    -0.02899240
      242    -0.03626231    -0.03447825
      243    -0.04780159     0.03882819
      244     0.01803288     0.06223918
      245     0.05576930     0.00991225
      246     0.02281575    -0.03983800
      247    -0.03493545    -0.03364981
      248    -0.06683941     0.01488866
      249    -0.06463229     0.06902473
      250    -0.04951802     0.10896118
      251    -0.04505478     0.13696163
      252    -0.06124706     0.16503868
      253    -0.08687760     0.20294931
      254    -0.09087577     0.25026473
      255    -0.04151547     0.28945525
      256     0.06585149     0.28033055
      257     0.18095275     0.17270843
      258     0.18476907    -0.02697001
      259    -0.01205696    -0.14634590
      260    -0.18096691     0.04254721
      261     0.06261339     0.19398681
      262     0.08720963    -0.12256815
      263    -0.13730890     0.11671162
      264     0.11968318    -0.05727985
      265    -0.07279076     0.20999068
      266    -0.05144211    -0.10801203
      267     0.11171289    -0.03437123
      268     0.06084079     0.08588370
      269     0.00000000     0.00000000
      270     0.00093881     0.00077157
      271     0.00122837     0.00146341
      272     0.00118138     0.00154476
      273     0.00104524     0.00123742
      274     0.00109509     0.00114323
      275     0.00148070     0.00235137
      276     0.00144130     0.00776855
      277    -0.00297880     0.02495778
      278    -0.00808719     0.03527169
      279     0.01098856     0.02787363
      280    -0.00974968     0.03262195
      281     0.00852361     0.03247113
      282    -0.00873062     0.02789039
      283    -0.01289105     0.05307267
      284    -0.00027157     0.06342186
      285    -0.00000515     0.06178718
      286    -0.00728380     0.06646671
      287    -0.00552423     0.07523013
      288     0.00776810     0.07471026
      289     0.02041878     0.05890703
      290     0.02002407     0.03631273
      291     0.00675734     0.02182348
      292    -0.00748397     0.02266267
      293    -0.01129823     0.03284719
      294    -0.00373632     0.04056141
      295     0.00693413     0.03898945
      296     0.01169253     0.03025588
      297     0.00754747     0.02156274
      298    -0.00161442     0.01898871
      299    -0.00871990     0.02360414
      300    -0.00835134     0.03123775
      301    -0.00017124     0.03520935
      302     0.01047954     0.03069097
      303     0.01564170     0.01861361
      304     0.01043211     0.00616005
      305    -0.00239942     0.00222188
      306    -0.01342665     0.01020385
      307    -0.01371007     0.02416611
      308    -0.00282339     0.03279258
      309     0.00977184     0.02897132
      310     0.01250518     0.01673626
      311     0.00247163     0.00835527
      312    -0.01108515     0.01306021
      313    -0.01493817     0.02771081
      314    -0.00466016     0.03893589
      315     0.01027954     0.03564331
      316     0.01479246     0.02054345
      317     0.00323003     0.00924289
      318    -0.01260787     0.01536818
      319    -0.01343555     0.03349755
      320     0.00381095     0.04067362
      321     0.01606262     0.02485251
      322     0.00340049     0.00822153
      323    -0.01350718     0.01831274
      324    -0.00147945     0.03452308
      325     0.01468763     0.01902698
      326    -0.00475443     0.00575701
      327    -0.01045202     0.02941692
      328     0.01422581     0.02260873
      329    -0.00681950     0.00620165
      330    -0.00194756     0.03285749
      331     0.00821546     0.00573162
      332    -0.00988012     0.02789207
      333     0.00849455     0.00583615
      334    -0.00377611     0.03479434
      335    -0.02529448     0.06121812
      336     0.02287260    -0.03349844
      337     0.04252297     0.01821088
      338     0.00192727     0.04557423
      339    -0.03298588     0.03132692
      340    -0.04438335     0.01040154
      341    -0.04551558     0.00138742
      342    -0.04525534     0.00604233
      343    -0.04158453     0.02025234
      344    -0.03111718     0.03536521
      345    -0.01892829     0.04360636
      346    -0.01488563     0.04497669
      347    -0.02476990     0.03983497
      348    -0.04257261     0.01778542
      349    -0.03564250    -0.02531889
      350     0.02167078    -0.03178042
      351     0.02801408     0.05523707
      352    -0.05396544     0.05397120
      353     0.05487478    -0.00304744
      354    -0.04541510     0.06102634
      355     0.05365060    -0.01179263
      356    -0.06048975     0.02140195
      357     0.05041927     0.05112150
      358    -0.00484333    -0.04562604
      359    -0.04960295     0.05026583
      360     0.05194673     0.04662715
      361     0.01454015    -0.04344579
      362    -0.06201438     0.01468502
      363     0.00584077     0.07942003
      364     0.05980427     0.00624397
      365    -0.01742315    -0.03980845
      366    -0.05598430     0.04027133
      367     0.02888677     0.07050190
      368     0.05097466    -0.01958171
      369    -0.04162592    -0.03011453
      370    -0.03341006     0.06297288
      371     0.05826472     0.03122746
      372     0.00218128    -0.05100463
      373    -0.05694148     0.02879710
      374     0.04206076     0.05220189
      375     0.02282151    -0.05090485
      376    -0.05981111     0.01191188
      377     0.03743105     0.05164281
      378     0.02359422    -0.05515764
      379    -0.05947392     0.00960951
      380     0.03984949     0.04509771
      381     0.02242445    -0.06031845
      382    -0.05980181     0.00219047
      383     0.03316509     0.04520415
      384     0.03625138    -0.05849175
      385    -0.05783662    -0.02610766
      386     0.00574140     0.04769047
      387     0.05668631    -0.03731772
      388    -0.03913119    -0.06110377
      389    -0.03213401     0.03753957
      390     0.05983053    -0.00200635
      391    -0.01143947    -0.07451947
      392    -0.04844871     0.02173722
      393     0.05658361     0.00780037
      394    -0.01398667    -0.07515839
      395    -0.03430130     0.03446153
      396     0.05839830    -0.03298251
      397    -0.05970903    -0.02895146
      398     0.05253366     0.01603217
      399    -0.05229757    -0.04529571
      400     0.05861778     0.00359207
      401    -0.05569533     0.01497880
      402    -0.00214204    -0.07125454
      403     0.05856420     0.00683183
      404    -0.00554029     0.05964244
      405    -0.05887009     0.00461410
      406    -0.02341365    -0.05230436
      407     0.03045682    -0.04831312
      408     0.05462668    -0.01996251
      409     0.05880526    -0.00102210
      410     0.05867591     0.00417173
      411     0.05866932     0.00300629
      412     0.05844398     0.00491250
      413     0.05565286     0.01739040
      414     0.04113738     0.04094980
      415     0.00250749     0.05869652
      416    -0.04752198     0.03660617
      417    -0.05017105    -0.02767436
      418     0.02470739    -0.04045155
      419     0.03761975     0.07458962
      420    -0.04702589     0.02274218
      421     0.03741363    -0.01662772
      422    -0.02768132     0.05315755
      423     0.02897514    -0.02546483
      424    -0.03841419     0.04275654
      425     0.04759576     0.00517287
      426    -0.04290845    -0.00887322
      427     0.01361352     0.06026425
      428     0.02837633    -0.02520123
      429    -0.04823161     0.01102373
      430     0.02075062     0.05742153
      431     0.03121861    -0.02441007
      432    -0.04578500    -0.00186001
      433     0.00453387     0.05879610
      434     0.04509472    -0.01042041
      435    -0.03114859    -0.02876607
      436    -0.02484926     0.04658467
      437     0.04729527     0.01834948
      438     0.00521458    -0.04685989
      439    -0.04638452     0.00449765
      440     0.01564040     0.04198980
      441     0.04612609    -0.02754573
      442    -0.02235398    -0.05284794
      443    -0.03891850     0.01353743
      444     0.02938421     0.02395678
      445     0.03799723    -0.04541308
      446    -0.03156707    -0.05211387
      447    -0.03635458     0.01849953
      448     0.03437956     0.02030466
      449     0.02887114    -0.05043187
      450    -0.04313920    -0.03406385
      451    -0.01351207     0.03648301
      452     0.04814676    -0.01067382
      453    -0.01943537    -0.05350287
      454    -0.03046691     0.02886971
      455     0.04828199    -0.00466941
      456    -0.02851430    -0.04799699
      457    -0.00403285     0.03913302
      458     0.02939995    -0.04805600
      459    -0.04158154     0.01476231
      460     0.04581252    -0.02644795
      461    -0.04495169     0.00686537
      462     0.03835125    -0.04137392
      463    -0.01436651     0.03321687
      464    -0.02761398    -0.05607364
      465     0.05262996    -0.08094001
      466     0.03829899     0.04658338
      467    -0.01331760     0.06287116
      468    -0.04261323     0.05015103
      469    -0.05035032     0.04280644
      470    -0.04222221     0.05065302
      471    -0.01416237     0.06385998
      472     0.02919200     0.05796884
      473     0.06038194     0.02525445
      474     0.06610098    -0.00754026
      475     0.06451775    -0.01724993
      476     0.06614795     0.00266561
      477     0.04555325     0.04754980
      478    -0.02603550     0.06118050
      479    -0.06326315    -0.01983847
      480     0.02926550    -0.05853664
      481     0.05418479     0.04729583
      482    -0.05075808     0.05310541
      483     0.00534106    -0.05470402
      484     0.01753343     0.07572899
      485    -0.01812716    -0.05079355
      486    -0.00165328     0.07990367
      487     0.03469387    -0.04175272
      488    -0.06345994     0.03302662
      489     0.05460849     0.05202973
      490     0.00547615    -0.05341943
      491    -0.06088701     0.03424115
      492     0.04376434     0.05933019
      493     0.03816382    -0.04706583
      494    -0.06021436    -0.01973451
      495    -0.01698572     0.06920333
      496     0.06530886     0.01674774
      497     0.00949261    -0.06089165
      498    -0.06547814    -0.00512369
      499    -0.01256791     0.06965457
      500     0.06361499     0.02232311
      501     0.02384436    -0.05628180
      502    -0.05816094    -0.02640084
      503    -0.04124299     0.05835513
      504     0.04374806     0.05616410
      505     0.05657101    -0.02680897
      506    -0.02212963    -0.05504419
      507    -0.06512624     0.01636125
      508    -0.00298986     0.07238918
      509     0.06498295     0.02113732
      510     0.02738832    -0.05648876
      511    -0.05435581    -0.03278346
      512    -0.03918997     0.05047716
      513     0.04959806     0.04181478
      514     0.05189039    -0.05181943
      515    -0.03949190    -0.06284082
      516    -0.04973405     0.02641439
      517     0.04463820     0.03259549
      518     0.04926797    -0.06716525
      519    -0.05036313    -0.06521453
      520    -0.03191835     0.03330473
      521     0.06384174    -0.00750383
      522    -0.00526453    -0.09003327
      523    -0.05810856     0.00965877
      524     0.05854758     0.00820179
      525    -0.01750211    -0.08547105
      526    -0.02352034     0.03990622
      527     0.04700552    -0.07090510
      528    -0.05066370     0.01318930
      529     0.04781862    -0.08196802
      530    -0.02355994     0.03852447
      531    -0.03899097    -0.07006240
      532     0.06646875    -0.01984940
      533     0.01693602     0.06323774
      534    -0.05190084     0.04262523
      535    -0.06861932    -0.00119204
      536    -0.06514883    -0.02353996
      537    -0.06429475    -0.02572216
      538    -0.06720415    -0.01525608
      539    -0.06859976     0.00040583
      540    -0.06715438     0.01306460
      541    -0.06642919     0.01609862
      542    -0.06838880     0.00433368
      543    -0.06388693    -0.02637850
      544    -0.02771557    -0.06458735
      545     0.04568484    -0.05526037
      546     0.06061783    -0.00112710
      547    -0.07768292     0.01800845
      548     0.04296669    -0.08525942
      549    -0.02438094     0.06785067
      550     0.02906337    -0.09114876
      551    -0.05236608     0.05308928
      552     0.07890080    -0.04186300
      553    -0.07799972    -0.04387875
      554     0.02530086     0.06678090
      555     0.05562880    -0.07639698
      556    -0.08022641    -0.03838831
      557     0.00105190     0.07053747
      558     0.08177347    -0.03235541
      559    -0.02877280    -0.09220236
      560    -0.07773008     0.01764785
      561     0.02689849     0.06559377
      562     0.08351259    -0.02875521
      563     0.00792824    -0.09950505
      564     0.00000000     0.00000000
      565     0.01539905    -0.00951412
      566     0.01518801    -0.02628117
      567     0.00300590    -0.03504583
      568    -0.01109187    -0.03181436
      569    -0.02230407    -0.01997361
      570    -0.03162819    -0.00315767
      571    -0.04132983     0.01721868
      572    -0.05165067     0.04106068
      573    -0.05981567     0.06808925
      574    -0.06067635     0.09667437
      575    -0.04858133     0.12299112
      576    -0.02010254     0.14044557
      577     0.02289014     0.13998920
      578     0.07045283     0.11259207
      579     0.10342456     0.05521265
      580     0.09758342    -0.01994247
      581     0.00000000     0.00000000
      582    -0.01328820     0.00676813
      583    -0.01430292     0.02293885
      584     0.00165384     0.03169636
      585     0.01525699     0.01719268
      586    -0.00075484     0.00162103
      587    -0.01445698     0.02286440
      588     0.01311435     0.02543518
      589    -0.00719306     0.00396706
      590     0.00416732     0.03432933
      591    -0.01173077     0.01306569
      592     0.01124326     0.04049303
      593     0.00058587     0.02769858
      594    -0.00458319     0.00762614
      595    -0.00446935     0.00028617
      596    -0.00402986    -0.00226929
      597    -0.00423822    -0.00261820
      598    -0.00469761    -0.00175788
      599    -0.00493924    -0.00046409
      600    -0.00497623     0.00038510
