#    Step     Kinetic(H)     Potential(H)   Total(H)       E(0)(H)        E(1)(H)        
        0     0.00243391    -6.13750605    -6.13507214    -6.40464879    -6.13750605
        1     0.00211468    -6.13718353    -6.13506885    -6.40433286    -6.13718353
        2     0.00263949    -6.13769591    -6.13505642    -6.40455556    -6.13769591
        3     0.00392211    -6.13894671    -6.13502460    -6.40522333    -6.13894671
        4     0.00582663    -6.14079361    -6.13496698    -6.40620129    -6.14079361
        5     0.00817346    -6.14306846    -6.13489500    -6.40733436    -6.14306846
        6     0.01074570    -6.14559513    -6.13484943    -6.40846644    -6.14559513
        7     0.01329971    -6.14820445    -6.13490474    -6.40945627    -6.14820445
        8     0.01558355    -6.15074470    -6.13516115    -6.41018832    -6.15074470
        9     0.01736533    -6.15309067    -6.13572534    -6.41058105    -6.15309067
       10     0.01846922    -6.15514971    -6.13668049    -6.41059119    -6.15514971
       11     0.01881200    -6.15686743    -6.13805543    -6.41021631    -6.15686743
       12     0.01842788    -6.15823003    -6.13980215    -6.40949324    -6.15823003
       13     0.01746789    -6.15926347    -6.14179558    -6.40849252    -6.15926347
       14     0.01616357    -6.16002627    -6.14386270    -6.40730764    -6.16002627
       15     0.01476342    -6.16059717    -6.14583375    -6.40603980    -6.16059717
       16     0.01347104    -6.16106009    -6.14758905    -6.40478266    -6.16106009
       17     0.01241172    -6.16149107    -6.14907935    -6.40361141    -6.16149107
       18     0.01163303    -6.16194890    -6.15031587    -6.40257721    -6.16194890
       19     0.01112555    -6.16246985    -6.15134430    -6.40170594    -6.16246985
       20     0.01084583    -6.16306626    -6.15222043    -6.40099964    -6.16306626
       21     0.01073190    -6.16372739    -6.15299549    -6.40043862    -6.16372739
       22     0.01071225    -6.16442210    -6.15370985    -6.39998449    -6.16442210
       23     0.01071227    -6.16510426    -6.15439199    -6.39958509    -6.16510426
       24     0.01066093    -6.16572007    -6.15505914    -6.39918137    -6.16572007
       25     0.01109302    -6.15283203    -6.14173901    -6.39173669    -6.15283203
       26     0.01252068    -6.15537929    -6.14285861    -6.39136494    -6.15537929
       27     0.01423404    -6.15813209    -6.14389805    -6.39054762    -6.15813209
       28     0.01567740    -6.16085175    -6.14517435    -6.38935475    -6.16085175
       29     0.01672183    -6.16343061    -6.14670878    -6.38777946    -6.16343061
       30     0.01731151    -6.16579949    -6.14848798    -6.38583486    -6.16579949
       31     0.01746105    -6.16792531    -6.15046426    -6.38356132    -6.16792531
       32     0.01724517    -6.16981038    -6.15256521    -6.38102557    -6.16981038
       33     0.01677622    -6.17148724    -6.15471102    -6.37831291    -6.17148724
       34     0.01617599    -6.17300847    -6.15683248    -6.37551622    -6.17300847
       35     0.01555200    -6.17443493    -6.15888293    -6.37272439    -6.17443493
       36     0.01498336    -6.17582423    -6.16084087    -6.37001269    -6.17582423
       37     0.01451551    -6.17722098    -6.16270547    -6.36743550    -6.17722098
       38     0.01416210    -6.17865086    -6.16448876    -6.36502289    -6.17865086
       39     0.01391116    -6.18011924    -6.16620808    -6.36278126    -6.18011924
       40     0.01373297    -6.18161325    -6.16788028    -6.36069685    -6.18161325
       41     0.01358855    -6.18310645    -6.16951790    -6.35874127    -6.18310645
       42     0.01343804    -6.18456558    -6.17112754    -6.35687867    -6.18456558
       43     0.01324786    -6.18595741    -6.17270955    -6.35507256    -6.18595741
       44     0.01299535    -6.18725417    -6.17425882    -6.35329146    -6.18725417
       45     0.01267080    -6.18843731    -6.17576651    -6.35151236    -6.18843731
       46     0.01227709    -6.18949921    -6.17722212    -6.34972261    -6.18949921
       47     0.01182732    -6.19044292    -6.17861560    -6.34791952    -6.19044292
       48     0.01134136    -6.19128048    -6.17993912    -6.34610888    -6.19128048
       49     0.01084213    -6.19203027    -6.18118814    -6.34430232    -6.19203027
       50     0.01035235    -6.19271408    -6.18236173    -6.34251470    -6.19271408
       51     0.00989212    -6.19335457    -6.18346245    -6.34076153    -6.19335457
       52     0.00947732    -6.19397290    -6.18449558    -6.33905705    -6.19397290
       53     0.00911881    -6.19458717    -6.18546836    -6.33741265    -6.19458717
       54     0.00882227    -6.19521142    -6.18638915    -6.33583589    -6.19521142
       55     0.00858846    -6.19585497    -6.18726651    -6.33433023    -6.19585497
       56     0.00841400    -6.19652277    -6.18810877    -6.33289511    -6.19652277
       57     0.00829225    -6.19721571    -6.18892346    -6.33152658    -6.19721571
       58     0.00821441    -6.19793154    -6.18971713    -6.33021798    -6.19793154
       59     0.00817061    -6.19866579    -6.19049518    -6.32896093    -6.19866579
       60     0.00815090    -6.19941284    -6.19126194    -6.32774648    -6.19941284
       61     0.00814638    -6.20016700    -6.19202062    -6.32656588    -6.20016700
       62     0.00814995    -6.20092335    -6.19277340    -6.32541166    -6.20092335
       63     0.00815672    -6.20167861    -6.19352189    -6.32427809    -6.20167861
       64     0.00816443    -6.20243160    -6.19426717    -6.32316191    -6.20243160
       65     0.00817341    -6.20318363    -6.19501022    -6.32206240    -6.20318363
       66     0.00818641    -6.20393855    -6.19575214    -6.32098143    -6.20393855
       67     0.00820806    -6.20470241    -6.19649435    -6.31992321    -6.20470241
       68     0.00824428    -6.20548314    -6.19723886    -6.31889369    -6.20548314
       69     0.00830137    -6.20628973    -6.19798836    -6.31789996    -6.20628973
       70     0.00838512    -6.20713141    -6.19874629    -6.31694921    -6.20713141
       71     0.00849993    -6.20801665    -6.19951672    -6.31604788    -6.20801665
       72     0.00864799    -6.20895229    -6.20030430    -6.31520077    -6.20895229
       73     0.00882885    -6.20994281    -6.20111396    -6.31441030    -6.20994281
       74     0.00903921    -6.21098988    -6.20195067    -6.31367620    -6.21098988
       75     0.00927314    -6.21209228    -6.20281914    -6.31299533    -6.21209228
       76     0.00952267    -6.21324620    -6.20372353    -6.31236205    -6.21324620
       77     0.00977869    -6.21444577    -6.20466708    -6.31176887    -6.21444577
       78     0.01003199    -6.21568401    -6.20565202    -6.31120724    -6.21568401
       79     0.01027436    -6.21695370    -6.20667934    -6.31066851    -6.21695370
       80     0.01049945    -6.21824824    -6.20774879    -6.31014483    -6.21824824
       81     0.01070344    -6.21956255    -6.20885911    -6.30962982    -6.21956255
       82     0.01088523    -6.22089338    -6.21000815    -6.30911913    -6.22089338
       83     0.01104630    -6.22223961    -6.21119331    -6.30861044    -6.22223961
       84     0.01119027    -6.22360215    -6.21241188    -6.30810348    -6.22360215
       85     0.01132213    -6.22498349    -6.21366136    -6.30759959    -6.22498349
       86     0.01144759    -6.22638730    -6.21493971    -6.30710121    -6.22638730
       87     0.01157205    -6.22781781    -6.21624576    -6.30661128    -6.22781781
       88     0.01169998    -6.22927914    -6.21757916    -6.30613272    -6.22927914
       89     0.01183466    -6.23077489    -6.21894023    -6.30566789    -6.23077489
       90     0.01197785    -6.23230772    -6.22032987    -6.30521824    -6.23230772
       91     0.01212974    -6.23387909    -6.22174935    -6.30478418    -6.23387909
       92     0.01228910    -6.23548925    -6.22320015    -6.30436494    -6.23548925
       93     0.01245356    -6.23713729    -6.22468373    -6.30395867    -6.23713729
       94     0.01262003    -6.23882123    -6.22620120    -6.30356271    -6.23882123
       95     0.01278510    -6.24053844    -6.22775334    -6.30317378    -6.24053844
       96     0.01294545    -6.24228589    -6.22934044    -6.30278830    -6.24228589
       97     0.01309823    -6.24406037    -6.23096214    -6.30240281    -6.24406037
       98     0.01324128    -6.24585894    -6.23261766    -6.30201407    -6.24585894
       99     0.01337326    -6.24767906    -6.23430580    -6.30161942    -6.24767906
      100     0.01349371    -6.24951872    -6.23602501    -6.30121688    -6.24951872
      101     0.01360294    -6.25137658    -6.23777364    -6.30080520    -6.25137658
      102     0.01370198    -6.25325175    -6.23954977    -6.30038389    -6.25325175
      103     0.01379206    -6.25514386    -6.24135180    -6.29995303    -6.25514386
      104     0.01387433    -6.25705282    -6.24317849    -6.29951336    -6.25705282
      105     0.01394998    -6.25897851    -6.24502853    -6.29906609    -6.25897851
      106     0.01401979    -6.26092060    -6.24690081    -6.29861278    -6.26092060
      107     0.01408390    -6.26287820    -6.24879430    -6.29815526    -6.26287820
      108     0.01414159    -6.26484943    -6.25070784    -6.29769574    -6.26484943
      109     0.01419102    -6.26683109    -6.25264007    -6.29723671    -6.26683109
      110     0.01422906    -6.26881819    -6.25458913    -6.29678139    -6.26881819
      111     0.01425100    -6.27080334    -6.25655234    -6.29633429    -6.27080334
      112     0.01425009    -6.27277593    -6.25852584    -6.29590211    -6.27277593
      113     0.01421679    -6.27472085    -6.26050406    -6.29549521    -6.27472085
      114     0.01413746    -6.27661647    -6.26247901    -6.29512979    -6.27661647
      115     0.01399254    -6.27843176    -6.26443922    -6.29483107    -6.27843176
      116     0.01375449    -6.28012265    -6.26636816    -6.29463716    -6.28012265
      117     0.01338756    -6.28162995    -6.26824239    -6.29460169    -6.28162995
      118     0.01285457    -6.28288493    -6.27003036    -6.29478872    -6.28288493
      119     0.01213611    -6.28383174    -6.27169563    -6.29525077    -6.28383174
      120     0.02126813    -6.29599484    -6.27472671    -6.29599484    -6.28446188
      121     0.01950944    -6.29723634    -6.27772690    -6.29723634    -6.28447001
      122     0.01830597    -6.29896831    -6.28066234    -6.29896831    -6.28397214
      123     0.01746490    -6.30097892    -6.28351402    -6.30097892    -6.28317119
      124     0.01686227    -6.30314025    -6.28627798    -6.30314025    -6.28218842
      125     0.01642539    -6.30538449    -6.28895910    -6.30538449    -6.28108663
      126     0.01610822    -6.30767616    -6.29156794    -6.30767616    -6.27989707
      127     0.01587815    -6.30999592    -6.29411777    -6.30999592    -6.27863494
      128     0.01571034    -6.31233243    -6.29662209    -6.31233243    -6.27730709
      129     0.01558541    -6.31467833    -6.29909292    -6.31467833    -6.27591604
      130     0.01548836    -6.31702818    -6.30153982    -6.31702818    -6.27446220
      131     0.01540777    -6.31937764    -6.30396987    -6.31937764    -6.27294479
      132     0.01533524    -6.32172291    -6.30638767    -6.32172291    -6.27136261
      133     0.01526474    -6.32406045    -6.30879571    -6.32406045    -6.26971423
      134     0.01519216    -6.32638704    -6.31119488    -6.32638704    -6.26799827
      135     0.01511491    -6.32869966    -6.31358475    -6.32869966    -6.26621369
      136     0.01503155    -6.33099574    -6.31596419    -6.33099574    -6.26435968
      137     0.01494144    -6.33327295    -6.31833151    -6.33327295    -6.26243586
      138     0.01484423    -6.33552926    -6.32068503    -6.33552926    -6.26044217
      139     0.01474010    -6.33776281    -6.32302271    -6.33776281    -6.25837887
      140     0.01462965    -6.33997205    -6.32534240    -6.33997205    -6.25624664
      141     0.01451345    -6.34215569    -6.32764224    -6.34215569    -6.25404654
      142     0.01439210    -6.34431262    -6.32992052    -6.34431262    -6.25178005
      143     0.01426621    -6.34644194    -6.33217573    -6.34644194    -6.24944901
      144     0.01413631    -6.34854275    -6.33440644    -6.34854275    -6.24705555
      145     0.01400287    -6.35061431    -6.33661144    -6.35061431    -6.24460215
      146     0.01386637    -6.35265598    -6.33878961    -6.35265598    -6.24209170
      147     0.01372723    -6.35466722    -6.34093999    -6.35466722    -6.23952746
      148     0.01358586    -6.35664763    -6.34306177    -6.35664763    -6.23691306
      149     0.01344250    -6.35859690    -6.34515440    -6.35859690    -6.23425250
      150     0.01329750    -6.36051478    -6.34721728    -6.36051478    -6.23155006
      151     0.01315138    -6.36240115    -6.34924977    -6.36240115    -6.22881045
      152     0.01300479    -6.36425615    -6.35125136    -6.36425615    -6.22603857
      153     0.01285830    -6.36608011    -6.35322181    -6.36608011    -6.22323968
      154     0.01271269    -6.36787373    -6.35516104    -6.36787373    -6.22041923
      155     0.01256886    -6.36963806    -6.35706920    -6.36963806    -6.21758279
      156     0.01242786    -6.37137452    -6.35894666    -6.37137452    -6.21473610
      157     0.01229114    -6.37308527    -6.36079413    -6.37308527    -6.21188461
      158     0.01216060    -6.37477315    -6.36261255    -6.37477315    -6.20903352
      159     0.01203883    -6.37644224    -6.36440341    -6.37644224    -6.20618738
      160     0.01192939    -6.37809818    -6.36616879    -6.37809818    -6.20334973
      161     0.01183727    -6.37974894    -6.36791167    -6.37974894    -6.20052245
      162     0.01176953    -6.38140580    -6.36963627    -6.38140580    -6.19770492
      163     0.01173597    -6.38308456    -6.37134859    -6.38308456    -6.19489315
      164     0.01174933    -6.38480648    -6.37305715    -6.38480648    -6.19207915
      165     0.01182321    -6.38659689    -6.37477368    -6.38659689    -6.18925271
      166     0.01196421    -6.38847708    -6.37651287    -6.38847708    -6.18640940
      167     0.01215727    -6.39044492    -6.37828765    -6.39044492    -6.18356834
      168     0.01235693    -6.39245992    -6.38010299    -6.39245992    -6.18078343
      169     0.01250292    -6.39445285    -6.38194993    -6.39445285    -6.17812927
      170     0.01255075    -6.39636343    -6.38381268    -6.39636343    -6.17566237
      171     0.01248673    -6.39815972    -6.38567299    -6.39815972    -6.17340473
      172     0.01232085    -6.39983319    -6.38751234    -6.39983319    -6.17135274
      173     0.01207381    -6.40138768    -6.38931387    -6.40138768    -6.16949101
      174     0.01176805    -6.40283172    -6.39106367    -6.40283172    -6.16780119
      175     0.01142359    -6.40417481    -6.39275122    -6.40417481    -6.16626583
      176     0.01105652    -6.40542589    -6.39436937    -6.40542589    -6.16486965
      177     0.01067902    -6.40659288    -6.39591386    -6.40659288    -6.16359964
      178     0.01029983    -6.40768254    -6.39738271    -6.40768254    -6.16244484
      179     0.00992486    -6.40870059    -6.39877573    -6.40870059    -6.16139587
      180     0.00955781    -6.40965186    -6.40009405    -6.40965186    -6.16044460
      181     0.00920089    -6.41054040    -6.40133951    -6.41054040    -6.15958395
      182     0.00885517    -6.41136965    -6.40251448    -6.41136965    -6.15880753
      183     0.00852096    -6.41214255    -6.40362159    -6.41214255    -6.15810957
      184     0.00819809    -6.41286168    -6.40466359    -6.41286168    -6.15748478
      185     0.00788597    -6.41352932    -6.40564335    -6.41352932    -6.15692825
      186     0.00758404    -6.41414759    -6.40656355    -6.41414759    -6.15643547
      187     0.00729181    -6.41471846    -6.40742665    -6.41471846    -6.15600216
      188     0.00700867    -6.41524385    -6.40823518    -6.41524385    -6.15562433
      189     0.00673409    -6.41572567    -6.40899158    -6.41572567    -6.15529825
      190     0.00646764    -6.41616578    -6.40969814    -6.41616578    -6.15502037
      191     0.00620899    -6.41656610    -6.41035711    -6.41656610    -6.15478742
      192     0.00595785    -6.41692854    -6.41097069    -6.41692854    -6.15459625
      193     0.00571410    -6.41725503    -6.41154093    -6.41725503    -6.15444390
      194     0.00547772    -6.41754749    -6.41206977    -6.41754749    -6.15432754
      195     0.00524864    -6.41780787    -6.41255923    -6.41780787    -6.15424448
      196     0.00502682    -6.41803805    -6.41301123    -6.41803805    -6.15419212
      197     0.00481223    -6.41823991    -6.41342768    -6.41823991    -6.15416795
      198     0.00460485    -6.41841524    -6.41381039    -6.41841524    -6.15416953
      199     0.00440465    -6.41856581    -6.41416116    -6.41856581    -6.15419450
      200     0.00421161    -6.41869328    -6.41448167    -6.41869328    -6.15424053
      201     0.00402567    -6.41879926    -6.41477359    -6.41879926    -6.15430533
      202     0.00384678    -6.41888530    -6.41503852    -6.41888530    -6.15438670
      203     0.00367487    -6.41895282    -6.41527795    -6.41895282    -6.15448248
      204     0.00350985    -6.41900322    -6.41549337    -6.41900322    -6.15459057
      205     0.00335166    -6.41903781    -6.41568615    -6.41903781    -6.15470896
      206     0.00320020    -6.41905784    -6.41585764    -6.41905784    -6.15483570
      207     0.00305541    -6.41906451    -6.41600910    -6.41906451    -6.15496895
      208     0.00291721    -6.41905895    -6.41614174    -6.41905895    -6.15510698
      209     0.00278555    -6.41904225    -6.41625670    -6.41904225    -6.15524814
      210     0.00266039    -6.41901546    -6.41635507    -6.41901546    -6.15539090
      211     0.00254170    -6.41897958    -6.41643788    -6.41897958    -6.15553387
      212     0.00242948    -6.41893556    -6.41650608    -6.41893556    -6.15567575
      213     0.00232370    -6.41888431    -6.41656061    -6.41888431    -6.15581536
      214     0.00222441    -6.41882669    -6.41660228    -6.41882669    -6.15595162
      215     0.00213160    -6.41876351    -6.41663191    -6.41876351    -6.15608357
      216     0.00204533    -6.41869553    -6.41665020    -6.41869553    -6.15621035
      217     0.00196563    -6.41862344    -6.41665781    -6.41862344    -6.15633118
      218     0.00189254    -6.41854788    -6.41665534    -6.41854788    -6.15644538
      219     0.00182612    -6.41846943    -6.41664331    -6.41846943    -6.15655233
      220     0.00176644    -6.41838861    -6.41662217    -6.41838861    -6.15665150
      221     0.00171355    -6.41830587    -6.41659232    -6.41830587    -6.15674243
      222     0.00166749    -6.41822158    -6.41655409    -6.41822158    -6.15682468
      223     0.00162834    -6.41813609    -6.41650775    -6.41813609    -6.15689792
      224     0.00159621    -6.41804966    -6.41645345    -6.41804966    -6.15696185
      225     0.00157122    -6.41796249    -6.41639127    -6.41796249    -6.15701620
      226     0.00155347    -6.41787474    -6.41632127    -6.41787474    -6.15706077
      227     0.00154309    -6.41778653    -6.41624344    -6.41778653    -6.15709539
      228     0.00154024    -6.41769792    -6.41615768    -6.41769792    -6.15711997
      229     0.00154507    -6.41760894    -6.41606387    -6.41760894    -6.15713444
      230     0.00155777    -6.41751959    -6.41596182    -6.41751959    -6.15713881
      231     0.00157854    -6.41742984    -6.41585130    -6.41742984    -6.15713317
      232     0.00160762    -6.41733966    -6.41573204    -6.41733966    -6.15711767
      233     0.00164527    -6.41724901    -6.41560374    -6.41724901    -6.15709258
      234     0.00169177    -6.41715783    -6.41546606    -6.41715783    -6.15705827
      235     0.00174746    -6.41706608    -6.41531862    -6.41706608    -6.15701521
      236     0.00181273    -6.41697373    -6.41516100    -6.41697373    -6.15696408
      237     0.00188800    -6.41688076    -6.41499276    -6.41688076    -6.15690565
      238     0.00197379    -6.41678718    -6.41481339    -6.41678718    -6.15684091
      239     0.00207065    -6.41669302    -6.41462237    -6.41669302    -6.15677102
      240     0.00217922    -6.41659833    -6.41441911    -6.41659833    -6.15669736
      241     0.00230018    -6.41650315    -6.41420297    -6.41650315    -6.15662148
      242     0.00243427    -6.41640755    -6.41397328    -6.41640755    -6.15654514
      243     0.00258226    -6.41631158    -6.41372932    -6.41631158    -6.15647031
      244     0.00274491    -6.41621528    -6.41347037    -6.41621528    -6.15639910
      245     0.00292295    -6.41611862    -6.41319567    -6.41611862    -6.15633379
      246     0.00311700    -6.41602153    -6.41290453    -6.41602153    -6.15627678
      247     0.00332757    -6.41592384    -6.41259627    -6.41592384    -6.15623055
      248     0.00355493    -6.41582528    -6.41227035    -6.41582528    -6.15619763
      249     0.00379910    -6.41572544    -6.41192634    -6.41572544    -6.15618055
      250     0.00405971    -6.41562381    -6.41156410    -6.41562381    -6.15618181
      251     0.00433602    -6.41551969    -6.41118367    -6.41551969    -6.15620381
      252     0.00462687    -6.41541225    -6.41078538    -6.41541225    -6.15624882
      253     0.00493052    -6.41530051    -6.41036999    -6.41530051    -6.15631895
      254     0.00524469    -6.41518339    -6.40993870    -6.41518339    -6.15641610
      255     0.00556653    -6.41505965    -6.40949312    -6.41505965    -6.15654190
      256     0.00589259    -6.41492800    -6.40903541    -6.41492800    -6.15669769
      257     0.00621888    -6.41478706    -6.40856818    -6.41478706    -6.15688448
      258     0.00654089    -6.41463550    -6.40809461    -6.41463550    -6.15710286
      259     0.00685368    -6.41447193    -6.40761825    -6.41447193    -6.15735303
      260     0.00715200    -6.41429502    -6.40714302    -6.41429502    -6.15763476
      261     0.00743040    -6.41410354    -6.40667314    -6.41410354    -6.15794730
      262     0.00768344    -6.41389635    -6.40621291    -6.41389635    -6.15828942
      263     0.00790577    -6.41367243    -6.40576666    -6.41367243    -6.15865937
      264     0.00809242    -6.41343090    -6.40533848    -6.41343090    -6.15905491
      265     0.00823886    -6.41317108    -6.40493222    -6.41317108    -6.15947326
      266     0.00834118    -6.41289247    -6.40455129    -6.41289247    -6.15991123
      267     0.00839635    -6.41259480    -6.40419845    -6.41259480    -6.16036520
      268     0.00840233    -6.41227802    -6.40387569    -6.41227802    -6.16083121
      269     0.00835829    -6.41194238    -6.40358409    -6.41194238    -6.16130500
      270     0.00826481    -6.41158845    -6.40332364    -6.41158845    -6.16178220
      271     0.00812358    -6.41121713    -6.40309355    -6.41121713    -6.16225833
      272     0.00793752    -6.41082972    -6.40289220    -6.41082972    -6.16272897
      273     0.00771071    -6.41042796    -6.40271725    -6.41042796    -6.16318980
      274     0.00744830    -6.41001403    -6.40256573    -6.41001403    -6.16363670
      275     0.00715630    -6.40959067    -6.40243437    -6.40959067    -6.16406572
      276     0.00684151    -6.40916110    -6.40231959    -6.40916110    -6.16447320
      277     0.00651123    -6.40872911    -6.40221788    -6.40872911    -6.16485563
      278     0.00617321    -6.40829902    -6.40212581    -6.40829902    -6.16520975
      279     0.00583542    -6.40787568    -6.40204026    -6.40787568    -6.16553234
      280     0.00550595    -6.40746440    -6.40195845    -6.40746440    -6.16582027
      281     0.00519302    -6.40707092    -6.40187790    -6.40707092    -6.16607038
      282     0.00490468    -6.40670127    -6.40179659    -6.40670127    -6.16627939
      283     0.00464884    -6.40636175    -6.40171291    -6.40636175    -6.16644388
      284     0.00443330    -6.40605863    -6.40162533    -6.40605863    -6.16656033
      285     0.00426565    -6.40579814    -6.40153249    -6.40579814    -6.16662505
      286     0.00415317    -6.40558611    -6.40143294    -6.40558611    -6.16663443
      287     0.00410278    -6.40542790    -6.40132512    -6.40542790    -6.16658497
      288     0.00412082    -6.40532808    -6.40120726    -6.40532808    -6.16647349
      289     0.00421293    -6.40529023    -6.40107730    -6.40529023    -6.16629738
      290     0.00438372    -6.40531678    -6.40093306    -6.40531678    -6.16605473
      291     0.00463653    -6.40540886    -6.40077233    -6.40540886    -6.16574457
      292     0.00497303    -6.40556618    -6.40059315    -6.40556618    -6.16536702
      293     0.00539279    -6.40578708    -6.40039429    -6.40578708    -6.16492326
      294     0.00589291    -6.40606850    -6.40017559    -6.40606850    -6.16441566
      295     0.00646746    -6.40640614    -6.39993868    -6.40640614    -6.16384764
      296     0.00710717    -6.40679455    -6.39968738    -6.40679455    -6.16322362
      297     0.00779899    -6.40722741    -6.39942842    -6.40722741    -6.16254883
      298     0.00852608    -6.40769759    -6.39917151    -6.40769759    -6.16182926
      299     0.00926763    -6.40819746    -6.39892983    -6.40819746    -6.16107148
      300     0.00999927    -6.40871894    -6.39871967    -6.40871894    -6.16028266
