#    Non-Adiabatic Coupling Matrix Elements: off-diagonal
         0     0.00000693
         1     0.00000716
         2     0.00000745
         3     0.00000777
         4     0.00000810
         5     0.00000840
         6     0.00000864
         7     0.00000882
         8     0.00000891
         9     0.00000891
        10     0.00000879
        11     0.00094980
        12     0.00066627
        13     0.00066899
        14     0.00071672
        15     0.00076863
        16     0.00081062
        17     0.00083701
        18     0.00084612
        19     0.00084019
        20     0.00082475
        21     0.00080654
        22     0.00079062
        23     0.00077876
        24     0.00077002
        25     0.00076231
        26     0.00075378
        27     0.00074305
        28     0.00072943
        29     0.00071270
        30     0.00069304
        31     0.00067090
        32     0.00064687
        33     0.00062165
        34     0.00059575
        35     0.00056973
        36     0.00054400
        37     0.00051884
        38     0.00049445
        39     0.00047096
        40     0.00044842
        41     0.00042687
        42     0.00040631
        43     0.00038671
        44     0.00036805
        45     0.00035028
        46     0.00033336
        47     0.00031722
        48     0.00030183
        49     0.00028712
        50     0.00027303
        51     0.00025951
        52     0.00024650
        53     0.00023395
        54     0.00022180
        55     0.00020999
        56     0.00019846
        57     0.00018716
        58     0.00017602
        59     0.00016498
        60     0.00015397
        61     0.00014292
        62     0.00013176
        63     0.00012040
        64     0.00010877
        65     0.00009678
        66     0.00008436
        67     0.00007141
        68     0.00005787
        69     0.00004365
        70     0.00002868
        71     0.00001292
        72    -0.00000371
        73    -0.00002125
        74    -0.00003969
        75    -0.00005911
        76    -0.00007948
        77    -0.00010082
        78    -0.00012310
        79    -0.00014628
        80    -0.00017033
        81    -0.00019541
        82    -0.00022096
        83    -0.00024707
        84    -0.00027358
        85    -0.00030032
        86    -0.00032705
        87    -0.00035350
        88    -0.00037938
        89    -0.00040436
        90    -0.00042808
        91    -0.00045015
        92    -0.00047019
        93    -0.00048783
        94    -0.00050285
        95    -0.00051467
        96    -0.00052317
        97    -0.00052818
        98    -0.00052966
        99    -0.00052766
       100    -0.00052238
       101    -0.00051409
       102    -0.00050326
       103    -0.00049011
       104    -0.00047518
       105    -0.00045888
       106    -0.00044158
       107    -0.00042356
       108    -0.00040508
       109    -0.00038630
       110    -0.00036736
       111    -0.00034836
       112    -0.00032936
       113    -0.00031037
       114    -0.00029157
       115    -0.00027295
       116    -0.00025458
       117    -0.00023653
       118    -0.00021886
       119    -0.00020166
       120    -0.00018501
       121    -0.00016901
       122    -0.00015373
       123    -0.00013898
       124    -0.00012541
       125    -0.00011284
       126    -0.00010136
       127    -0.00009106
       128    -0.00008201
       129    -0.00007430
       130    -0.00006801
       131    -0.00006323
       132    -0.00006006
       133    -0.00005775
       134    -0.00005826
       135    -0.00006077
       136    -0.00006546
       137    -0.00007256
       138    -0.00008233
       139    -0.00009511
       140    -0.00011132
       141    -0.00013148
       142    -0.00015622
       143    -0.00018634
       144    -0.00022283
       145    -0.00026691
       146    -0.00032011
       147    -0.00038437
       148    -0.00046210
       149    -0.00055637
       150    -0.00067154
       151    -0.00081194
       152    -0.00098452
       153    -0.00119787
       154    -0.00146320
       155    -0.00179499
       156    -0.00221164
       157    -0.00273543
       158    -0.00339075
       159    -0.00419774
       160    -0.00515676
       161    -0.00621910
       162    -0.00724890
       163    -0.00801299
       164    -0.00826257
       165    -0.00789408
       166    -0.00703327
       167    -0.00593751
       168    -0.00483096
       169    -0.00383676
       170    -0.00299305
       171    -0.00229172
       172    -0.00170655
       173    -0.00120727
       174    -0.00076480
       175    -0.00035199
       176     0.00005755
       177     0.00049159
       178     0.00098205
       179     0.00156834
       180     0.00230064
       181     0.00324108
       182     0.00445505
       183     0.00597341
       184     0.00769412
       185     0.00923565
       186     0.00995968
       187     0.00945119
       188     0.00798579
       189     0.00620930
       190     0.00457317
       191     0.00322352
       192     0.00213892
       193     0.00124475
       194     0.00046032
       195    -0.00029071
       196    -0.00108386
       197    -0.00200139
       198    -0.00313791
       199    -0.02023424
       200    -0.02135819
       201    -0.01598090
       202    -0.01024580
       203    -0.00644431
       204    -0.00412952
       205    -0.00268971
       206    -0.00175321
       207    -0.00111602
       208    -0.00066505
       209    -0.00033507
       210    -0.00008679
       211     0.00010450
       212     0.00025492
       213     0.00037537
       214     0.00047338
       215     0.00055429
       216     0.00062196
       217     0.00067926
       218     0.00072835
       219     0.00077093
       220     0.00080846
       221     0.00084211
       222     0.00087294
       223     0.00090187
       224     0.00092957
       225     0.00095665
       226     0.00098351
       227     0.00101221
       228     0.00104325
       229     0.00107777
       230     0.00111715
       231     0.00116316
       232     0.00121840
       233     0.00128502
       234     0.00136812
       235     0.00147356
       236     0.00161038
       237     0.00179226
       238     0.00204024
       239     0.00238542
       240     0.00286441
       241     0.00346610
       242     0.00393339
       243     0.00374134
       244     0.00299292
       245     0.00224496
       246     0.00168686
       247     0.00129396
       248     0.00101550
       249     0.00081375
       250     0.00066418
       251     0.00055093
       252     0.00046361
       253     0.00039519
       254     0.00034084
       255     0.00029712
       256     0.00026126
       257     0.00023208
       258     0.00020789
       259     0.00018766
       260     0.00017061
       261     0.00015614
       262     0.00014378
       263     0.00013316
       264     0.00012399
       265     0.00011603
       266     0.00010909
       267     0.00010303
       268     0.00009772
       269     0.00009306
       270     0.00008896
       271     0.00008552
       272     0.00008232
       273     0.00007948
       274     0.00007697
       275     0.00007474
       276     0.00007275
       277     0.00007081
       278     0.00006921
       279     0.00006774
       280     0.00006639
       281     0.00006514
       282     0.00006396
       283     0.00006282
       284     0.00006172
       285     0.00006062
       286     0.00005952
       287     0.00005841
       288     0.00005726
       289     0.00005606
       290     0.00005481
       291     0.00005348
       292     0.00005206
       293     0.00005055
       294     0.00004892
       295     0.00004715
       296     0.00004524
       297     0.00004315
       298     0.00004087
       299     0.00003837
       300     0.00003562
