#     Density Matrix: population Re; see the manual for detail orders
        0     0.00000000     1.00000000
        1     0.00000727     0.99999273
        2     0.00000504     0.99999496
        3     0.00001651     0.99998349
        4     0.00002452     0.99997548
        5     0.00004332     0.99995668
        6     0.00006220     0.99993780
        7     0.00007844     0.99992156
        8     0.00008667     0.99991333
        9     0.00008597     0.99991403
       10     0.00008141     0.99991859
       11     0.00007536     0.99992464
       12     0.00006883     0.99993117
       13     0.00006149     0.99993851
       14     0.00005253     0.99994747
       15     0.00004161     0.99995839
       16     0.00002951     0.99997049
       17     0.00001806     0.99998194
       18     0.00000922     0.99999078
       19     0.00000378     0.99999622
       20     0.00000117     0.99999883
       21     0.00000024     0.99999976
       22     0.00000005     0.99999995
       23     0.00000008     0.99999992
       24     0.00000014     0.99999986
       25     0.00000022     0.99999978
       26     0.00000039     0.99999961
       27     0.00000078     0.99999922
       28     0.00000149     0.99999851
       29     0.00000259     0.99999741
       30     0.00000404     0.99999596
       31     0.00000577     0.99999423
       32     0.00000763     0.99999237
       33     0.00000943     0.99999057
       34     0.00001098     0.99998902
       35     0.00001209     0.99998791
       36     0.00001258     0.99998742
       37     0.00001230     0.99998770
       38     0.00001126     0.99998874
       39     0.00000959     0.99999041
       40     0.00000750     0.99999250
       41     0.00000524     0.99999476
       42     0.00000310     0.99999690
       43     0.00000140     0.99999860
       44     0.00000036     0.99999964
       45     0.00000008     0.99999992
       46     0.00000041     0.99999959
       47     0.00000112     0.99999888
       48     0.00000193     0.99999807
       49     0.00000257     0.99999743
       50     0.00000281     0.99999719
       51     0.00000249     0.99999751
       52     0.00000166     0.99999834
       53     0.00000069     0.99999931
       54     0.00000019     0.99999981
       55     0.00000060     0.99999940
       56     0.00000172     0.99999828
       57     0.00000279     0.99999721
       58     0.00000301     0.99999699
       59     0.00000215     0.99999785
       60     0.00000087     0.99999913
       61     0.00000058     0.99999942
       62     0.00000281     0.99999719
       63     0.00000844     0.99999156
       64     0.00001742     0.99998258
       65     0.00002908     0.99997092
       66     0.00004259     0.99995741
       67     0.00005710     0.99994290
       68     0.00007145     0.99992855
       69     0.00008413     0.99991587
       70     0.00009352     0.99990648
       71     0.00009810     0.99990190
       72     0.00009679     0.99990321
       73     0.00008953     0.99991047
       74     0.00007748     0.99992252
       75     0.00006251     0.99993749
       76     0.00004646     0.99995354
       77     0.00003080     0.99996920
       78     0.00001703     0.99998297
       79     0.00000761     0.99999239
       80     0.00000674     0.99999326
       81     0.00002115     0.99997885
       82     0.00006062     0.99993938
       83     0.00013936     0.99986064
       84     0.00027877     0.99972123
       85     0.00050980     0.99949020
       86     0.00087068     0.99912932
       87     0.00139630     0.99860370
       88     0.00209677     0.99790323
       89     0.00292919     0.99707081
       90     0.00378153     0.99621847
       91     0.00448789     0.99551211
       92     0.00488085     0.99511915
       93     0.00485870     0.99514130
       94     0.00443071     0.99556929
       95     0.00371343     0.99628657
       96     0.00288426     0.99711574
       97     0.00212773     0.99787227
       98     0.00161481     0.99838519
       99     0.00154784     0.99845216
      100     0.00232300     0.99767700
      101     0.00499615     0.99500385
      102     0.01269612     0.98730388
      103     0.03486847     0.96513153
      104     0.09608281     0.90391719
      105     0.22626364     0.77373636
      106     0.39122740     0.60877260
      107     0.58730340     0.41269660
      108     0.74372781     0.25627219
      109     0.84860874     0.15139126
      110     0.89410413     0.10589587
      111     0.91379995     0.08620005
      112     0.92068066     0.07931934
      113     0.91877196     0.08122804
      114     0.90767014     0.09232986
      115     0.78305043     0.21694957
      116     0.64868599     0.35131401
      117     0.49558946     0.50441054
      118     0.27798486     0.72201514
      119     0.04405945     0.95594055
      120     0.01575102     0.98424898
      121     0.07850926     0.92149074
      122     0.25598942     0.74401058
      123     0.45338015     0.54661985
      124     0.63575274     0.36424726
      125     0.76318885     0.23681115
      126     0.84962244     0.15037756
      127     0.90691981     0.09308019
      128     0.94425873     0.05574127
      129     0.96806775     0.03193225
      130     0.98265656     0.01734344
      131     0.99108102     0.00891898
      132     0.99565690     0.00434310
      133     0.99802924     0.00197076
      134     0.99917935     0.00082065
      135     0.99965608     0.00034392
      136     0.99983044     0.00016956
      137     0.99992168     0.00007832
      138     0.99997547     0.00002453
      139     0.99998932     0.00001068
      140     0.99999069     0.00000931
      141     0.99998438     0.00001562
      142     0.99996293     0.00003707
      143     0.99994108     0.00005892
      144     0.99992475     0.00007525
      145     0.99991395     0.00008605
      146     0.99991810     0.00008190
      147     0.99994009     0.00005991
      148     0.99996643     0.00003357
      149     0.99998358     0.00001642
      150     0.99999227     0.00000773
      151     0.99999657     0.00000343
      152     0.99999867     0.00000133
      153     0.99999964     0.00000036
      154     0.99999997     0.00000003
      155     0.99999973     0.00000027
      156     0.99999923     0.00000077
      157     0.99999949     0.00000051
      158     0.99999994     0.00000006
      159     0.99999998     0.00000002
      160     0.99999970     0.00000030
      161     0.99999809     0.00000191
      162     0.99999217     0.00000783
      163     0.99997649     0.00002351
      164     0.99995117     0.00004883
      165     0.99993157     0.00006843
      166     0.99993083     0.00006917
      167     0.99994390     0.00005610
      168     0.99996096     0.00003904
      169     0.99997587     0.00002413
      170     0.99998672     0.00001328
      171     0.99999371     0.00000629
      172     0.99999765     0.00000235
      173     0.99999946     0.00000054
      174     0.99999991     0.00000009
      175     0.99999959     0.00000041
      176     0.99999883     0.00000117
      177     0.99999779     0.00000221
      178     0.99999660     0.00000340
      179     0.99999544     0.00000456
      180     0.99999463     0.00000537
      181     0.99999458     0.00000542
      182     0.99999553     0.00000447
      183     0.99999725     0.00000275
      184     0.99999898     0.00000102
      185     0.99999987     0.00000013
      186     0.99999959     0.00000041
      187     0.99999838     0.00000162
      188     0.99999677     0.00000323
      189     0.99999529     0.00000471
      190     0.99999436     0.00000564
      191     0.99999421     0.00000579
      192     0.99999478     0.00000522
      193     0.99999578     0.00000422
      194     0.99999683     0.00000317
      195     0.99999770     0.00000230
      196     0.99999834     0.00000166
      197     0.99999879     0.00000121
      198     0.99999911     0.00000089
      199     0.99999936     0.00000064
      200     0.99999958     0.00000042
      201     0.99999977     0.00000023
      202     0.99999993     0.00000007
      203     0.99999998     0.00000002
      204     0.99999980     0.00000020
      205     0.99999928     0.00000072
      206     0.99999838     0.00000162
      207     0.99999713     0.00000287
      208     0.99999552     0.00000448
      209     0.99999348     0.00000652
      210     0.99999081     0.00000919
      211     0.99998716     0.00001284
      212     0.99998217     0.00001783
      213     0.99997564     0.00002436
      214     0.99996793     0.00003207
      215     0.99996056     0.00003944
      216     0.99995723     0.00004277
      217     0.99996268     0.00003732
      218     0.99997588     0.00002412
      219     0.99998851     0.00001149
      220     0.99999570     0.00000430
      221     0.99999879     0.00000121
      222     0.99999983     0.00000017
      223     0.99999997     0.00000003
      224     0.99999982     0.00000018
      225     0.99999965     0.00000035
      226     0.99999951     0.00000049
      227     0.99999940     0.00000060
      228     0.99999926     0.00000074
      229     0.99999905     0.00000095
      230     0.99999873     0.00000127
      231     0.99999828     0.00000172
      232     0.99999770     0.00000230
      233     0.99999705     0.00000295
      234     0.99999641     0.00000359
      235     0.99999596     0.00000404
      236     0.99999586     0.00000414
      237     0.99999624     0.00000376
      238     0.99999706     0.00000294
      239     0.99999819     0.00000181
      240     0.99999930     0.00000070
      241     0.99999992     0.00000008
      242     0.99999949     0.00000051
      243     0.99999754     0.00000246
      244     0.99999410     0.00000590
      245     0.99999008     0.00000992
      246     0.99998724     0.00001276
      247     0.99998716     0.00001284
      248     0.99998978     0.00001022
      249     0.99999344     0.00000656
      250     0.99999651     0.00000349
      251     0.99999841     0.00000159
      252     0.99999936     0.00000064
      253     0.99999976     0.00000024
      254     0.99999990     0.00000010
      255     0.99999996     0.00000004
      256     0.99999998     0.00000002
      257     0.99999999     0.00000001
      258     1.00000000     0.00000000
      259     1.00000000     0.00000000
      260     0.99999998     0.00000002
      261     0.99999996     0.00000004
      262     0.99999993     0.00000007
      263     0.99999992     0.00000008
      264     0.99999990     0.00000010
      265     0.99999985     0.00000015
      266     0.99999975     0.00000025
      267     0.99999955     0.00000045
      268     0.99999914     0.00000086
      269     0.99999828     0.00000172
      270     0.99999642     0.00000358
      271     0.99999224     0.00000776
      272     0.99998202     0.00001798
      273     0.99995489     0.00004511
      274     0.99989085     0.00010915
      275     0.99982564     0.00017436
      276     0.99984997     0.00015003
      277     0.99991479     0.00008521
      278     0.99995640     0.00004360
      279     0.99998266     0.00001734
      280     0.99999630     0.00000370
      281     0.99999897     0.00000103
      282     0.99999506     0.00000494
      283     0.99998879     0.00001121
      284     0.99998323     0.00001677
      285     0.99997992     0.00002008
      286     0.99997925     0.00002075
      287     0.99998079     0.00001921
      288     0.99998350     0.00001650
      289     0.99998611     0.00001389
      290     0.99998776     0.00001224
      291     0.99998815     0.00001185
      292     0.99998730     0.00001270
      293     0.99998545     0.00001455
      294     0.99998312     0.00001688
      295     0.99998133     0.00001867
      296     0.99998130     0.00001870
      297     0.99998361     0.00001639
      298     0.99998768     0.00001232
      299     0.99999212     0.00000788
      300     0.99999572     0.00000428
      301     0.99999807     0.00000193
      302     0.99999935     0.00000065
      303     0.99999990     0.00000010
      304     0.99999994     0.00000006
      305     0.99999958     0.00000042
      306     0.99999878     0.00000122
      307     0.99999757     0.00000243
      308     0.99999603     0.00000397
      309     0.99999442     0.00000558
      310     0.99999314     0.00000686
      311     0.99999268     0.00000732
      312     0.99999349     0.00000651
      313     0.99999562     0.00000438
      314     0.99999830     0.00000170
      315     0.99999977     0.00000023
      316     0.99999778     0.00000222
      317     0.99999090     0.00000910
      318     0.99997986     0.00002014
      319     0.99996903     0.00003097
      320     0.99996502     0.00003498
      321     0.99996979     0.00003021
      322     0.99997828     0.00002172
      323     0.99998583     0.00001417
      324     0.99999142     0.00000858
      325     0.99999527     0.00000473
      326     0.99999765     0.00000235
      327     0.99999897     0.00000103
      328     0.99999961     0.00000039
      329     0.99999989     0.00000011
      330     0.99999998     0.00000002
      331     1.00000000     0.00000000
      332     0.99999997     0.00000003
      333     0.99999992     0.00000008
      334     0.99999985     0.00000015
      335     0.99999977     0.00000023
      336     0.99999968     0.00000032
      337     0.99999958     0.00000042
      338     0.99999947     0.00000053
      339     0.99999930     0.00000070
      340     0.99999901     0.00000099
      341     0.99999844     0.00000156
      342     0.99999724     0.00000276
      343     0.99999477     0.00000523
      344     0.99999030     0.00000970
      345     0.99998415     0.00001585
      346     0.99997905     0.00002095
      347     0.99997802     0.00002198
      348     0.99998084     0.00001916
      349     0.99998521     0.00001479
      350     0.99998948     0.00001052
      351     0.99999301     0.00000699
      352     0.99999575     0.00000425
      353     0.99999780     0.00000220
      354     0.99999920     0.00000080
      355     0.99999988     0.00000012
      356     0.99999963     0.00000037
      357     0.99999808     0.00000192
      358     0.99999471     0.00000529
      359     0.99998878     0.00001122
      360     0.99997923     0.00002077
      361     0.99996461     0.00003539
      362     0.99994347     0.00005653
      363     0.99991696     0.00008304
      364     0.99989595     0.00010405
      365     0.99990284     0.00009716
      366     0.99993921     0.00006079
      367     0.99997295     0.00002705
      368     0.99998951     0.00001049
      369     0.99999635     0.00000365
      370     0.99999895     0.00000105
      371     0.99999978     0.00000022
      372     0.99999998     0.00000002
      373     0.99999998     0.00000002
      374     0.99999991     0.00000009
      375     0.99999982     0.00000018
      376     0.99999966     0.00000034
      377     0.99999938     0.00000062
      378     0.99999885     0.00000115
      379     0.99999790     0.00000210
      380     0.99999621     0.00000379
      381     0.99999327     0.00000673
      382     0.99998824     0.00001176
      383     0.99998042     0.00001958
      384     0.99997111     0.00002889
      385     0.99996498     0.00003502
      386     0.99996569     0.00003431
      387     0.99997159     0.00002841
      388     0.99997943     0.00002057
      389     0.99998724     0.00001276
      390     0.99999378     0.00000622
      391     0.99999815     0.00000185
      392     0.99999980     0.00000020
      393     0.99999877     0.00000123
      394     0.99999561     0.00000439
      395     0.99999098     0.00000902
      396     0.99998539     0.00001461
      397     0.99997901     0.00002099
      398     0.99997177     0.00002823
      399     0.99996375     0.00003625
      400     0.99995621     0.00004379
      401     0.99995306     0.00004694
      402     0.99995910     0.00004090
      403     0.99997248     0.00002752
      404     0.99998506     0.00001494
      405     0.99999291     0.00000709
      406     0.99999707     0.00000293
      407     0.99999904     0.00000096
      408     0.99999981     0.00000019
      409     0.99999998     0.00000002
      410     0.99999988     0.00000012
      411     0.99999964     0.00000036
      412     0.99999933     0.00000067
      413     0.99999893     0.00000107
      414     0.99999837     0.00000163
      415     0.99999755     0.00000245
      416     0.99999628     0.00000372
      417     0.99999429     0.00000571
      418     0.99999126     0.00000874
      419     0.99998685     0.00001315
      420     0.99998110     0.00001890
      421     0.99997506     0.00002494
      422     0.99997115     0.00002885
      423     0.99997200     0.00002800
      424     0.99997826     0.00002174
      425     0.99998766     0.00001234
      426     0.99999608     0.00000392
      427     0.99999949     0.00000051
      428     0.99999593     0.00000407
      429     0.99998626     0.00001374
      430     0.99997372     0.00002628
      431     0.99996274     0.00003726
      432     0.99995721     0.00004279
      433     0.99995872     0.00004128
      434     0.99996553     0.00003447
      435     0.99997396     0.00002604
      436     0.99998129     0.00001871
      437     0.99998682     0.00001318
      438     0.99999095     0.00000905
      439     0.99999415     0.00000585
      440     0.99999672     0.00000328
      441     0.99999869     0.00000131
      442     0.99999980     0.00000020
      443     0.99999942     0.00000058
      444     0.99999657     0.00000343
      445     0.99999005     0.00000995
      446     0.99997845     0.00002155
      447     0.99996117     0.00003883
      448     0.99994256     0.00005744
      449     0.99993409     0.00006591
      450     0.99994166     0.00005834
      451     0.99995706     0.00004294
      452     0.99997124     0.00002876
      453     0.99998158     0.00001842
      454     0.99998850     0.00001150
      455     0.99999301     0.00000699
      456     0.99999598     0.00000402
      457     0.99999801     0.00000199
      458     0.99999935     0.00000065
      459     0.99999992     0.00000008
      460     0.99999934     0.00000066
      461     0.99999725     0.00000275
      462     0.99999353     0.00000647
      463     0.99998850     0.00001150
      464     0.99998309     0.00001691
      465     0.99997905     0.00002095
      466     0.99997867     0.00002133
      467     0.99998268     0.00001732
      468     0.99998852     0.00001148
      469     0.99999320     0.00000680
      470     0.99999605     0.00000395
      471     0.99999766     0.00000234
      472     0.99999860     0.00000140
      473     0.99999918     0.00000082
      474     0.99999955     0.00000045
      475     0.99999979     0.00000021
      476     0.99999994     0.00000006
      477     0.99999999     0.00000001
      478     0.99999996     0.00000004
      479     0.99999979     0.00000021
      480     0.99999942     0.00000058
      481     0.99999874     0.00000126
      482     0.99999757     0.00000243
      483     0.99999564     0.00000436
      484     0.99999264     0.00000736
      485     0.99998845     0.00001155
      486     0.99998381     0.00001619
      487     0.99998074     0.00001926
      488     0.99998100     0.00001900
      489     0.99998412     0.00001588
      490     0.99998834     0.00001166
      491     0.99999232     0.00000768
      492     0.99999548     0.00000452
      493     0.99999771     0.00000229
      494     0.99999912     0.00000088
      495     0.99999983     0.00000017
      496     0.99999993     0.00000007
      497     0.99999936     0.00000064
      498     0.99999803     0.00000197
      499     0.99999575     0.00000425
      500     0.99999252     0.00000748
      501     0.99998882     0.00001118
      502     0.99998612     0.00001388
      503     0.99998628     0.00001372
      504     0.99998936     0.00001064
      505     0.99999316     0.00000684
      506     0.99999592     0.00000408
      507     0.99999750     0.00000250
      508     0.99999831     0.00000169
      509     0.99999876     0.00000124
      510     0.99999912     0.00000088
      511     0.99999953     0.00000047
      512     0.99999988     0.00000012
      513     0.99999996     0.00000004
      514     0.99999960     0.00000040
      515     0.99999871     0.00000129
      516     0.99999721     0.00000279
      517     0.99999491     0.00000509
      518     0.99999142     0.00000858
      519     0.99998614     0.00001386
      520     0.99997842     0.00002158
      521     0.99996856     0.00003144
      522     0.99995963     0.00004037
      523     0.99995713     0.00004287
      524     0.99996313     0.00003687
      525     0.99997340     0.00002660
      526     0.99998311     0.00001689
      527     0.99999041     0.00000959
      528     0.99999530     0.00000470
      529     0.99999825     0.00000175
      530     0.99999967     0.00000033
      531     0.99999980     0.00000020
      532     0.99999874     0.00000126
      533     0.99999648     0.00000352
      534     0.99999316     0.00000684
      535     0.99998926     0.00001074
      536     0.99998593     0.00001407
      537     0.99998447     0.00001553
      538     0.99998529     0.00001471
      539     0.99998764     0.00001236
      540     0.99999045     0.00000955
      541     0.99999301     0.00000699
      542     0.99999512     0.00000488
      543     0.99999682     0.00000318
      544     0.99999823     0.00000177
      545     0.99999935     0.00000065
      546     0.99999992     0.00000008
      547     0.99999919     0.00000081
      548     0.99999558     0.00000442
      549     0.99998713     0.00001287
      550     0.99997381     0.00002619
      551     0.99996008     0.00003992
      552     0.99995124     0.00004876
      553     0.99994734     0.00005266
      554     0.99994556     0.00005444
      555     0.99994460     0.00005540
      556     0.99994469     0.00005531
      557     0.99994689     0.00005311
      558     0.99995222     0.00004778
      559     0.99996055     0.00003945
      560     0.99997056     0.00002944
      561     0.99998044     0.00001956
      562     0.99998872     0.00001128
      563     0.99999456     0.00000544
      564     0.99999793     0.00000207
      565     0.99999943     0.00000057
      566     0.99999990     0.00000010
      567     0.99999999     0.00000001
      568     0.99999997     0.00000003
      569     0.99999990     0.00000010
      570     0.99999963     0.00000037
      571     0.99999885     0.00000115
      572     0.99999696     0.00000304
      573     0.99999311     0.00000689
      574     0.99998637     0.00001363
      575     0.99997607     0.00002393
      576     0.99996193     0.00003807
      577     0.99994433     0.00005567
      578     0.99992483     0.00007517
      579     0.99990743     0.00009257
      580     0.99990060     0.00009940
      581     0.99991425     0.00008575
      582     0.99994383     0.00005617
      583     0.99997051     0.00002949
      584     0.99998591     0.00001409
      585     0.99999373     0.00000627
      586     0.99999754     0.00000246
      587     0.99999922     0.00000078
      588     0.99999985     0.00000015
      589     0.99999999     0.00000001
      590     0.99999994     0.00000006
      591     0.99999981     0.00000019
      592     0.99999957     0.00000043
      593     0.99999904     0.00000096
      594     0.99999771     0.00000229
      595     0.99999443     0.00000557
      596     0.99998757     0.00001243
      597     0.99997776     0.00002224
      598     0.99997130     0.00002870
      599     0.99997440     0.00002560
      600     0.99998426     0.00001574
