#    Step     Kinetic(H)     Potential(H)   Total(H)       E(0)(H)        E(1)(H)        
        0     0.00677004    -6.15967946    -6.15290942    -6.41141080    -6.15967946
        1     0.00684632    -6.15975795    -6.15291163    -6.41198110    -6.15975795
        2     0.00686216    -6.15978110    -6.15291894    -6.41242035    -6.15978110
        3     0.00681984    -6.15975110    -6.15293126    -6.41272298    -6.15975110
        4     0.00671995    -6.15966803    -6.15294808    -6.41288253    -6.15966803
        5     0.00656232    -6.15953072    -6.15296840    -6.41289256    -6.15953072
        6     0.00634938    -6.15934017    -6.15299079    -6.41275008    -6.15934017
        7     0.00609095    -6.15910471    -6.15301376    -6.41246055    -6.15910471
        8     0.00580866    -6.15884446    -6.15303580    -6.41204216    -6.15884446
        9     0.00553895    -6.15859493    -6.15305598    -6.41152926    -6.15859493
       10     0.00533234    -6.15840639    -6.15307405    -6.41097166    -6.15840639
       11     0.00524860    -6.15833928    -6.15309068    -6.41042991    -6.15833928
       12     0.00534751    -6.15845494    -6.15310743    -6.40996613    -6.15845494
       13     0.00567621    -6.15880292    -6.15312671    -6.40963147    -6.15880292
       14     0.00625587    -6.15940781    -6.15315194    -6.40945310    -6.15940781
       15     0.00707076    -6.16025866    -6.15318790    -6.40942388    -6.16025866
       16     0.00806296    -6.16130419    -6.15324123    -6.40949786    -6.16130419
       17     0.00913572    -6.16245652    -6.15332080    -6.40959407    -6.16245652
       18     0.01016568    -6.16360272    -6.15343704    -6.40960821    -6.16360272
       19     0.01102263    -6.16462268    -6.15360005    -6.40943043    -6.16462268
       20     0.01159305    -6.16541001    -6.15381696    -6.40896595    -6.16541001
       21     0.01180154    -6.16589061    -6.15408907    -6.40815331    -6.16589061
       22     0.01162516    -6.16603560    -6.15441044    -6.40697674    -6.16603560
       23     0.01109691    -6.16586535    -6.15476844    -6.40546975    -6.16586535
       24     0.01029774    -6.16544415    -6.15514641    -6.40370932    -6.16544415
       25     0.00933935    -6.16486671    -6.15552736    -6.40180187    -6.16486671
       26     0.00834220    -6.16424007    -6.15589787    -6.39986495    -6.16424007
       27     0.00741446    -6.16366474    -6.15625028    -6.39800822    -6.16366474
       28     0.00663645    -6.16321912    -6.15658267    -6.39631781    -6.16321912
       29     0.00605257    -6.16295055    -6.15689798    -6.39484742    -6.16295055
       30     0.00567136    -6.16287315    -6.15720179    -6.39361624    -6.16287315
       31     0.00547221    -6.16297211    -6.15749990    -6.39261347    -6.16297211
       32     0.00541557    -6.16321252    -6.15779695    -6.39180718    -6.16321252
       33     0.00545400    -6.16354947    -6.15809547    -6.39115461    -6.16354947
       34     0.00554142    -6.16393726    -6.15839584    -6.39061142    -6.16393726
       35     0.00563930    -6.16433583    -6.15869653    -6.39013825    -6.16433583
       36     0.00571958    -6.16471425    -6.15899467    -6.38970425    -6.16471425
       37     0.00576485    -6.16505154    -6.15928669    -6.38928804    -6.16505154
       38     0.00576638    -6.16533514    -6.15956876    -6.38887615    -6.16533514
       39     0.00572148    -6.16555873    -6.15983725    -6.38846097    -6.16555873
       40     0.00563119    -6.16572013    -6.16008894    -6.38803866    -6.16572013
       41     0.00549841    -6.16581960    -6.16032119    -6.38760740    -6.16581960
       42     0.00532732    -6.16585940    -6.16053208    -6.38716698    -6.16585940
       43     0.00512370    -6.16584408    -6.16072038    -6.38671903    -6.16584408
       44     0.00489593    -6.16578171    -6.16088578    -6.38626811    -6.16578171
       45     0.00465654    -6.16568535    -6.16102881    -6.38582315    -6.16568535
       46     0.00442318    -6.16557414    -6.16115096    -6.38539841    -6.16557414
       47     0.00421913    -6.16547363    -6.16125450    -6.38501377    -6.16547363
       48     0.00407251    -6.16541495    -6.16134244    -6.38469381    -6.16541495
       49     0.00401400    -6.16543214    -6.16141814    -6.38446517    -6.16543214
       50     0.00407301    -6.16555805    -6.16148504    -6.38435247    -6.16555805
       51     0.00427281    -6.16581932    -6.16154651    -6.38437338    -6.16581932
       52     0.00462583    -6.16623133    -6.16160550    -6.38453367    -6.16623133
       53     0.00512943    -6.16679405    -6.16166462    -6.38482329    -6.16679405
       54     0.00576372    -6.16749012    -6.16172640    -6.38521457    -6.16749012
       55     0.00649221    -6.16828570    -6.16179349    -6.38566334    -6.16828570
       56     0.00726542    -6.16913433    -6.16186891    -6.38611307    -6.16913433
       57     0.00802729    -6.16998326    -6.16195597    -6.38650131    -6.16998326
       58     0.00872337    -6.17078144    -6.16205807    -6.38676784    -6.17078144
       59     0.00930935    -6.17148747    -6.16217812    -6.38686283    -6.17148747
       60     0.00975800    -6.17207619    -6.16231819    -6.38675335    -6.17207619
       61     0.01006345    -6.17254265    -6.16247920    -6.38642728    -6.17254265
       62     0.01024184    -6.17290307    -6.16266123    -6.38589397    -6.17290307
       63     0.01032810    -6.17319188    -6.16286378    -6.38518109    -6.17319188
       64     0.01036998    -6.17345661    -6.16308663    -6.38432891    -6.17345661
       65     0.01042038    -6.17375085    -6.16333047    -6.38338286    -6.17375085
       66     0.01052958    -6.17412709    -6.16359751    -6.38238548    -6.17412709
       67     0.01073892    -6.17463076    -6.16389184    -6.38136958    -6.17463076
       68     0.01107703    -6.17529654    -6.16421951    -6.38035370    -6.17529654
       69     0.01155881    -6.17614757    -6.16458876    -6.37933990    -6.17614757
       70     0.01218744    -6.17719749    -6.16501005    -6.37831430    -6.17719749
       71     0.01295808    -6.17845427    -6.16549619    -6.37725007    -6.17845427
       72     0.01386266    -6.17992516    -6.16606250    -6.37611203    -6.17992516
       73     0.01489250    -6.18161955    -6.16672705    -6.37486342    -6.18161955
       74     0.01603505    -6.18354637    -6.16751132    -6.37347669    -6.18354637
       75     0.01726336    -6.18570195    -6.16843859    -6.37194976    -6.18570195
       76     0.01852433    -6.18805206    -6.16952773    -6.37032120    -6.18805206
       77     0.01974688    -6.19053925    -6.17079237    -6.36865332    -6.19053925
       78     0.02087315    -6.19310959    -6.17223644    -6.36699659    -6.19310959
       79     0.02187955    -6.19573913    -6.17385958    -6.36536221    -6.19573913
       80     0.02276963    -6.19842384    -6.17565421    -6.36373655    -6.19842384
       81     0.02355902    -6.20116478    -6.17760576    -6.36209993    -6.20116478
       82     0.02426635    -6.20396116    -6.17969481    -6.36043523    -6.20396116
       83     0.02490851    -6.20680922    -6.18190071    -6.35872979    -6.20680922
       84     0.02549868    -6.20970290    -6.18420422    -6.35697477    -6.20970290
       85     0.02604480    -6.21263460    -6.18658980    -6.35516423    -6.21263460
       86     0.02654861    -6.21559568    -6.18904707    -6.35329460    -6.21559568
       87     0.02700576    -6.21857667    -6.19157091    -6.35136402    -6.21857667
       88     0.02740666    -6.22156720    -6.19416054    -6.34937194    -6.22156720
       89     0.02773800    -6.22455582    -6.19681782    -6.34731882    -6.22455582
       90     0.02798532    -6.22753001    -6.19954469    -6.34520598    -6.22753001
       91     0.02813531    -6.23047663    -6.20234132    -6.34303542    -6.23047663
       92     0.02817753    -6.23338232    -6.20520479    -6.34081007    -6.23338232
       93     0.02810583    -6.23623450    -6.20812867    -6.33853407    -6.23623450
       94     0.02792039    -6.23902228    -6.21110189    -6.33621344    -6.23902228
       95     0.02762846    -6.24173776    -6.21410930    -6.33385630    -6.24173776
       96     0.02724277    -6.24437662    -6.21713385    -6.33147345    -6.24437662
       97     0.02678068    -6.24693854    -6.22015786    -6.32907832    -6.24693854
       98     0.02626243    -6.24942707    -6.22316464    -6.32668673    -6.24942707
       99     0.02570908    -6.25184892    -6.22613984    -6.32431629    -6.25184892
      100     0.02514051    -6.25421275    -6.22907224    -6.32198547    -6.25421275
      101     0.02457374    -6.25652772    -6.23195398    -6.31971257    -6.25652772
      102     0.02402139    -6.25880191    -6.23478052    -6.31751469    -6.25880191
      103     0.02349098    -6.26104087    -6.23754989    -6.31540703    -6.26104087
      104     0.02298470    -6.26324641    -6.24026171    -6.31340258    -6.26324641
      105     0.02249946    -6.26541581    -6.24291635    -6.31151238    -6.26541581
      106     0.02202730    -6.26754118    -6.24551388    -6.30974625    -6.26754118
      107     0.02155588    -6.26960918    -6.24805330    -6.30811417    -6.26960918
      108     0.02106896    -6.27160062    -6.25053166    -6.30662796    -6.27160062
      109     0.02054698    -6.27349019    -6.25294321    -6.30530320    -6.27349019
      110     0.01996698    -6.27524630    -6.25527932    -6.30416079    -6.27524630
      111     0.01930367    -6.27683154    -6.25752787    -6.30322780    -6.27683154
      112     0.01853247    -6.27820524    -6.25967277    -6.30253560    -6.27820524
      113     0.01763448    -6.27932953    -6.26169505    -6.30211427    -6.27932953
      114     0.01660404    -6.28017929    -6.26357525    -6.30198264    -6.28017929
      115     0.01545657    -6.28075290    -6.26529633    -6.30213748    -6.28075290
      116     0.01422936    -6.28107725    -6.26684789    -6.30254853    -6.28107725
      117     0.01297393    -6.28120233    -6.26822840    -6.30316395    -6.28120233
      118     0.01174499    -6.28118894    -6.26944395    -6.30392271    -6.28118894
      119     0.01058993    -6.28109677    -6.27050684    -6.30476661    -6.28109677
      120     0.00954402    -6.28097741    -6.27143339    -6.30564715    -6.28097741
      121     0.00863021    -6.28087241    -6.27224220    -6.30652721    -6.28087241
      122     0.00786136    -6.28081377    -6.27295241    -6.30737996    -6.28081377
      123     0.00724288    -6.28082562    -6.27358274    -6.30818651    -6.28082562
      124     0.00677500    -6.28092576    -6.27415076    -6.30893349    -6.28092576
      125     0.00645428    -6.28112682    -6.27467254    -6.30961092    -6.28112682
      126     0.00627460    -6.28143702    -6.27516242    -6.31021060    -6.28143702
      127     0.00622761    -6.28186075    -6.27563314    -6.31072486    -6.28186075
      128     0.00630310    -6.28239892    -6.27609582    -6.31114578    -6.28239892
      129     0.00648919    -6.28304941    -6.27656022    -6.31146483    -6.28304941
      130     0.00677259    -6.28380745    -6.27703486    -6.31167291    -6.28380745
      131     0.00713891    -6.28466623    -6.27752732    -6.31176073    -6.28466623
      132     0.00757305    -6.28561737    -6.27804432    -6.31171948    -6.28561737
      133     0.00805954    -6.28665151    -6.27859197    -6.31154181    -6.28665151
      134     0.00858278    -6.28775865    -6.27917587    -6.31122291    -6.28775865
      135     0.00912701    -6.28892808    -6.27980107    -6.31076184    -6.28892808
      136     0.00967573    -6.29014779    -6.28047206    -6.31016317    -6.29014779
      137     0.01021016    -6.29140249    -6.28119233    -6.30943929    -6.29140249
      138     0.01070607    -6.29267011    -6.28196404    -6.30861385    -6.29267011
      139     0.01112772    -6.29391444    -6.28278672    -6.30772845    -6.29391444
      140     0.01141693    -6.29507209    -6.28365516    -6.30685464    -6.29507209
      141     0.01147904    -6.29603318    -6.28455414    -6.30611199    -6.29603318
      142     0.01951385    -6.30567190    -6.28615805    -6.30567190    -6.29663668
      143     0.01819323    -6.30595356    -6.28776033    -6.30595356    -6.29652223
      144     0.01775919    -6.30720103    -6.28944184    -6.30720103    -6.29543357
      145     0.01781328    -6.30900758    -6.29119430    -6.30900758    -6.29377424
      146     0.01808054    -6.31111565    -6.29303511    -6.31111565    -6.29179459
      147     0.01843014    -6.31340335    -6.29497321    -6.31340335    -6.28960736
      148     0.01880070    -6.31580927    -6.29700857    -6.31580927    -6.28726373
      149     0.01916099    -6.31829742    -6.29913643    -6.31829742    -6.28478920
      150     0.01949413    -6.32084356    -6.30134943    -6.32084356    -6.28219813
      151     0.01979099    -6.32342971    -6.30363872    -6.32342971    -6.27950004
      152     0.02004722    -6.32604211    -6.30599489    -6.32604211    -6.27670226
      153     0.02026163    -6.32867016    -6.30840853    -6.32867016    -6.27381131
      154     0.02043514    -6.33130568    -6.31087054    -6.33130568    -6.27083380
      155     0.02057015    -6.33394264    -6.31337249    -6.33394264    -6.26777652
      156     0.02066997    -6.33657665    -6.31590668    -6.33657665    -6.26464670
      157     0.02073832    -6.33920470    -6.31846638    -6.33920470    -6.26145181
      158     0.02077904    -6.34182474    -6.32104570    -6.34182474    -6.25819945
      159     0.02079573    -6.34443531    -6.32363958    -6.34443531    -6.25489719
      160     0.02079135    -6.34703519    -6.32624384    -6.34703519    -6.25155239
      161     0.02076834    -6.34962313    -6.32885479    -6.34962313    -6.24817210
      162     0.02072854    -6.35219754    -6.33146900    -6.35219754    -6.24476282
      163     0.02067296    -6.35475634    -6.33408338    -6.35475634    -6.24133046
      164     0.02060194    -6.35729684    -6.33669490    -6.35729684    -6.23788024
      165     0.02051507    -6.35981571    -6.33930064    -6.35981571    -6.23441687
      166     0.02041120    -6.36230905    -6.34189785    -6.36230905    -6.23094444
      167     0.02028911    -6.36477244    -6.34448333    -6.36477244    -6.22746671
      168     0.02014783    -6.36720121    -6.34705338    -6.36720121    -6.22398712
      169     0.01998638    -6.36959067    -6.34960429    -6.36959067    -6.22050902
      170     0.01980427    -6.37193651    -6.35213224    -6.37193651    -6.21703573
      171     0.01960218    -6.37423508    -6.35463290    -6.37423508    -6.21357083
      172     0.01938152    -6.37648408    -6.35710256    -6.37648408    -6.21011792
      173     0.01914487    -6.37868309    -6.35953822    -6.37868309    -6.20668077
      174     0.01889758    -6.38083484    -6.36193726    -6.38083484    -6.20326260
      175     0.01864881    -6.38294693    -6.36429812    -6.38294693    -6.19986522
      176     0.01841414    -6.38503551    -6.36662137    -6.38503551    -6.19648643
      177     0.01822085    -6.38713168    -6.36891083    -6.38713168    -6.19311550
      178     0.01811644    -6.38929341    -6.37117697    -6.38929341    -6.18972433
      179     0.01817025    -6.39161491    -6.37344466    -6.39161491    -6.18626243
      180     0.01841313    -6.39417330    -6.37576017    -6.39417330    -6.18270948
      181     0.01872048    -6.39685734    -6.37813686    -6.39685734    -6.17922277
      182     0.01888181    -6.39941064    -6.38052883    -6.39941064    -6.17605748
      183     0.01879966    -6.40170922    -6.38290956    -6.40170922    -6.17329651
      184     0.01849823    -6.40375401    -6.38525578    -6.40375401    -6.17089172
      185     0.01803404    -6.40557762    -6.38754358    -6.40557762    -6.16877272
      186     0.01745820    -6.40721126    -6.38975306    -6.40721126    -6.16688137
      187     0.01681004    -6.40867943    -6.39186939    -6.40867943    -6.16517496
      188     0.01611864    -6.41000094    -6.39388230    -6.41000094    -6.16362293
      189     0.01540484    -6.41119066    -6.39578582    -6.41119066    -6.16220333
      190     0.01468341    -6.41226062    -6.39757721    -6.41226062    -6.16090036
      191     0.01396492    -6.41322099    -6.39925607    -6.41322099    -6.15970248
      192     0.01325653    -6.41408062    -6.40082409    -6.41408062    -6.15860116
      193     0.01256334    -6.41484734    -6.40228400    -6.41484734    -6.15759003
      194     0.01188904    -6.41552828    -6.40363924    -6.41552828    -6.15666420
      195     0.01123585    -6.41613001    -6.40489416    -6.41613001    -6.15581978
      196     0.01060514    -6.41665860    -6.40605346    -6.41665860    -6.15505364
      197     0.00999771    -6.41711974    -6.40712203    -6.41711974    -6.15436310
      198     0.00941386    -6.41751876    -6.40810490    -6.41751876    -6.15374577
      199     0.00885372    -6.41786067    -6.40900695    -6.41786067    -6.15319940
      200     0.00831719    -6.41815016    -6.40983297    -6.41815016    -6.15272180
      201     0.00780388    -6.41839165    -6.41058777    -6.41839165    -6.15231076
      202     0.00731327    -6.41858927    -6.41127600    -6.41858927    -6.15196399
      203     0.00684475    -6.41874692    -6.41190217    -6.41874692    -6.15167910
      204     0.00639769    -6.41886820    -6.41247051    -6.41886820    -6.15145360
      205     0.00597140    -6.41895652    -6.41298512    -6.41895652    -6.15128482
      206     0.00556521    -6.41901503    -6.41344982    -6.41901503    -6.15117003
      207     0.00517842    -6.41904679    -6.41386837    -6.41904679    -6.15110626
      208     0.00481039    -6.41905456    -6.41424417    -6.41905456    -6.15109055
      209     0.00446048    -6.41904105    -6.41458057    -6.41904105    -6.15111979
      210     0.00412810    -6.41900869    -6.41488059    -6.41900869    -6.15119091
      211     0.00381271    -6.41895990    -6.41514719    -6.41895990    -6.15130071
      212     0.00351380    -6.41889697    -6.41538317    -6.41889697    -6.15144598
      213     0.00323092    -6.41882207    -6.41559115    -6.41882207    -6.15162351
      214     0.00296367    -6.41873725    -6.41577358    -6.41873725    -6.15183012
      215     0.00271165    -6.41864449    -6.41593284    -6.41864449    -6.15206262
      216     0.00247452    -6.41854562    -6.41607110    -6.41854562    -6.15231786
      217     0.00225193    -6.41844237    -6.41619044    -6.41844237    -6.15259272
      218     0.00204354    -6.41833636    -6.41629282    -6.41833636    -6.15288412
      219     0.00184902    -6.41822906    -6.41638004    -6.41822906    -6.15318901
      220     0.00166803    -6.41812183    -6.41645380    -6.41812183    -6.15350440
      221     0.00150017    -6.41801590    -6.41651573    -6.41801590    -6.15382738
      222     0.00134511    -6.41791236    -6.41656725    -6.41791236    -6.15415510
      223     0.00120250    -6.41781220    -6.41660970    -6.41781220    -6.15448480
      224     0.00107200    -6.41771630    -6.41664430    -6.41771630    -6.15481384
      225     0.00095329    -6.41762546    -6.41667217    -6.41762546    -6.15513970
      226     0.00084607    -6.41754036    -6.41669429    -6.41754036    -6.15546002
      227     0.00075009    -6.41746167    -6.41671158    -6.41746167    -6.15577259
      228     0.00066512    -6.41738995    -6.41672483    -6.41738995    -6.15607537
      229     0.00059101    -6.41732575    -6.41673474    -6.41732575    -6.15636654
      230     0.00052766    -6.41726958    -6.41674192    -6.41726958    -6.15664445
      231     0.00047502    -6.41722189    -6.41674687    -6.41722189    -6.15690767
      232     0.00043311    -6.41718312    -6.41675001    -6.41718312    -6.15715493
      233     0.00040203    -6.41715365    -6.41675162    -6.41715365    -6.15738519
      234     0.00038189    -6.41713383    -6.41675194    -6.41713383    -6.15759756
      235     0.00037290    -6.41712395    -6.41675105    -6.41712395    -6.15779134
      236     0.00037526    -6.41712421    -6.41674895    -6.41712421    -6.15796597
      237     0.00038923    -6.41713476    -6.41674553    -6.41713476    -6.15812101
      238     0.00041508    -6.41715564    -6.41674056    -6.41715564    -6.15825618
      239     0.00045306    -6.41718677    -6.41673371    -6.41718677    -6.15837126
      240     0.00050346    -6.41722796    -6.41672450    -6.41722796    -6.15846615
      241     0.00056653    -6.41727891    -6.41671238    -6.41727891    -6.15854082
      242     0.00064248    -6.41733916    -6.41669668    -6.41733916    -6.15859531
      243     0.00073153    -6.41740814    -6.41667661    -6.41740814    -6.15862975
      244     0.00083383    -6.41748513    -6.41665130    -6.41748513    -6.15864435
      245     0.00094950    -6.41756932    -6.41661982    -6.41756932    -6.15863939
      246     0.00107862    -6.41765974    -6.41658112    -6.41765974    -6.15861526
      247     0.00122120    -6.41775536    -6.41653416    -6.41775536    -6.15857249
      248     0.00137720    -6.41785503    -6.41647783    -6.41785503    -6.15851169
      249     0.00154653    -6.41795754    -6.41641101    -6.41795754    -6.15843368
      250     0.00172895    -6.41806160    -6.41633265    -6.41806160    -6.15833938
      251     0.00192419    -6.41816588    -6.41624169    -6.41816588    -6.15822993
      252     0.00213189    -6.41826898    -6.41613709    -6.41826898    -6.15810661
      253     0.00235151    -6.41836946    -6.41601795    -6.41836946    -6.15797093
      254     0.00258236    -6.41846583    -6.41588347    -6.41846583    -6.15782456
      255     0.00282353    -6.41855656    -6.41573303    -6.41855656    -6.15766936
      256     0.00307391    -6.41864005    -6.41556614    -6.41864005    -6.15750733
      257     0.00333212    -6.41871466    -6.41538254    -6.41871466    -6.15734064
      258     0.00359651    -6.41877869    -6.41518218    -6.41877869    -6.15717157
      259     0.00386517    -6.41883040    -6.41496523    -6.41883040    -6.15700252
      260     0.00413591    -6.41886801    -6.41473210    -6.41886801    -6.15683596
      261     0.00440626    -6.41888974    -6.41448348    -6.41888974    -6.15667441
      262     0.00467355    -6.41889379    -6.41422024    -6.41889379    -6.15652052
      263     0.00493491    -6.41887849    -6.41394358    -6.41887849    -6.15637679
      264     0.00518732    -6.41884221    -6.41365489    -6.41884221    -6.15624584
      265     0.00542774    -6.41878340    -6.41335566    -6.41878340    -6.15613029
      266     0.00565311    -6.41870069    -6.41304758    -6.41870069    -6.15603266
      267     0.00586047    -6.41859296    -6.41273249    -6.41859296    -6.15595534
      268     0.00604700    -6.41845930    -6.41241230    -6.41845930    -6.15590064
      269     0.00621016    -6.41829906    -6.41208890    -6.41829906    -6.15587070
      270     0.00634764    -6.41811185    -6.41176421    -6.41811185    -6.15586744
      271     0.00645752    -6.41789757    -6.41144005    -6.41789757    -6.15589248
      272     0.00653822    -6.41765643    -6.41111821    -6.41765643    -6.15594715
      273     0.00658849    -6.41738885    -6.41080036    -6.41738885    -6.15603238
      274     0.00660750    -6.41709554    -6.41048804    -6.41709554    -6.15614868
      275     0.00659491    -6.41677741    -6.41018250    -6.41677741    -6.15629609
      276     0.00655073    -6.41643558    -6.40988485    -6.41643558    -6.15647413
      277     0.00647536    -6.41607134    -6.40959598    -6.41607134    -6.15668178
      278     0.00636950    -6.41568613    -6.40931663    -6.41568613    -6.15691750
      279     0.00623420    -6.41528150    -6.40904730    -6.41528150    -6.15717926
      280     0.00607079    -6.41485916    -6.40878837    -6.41485916    -6.15746449
      281     0.00588087    -6.41442095    -6.40854008    -6.41442095    -6.15777023
      282     0.00566631    -6.41396887    -6.40830256    -6.41396887    -6.15809311
      283     0.00542924    -6.41350509    -6.40807585    -6.41350509    -6.15842944
      284     0.00517190    -6.41303201    -6.40786011    -6.41303201    -6.15877532
      285     0.00489699    -6.41255230    -6.40765531    -6.41255230    -6.15912659
      286     0.00460771    -6.41206892    -6.40746121    -6.41206892    -6.15947907
      287     0.00430738    -6.41158512    -6.40727774    -6.41158512    -6.15982850
      288     0.00399965    -6.41110453    -6.40710488    -6.41110453    -6.16017058
      289     0.00368857    -6.41063111    -6.40694254    -6.41063111    -6.16050104
      290     0.00337851    -6.41016914    -6.40679063    -6.41016914    -6.16081564
      291     0.00307419    -6.40972323    -6.40664904    -6.40972323    -6.16111010
      292     0.00278071    -6.40929827    -6.40651756    -6.40929827    -6.16138018
      293     0.00250351    -6.40889928    -6.40639577    -6.40889928    -6.16162166
      294     0.00224833    -6.40853148    -6.40628315    -6.40853148    -6.16183036
      295     0.00202128    -6.40820008    -6.40617880    -6.40820008    -6.16200219
      296     0.00182870    -6.40791024    -6.40608154    -6.40791024    -6.16213322
      297     0.00167728    -6.40766684    -6.40598956    -6.40766684    -6.16221984
      298     0.00157378    -6.40747454    -6.40590076    -6.40747454    -6.16225887
      299     0.00152508    -6.40733749    -6.40581241    -6.40733749    -6.16224770
      300     0.00153816    -6.40725927    -6.40572111    -6.40725927    -6.16218450
