#    Step        Prob(0)        Prob(1)        
        0     0.00000000     0.00000000
        1     0.00000002     0.00000000
        2     0.00000000     0.00000000
        3     0.00000002     0.00000000
        4     0.00000000     0.00000000
        5     0.00000001     0.00000000
        6     0.00000000     0.00000000
        7     0.00000000     0.00000000
        8     0.00000000     0.00000000
        9     0.00000000     0.00000000
       10     0.00000000     0.00000000
       11     0.00000000     0.00000000
       12     0.00000000     0.00000000
       13     0.00000000     0.00000000
       14     0.00009526     0.00000000
       15     0.00000000     0.00000000
       16     0.00001184     0.00000000
       17     0.00001561     0.00000000
       18     0.00000000     0.00000000
       19     0.00001790     0.00000000
       20     0.00000847     0.00000000
       21     0.00001169     0.00000000
       22     0.00001407     0.00000000
       23     0.00001223     0.00000000
       24     0.00001356     0.00000000
       25     0.00001402     0.00000000
       26     0.00001376     0.00000000
       27     0.00001417     0.00000000
       28     0.00001436     0.00000000
       29     0.00001420     0.00000000
       30     0.00001405     0.00000000
       31     0.00001377     0.00000000
       32     0.00001322     0.00000000
       33     0.00001250     0.00000000
       34     0.00001165     0.00000000
       35     0.00001066     0.00000000
       36     0.00000957     0.00000000
       37     0.00000844     0.00000000
       38     0.00000733     0.00000000
       39     0.00000627     0.00000000
       40     0.00000530     0.00000000
       41     0.00000445     0.00000000
       42     0.00000372     0.00000000
       43     0.00000311     0.00000000
       44     0.00000260     0.00000000
       45     0.00000219     0.00000000
       46     0.00000185     0.00000000
       47     0.00000156     0.00000000
       48     0.00000131     0.00000000
       49     0.00000110     0.00000000
       50     0.00000092     0.00000000
       51     0.00000075     0.00000000
       52     0.00000058     0.00000000
       53     0.00000043     0.00000000
       54     0.00000031     0.00000000
       55     0.00000021     0.00000000
       56     0.00000013     0.00000000
       57     0.00000005     0.00000000
       58     0.00000000     0.00000000
       59     0.00000000     0.00000000
       60     0.00000000     0.00000000
       61     0.00000000     0.00000000
       62     0.00000000     0.00000000
       63     0.00000000     0.00000000
       64     0.00000000     0.00000000
       65     0.00000000     0.00000000
       66     0.00000000     0.00000000
       67     0.00000000     0.00000000
       68     0.00000000     0.00000000
       69     0.00000000     0.00000000
       70     0.00000000     0.00000000
       71     0.00000000     0.00000000
       72     0.00000000     0.00000000
       73     0.00000000     0.00000000
       74     0.00000000     0.00000000
       75     0.00000000     0.00000000
       76     0.00000000     0.00000000
       77     0.00000000     0.00000000
       78     0.00000003     0.00000000
       79     0.00000006     0.00000000
       80     0.00000010     0.00000000
       81     0.00000014     0.00000000
       82     0.00000018     0.00000000
       83     0.00000023     0.00000000
       84     0.00000027     0.00000000
       85     0.00000032     0.00000000
       86     0.00000036     0.00000000
       87     0.00000041     0.00000000
       88     0.00000045     0.00000000
       89     0.00000049     0.00000000
       90     0.00000053     0.00000000
       91     0.00000057     0.00000000
       92     0.00000062     0.00000000
       93     0.00000067     0.00000000
       94     0.00000074     0.00000000
       95     0.00000083     0.00000000
       96     0.00000096     0.00000000
       97     0.00000114     0.00000000
       98     0.00000139     0.00000000
       99     0.00000176     0.00000000
      100     0.00000230     0.00000000
      101     0.00000312     0.00000000
      102     0.00000439     0.00000000
      103     0.00000637     0.00000000
      104     0.00000956     0.00000000
      105     0.00001478     0.00000000
      106     0.00002348     0.00000000
      107     0.00003832     0.00000000
      108     0.00006416     0.00000000
      109     0.00011026     0.00000000
      110     0.00019476     0.00000000
      111     0.00035459     0.00000000
      112     0.00066835     0.00000000
      113     0.00131250     0.00000000
      114     0.00270945     0.00000000
      115     0.00594918     0.00000000
      116     0.01408447     0.00000000
      117     0.03621970     0.00000000
      118     0.09769655     0.00000000
      119     0.23112993     0.00000000
      120     0.00000000     0.00000000
      121     0.00000000     0.00000000
      122     0.00000000     0.00000000
      123     0.00000000     0.00000000
      124     0.00000000     0.00000000
      125     0.00000000     0.00000000
      126     0.00000000     0.00081474
      127     0.00000000     0.00220747
      128     0.00000000     0.00210952
      129     0.00000000     0.00125703
      130     0.00000000     0.00025898
      131     0.00000000     0.00000000
      132     0.00000000     0.00000000
      133     0.00000000     0.00013138
      134     0.00000000     0.00092860
      135     0.00000000     0.00143316
      136     0.00000000     0.00123441
      137     0.00000000     0.00034839
      138     0.00000000     0.00000000
      139     0.00000000     0.00000000
      140     0.00000000     0.00000000
      141     0.00000000     0.00024288
      142     0.00000000     0.00081734
      143     0.00000000     0.00053263
      144     0.00000000     0.00000000
      145     0.00000000     0.00000000
      146     0.00000000     0.00000000
      147     0.00000000     0.00034368
      148     0.00000000     0.00025337
      149     0.00000000     0.00000000
      150     0.00000000     0.00000000
      151     0.00000000     0.00012591
      152     0.00000000     0.00016987
      153     0.00000000     0.00000000
      154     0.00000000     0.00000000
      155     0.00000000     0.00012823
      156     0.00000000     0.00010066
      157     0.00000000     0.00003023
      158     0.00000000     0.00010856
      159     0.00000000     0.00013236
      160     0.00000000     0.00006484
      161     0.00000000     0.00005755
      162     0.00000000     0.00003093
      163     0.00000000     0.00000000
      164     0.00000000     0.00000000
      165     0.00000000     0.00000000
      166     0.00000000     0.00000000
      167     0.00000000     0.00000000
      168     0.00000000     0.00000000
      169     0.00000000     0.00000000
      170     0.00000000     0.00000000
      171     0.00000000     0.00000000
      172     0.00000000     0.00000000
      173     0.00000000     0.00000000
      174     0.00000000     0.00000000
      175     0.00000000     0.00000000
      176     0.00000000     0.00000000
      177     0.00000000     0.00000000
      178     0.00000000     0.00000000
      179     0.00000000     0.00000000
      180     0.00000000     0.00000000
      181     0.00000000     0.00000000
      182     0.00000000     0.00000000
      183     0.00000000     0.00000000
      184     0.00000000     0.00000000
      185     0.00000000     0.00000000
      186     0.00000000     0.00000000
      187     0.00000000     0.00000000
      188     0.00000000     0.00000000
      189     0.00000000     0.00000000
      190     0.00000000     0.00000000
      191     0.00000000     0.00000000
      192     0.00000000     0.00000000
      193     0.00000000     0.00000000
      194     0.00000000     0.00000000
      195     0.00000000     0.00000000
      196     0.00000000     0.00000000
      197     0.00000000     0.00000000
      198     0.00000000     0.00000000
      199     0.00000000     0.00000000
      200     0.00000000     0.00000000
      201     0.00000000     0.00000000
      202     0.00000000     0.00000000
      203     0.00000000     0.00000000
      204     0.00000000     0.00000000
      205     0.00000000     0.00000000
      206     0.00000000     0.00000000
      207     0.00000000     0.00000000
      208     0.00000000     0.00000000
      209     0.00000000     0.00000000
      210     0.00000000     0.00000000
      211     0.00000000     0.00000000
      212     0.00000000     0.00000000
      213     0.00000000     0.00000000
      214     0.00000000     0.00000000
      215     0.00000000     0.00000000
      216     0.00000000     0.00000000
      217     0.00000000     0.00000000
      218     0.00000000     0.00000000
      219     0.00000000     0.00000000
      220     0.00000000     0.00000000
      221     0.00000000     0.00000000
      222     0.00000000     0.00000000
      223     0.00000000     0.00000000
      224     0.00000000     0.00000000
      225     0.00000000     0.00000000
      226     0.00000000     0.00000000
      227     0.00000000     0.00000000
      228     0.00000000     0.00000000
      229     0.00000000     0.00000000
      230     0.00000000     0.00000000
      231     0.00000000     0.00000000
      232     0.00000000     0.00000000
      233     0.00000000     0.00000000
      234     0.00000000     0.00000000
      235     0.00000000     0.00000000
      236     0.00000000     0.00000000
      237     0.00000000     0.00000000
      238     0.00000000     0.00000000
      239     0.00000000     0.00000001
      240     0.00000000     0.00000001
      241     0.00000000     0.00000001
      242     0.00000000     0.00000001
      243     0.00000000     0.00000001
      244     0.00000000     0.00000001
      245     0.00000000     0.00000001
      246     0.00000000     0.00000001
      247     0.00000000     0.00000001
      248     0.00000000     0.00000001
      249     0.00000000     0.00000001
      250     0.00000000     0.00000001
      251     0.00000000     0.00000001
      252     0.00000000     0.00000001
      253     0.00000000     0.00000002
      254     0.00000000     0.00000002
      255     0.00000000     0.00000002
      256     0.00000000     0.00000002
      257     0.00000000     0.00000002
      258     0.00000000     0.00000003
      259     0.00000000     0.00000003
      260     0.00000000     0.00000003
      261     0.00000000     0.00000004
      262     0.00000000     0.00000004
      263     0.00000000     0.00000004
      264     0.00000000     0.00000005
      265     0.00000000     0.00000005
      266     0.00000000     0.00000005
      267     0.00000000     0.00000005
      268     0.00000000     0.00000005
      269     0.00000000     0.00000005
      270     0.00000000     0.00000005
      271     0.00000000     0.00000004
      272     0.00000000     0.00000003
      273     0.00000000     0.00000002
      274     0.00000000     0.00000001
      275     0.00000000     0.00000000
      276     0.00000000     0.00000000
      277     0.00000000     0.00000000
      278     0.00000000     0.00000000
      279     0.00000000     0.00000000
      280     0.00000000     0.00000000
      281     0.00000000     0.00000000
      282     0.00000000     0.00000000
      283     0.00000000     0.00000000
      284     0.00000000     0.00000000
      285     0.00000000     0.00000001
      286     0.00000000     0.00000003
      287     0.00000000     0.00000005
      288     0.00000000     0.00000007
      289     0.00000000     0.00000008
      290     0.00000000     0.00000009
      291     0.00000000     0.00000009
      292     0.00000000     0.00000010
      293     0.00000000     0.00000010
      294     0.00000000     0.00000010
      295     0.00000000     0.00000009
      296     0.00000000     0.00000009
      297     0.00000000     0.00000009
      298     0.00000000     0.00000009
      299     0.00000000     0.00000008
      300     0.00000000     0.00000009
