#    Step     Kinetic(H)     Potential(H)   Total(H)       E(0)(H)        E(1)(H)        E(2)(H)        
        0     0.00236513    -4.92568586    -4.92332074    -5.26980639    -5.03523555    -4.92568586
        1     0.00177919    -4.92512264    -4.92334344    -5.26950041    -5.03463558    -4.92512264
        2     0.00277564    -4.92609850    -4.92332286    -5.26977804    -5.03506020    -4.92609850
        3     0.00532672    -4.92864239    -4.92331567    -5.27059471    -5.03650161    -4.92864239
        4     0.00931779    -4.93259054    -4.92327274    -5.27182341    -5.03875929    -4.93259054
        5     0.01452209    -4.93781930    -4.92329721    -5.27326699    -5.04163610    -4.93781930
        6     0.02055607    -4.94404665    -4.92349058    -5.27468019    -5.04488676    -4.94404665
        7     0.02686107    -4.95090009    -4.92403902    -5.27580073    -5.04813876    -4.95090009
        8     0.03276396    -4.95795282    -4.92518886    -5.27638558    -5.05111232    -4.95795282
        9     0.03760213    -4.96487034    -4.92726822    -5.27624724    -5.05354642    -4.96487034
       10     0.04086961    -4.97129258    -4.93042297    -5.27528287    -5.05526476    -4.97129258
       11     0.04234760    -4.97706677    -4.93471917    -5.27348669    -5.05615128    -4.97706677
       12     0.04216998    -4.98205560    -4.93988562    -5.27094192    -5.05628920    -4.98205560
       13     0.04077522    -4.98626221    -4.94548699    -5.26779867    -5.05571841    -4.98626221
       14     0.03873880    -4.98979345    -4.95105465    -5.26423728    -5.05458248    -4.98979345
       15     0.08807927    -5.05312442    -4.96504515    -5.26042727    -5.05312442    -4.99274531
       16     0.07274306    -5.05040106    -4.97765800    -5.25435973    -5.05040106    -4.99630608
       17     0.05985973    -5.04752894    -4.98766921    -5.24851091    -5.04752894    -4.99883611
       18     0.04958373    -5.04479237    -4.99520864    -5.24309164    -5.04479237    -5.00069320
       19     0.00611645    -5.00211326    -4.99599681    -5.23819082    -5.04239050    -5.00211326
       20     0.00611660    -5.00274609    -4.99662949    -5.23654519    -5.04162686    -5.00274609
       21     0.00639355    -5.00353312    -4.99713957    -5.23512727    -5.04109092    -5.00353312
       22     0.00686229    -5.00450102    -4.99763872    -5.23389020    -5.04069909    -5.00450102
       23     0.00744162    -5.00559192    -4.99815031    -5.23277615    -5.04043027    -5.00559192
       24     0.00805169    -5.00670437    -4.99865269    -5.23172039    -5.04018299    -5.00670437
       25     0.00861735    -5.00780953    -4.99919218    -5.23065734    -5.03989168    -5.00780953
       26     0.00907308    -5.00881011    -4.99973703    -5.22952646    -5.03953254    -5.00881011
       27     0.00936766    -5.00969225    -5.00032459    -5.22827714    -5.03901820    -5.00969225
       28     0.00946828    -5.01038304    -5.00091476    -5.22687322    -5.03831252    -5.01038304
       29     0.00936318    -5.01090097    -5.00153779    -5.22529644    -5.03739722    -5.01090097
       30     0.00906183    -5.01117366    -5.00211183    -5.22354792    -5.03627344    -5.01117366
       31     0.00859274    -5.01125781    -5.00266506    -5.22164760    -5.03496111    -5.01125781
       32     0.00799991    -5.01119030    -5.00319038    -5.21963238    -5.03349713    -5.01119030
       33     0.00733810    -5.01098523    -5.00364713    -5.21755309    -5.03189559    -5.01098523
       34     0.00666689    -5.01073901    -5.00407212    -5.21546941    -5.03028964    -5.01073901
       35     0.00604442    -5.01051392    -5.00446951    -5.21344361    -5.02870483    -5.01051392
       36     0.00552127    -5.01033143    -5.00481015    -5.21153389    -5.02716261    -5.01033143
       37     0.00513501    -5.01023883    -5.00510381    -5.20978757    -5.02578378    -5.01023883
       38     0.00490612    -5.01030373    -5.00539761    -5.20823551    -5.02456246    -5.01030373
       39     0.00483583    -5.01053701    -5.00570119    -5.20688857    -5.02347277    -5.01053701
       40     0.00490636    -5.01085504    -5.00594868    -5.20573663    -5.02257807    -5.01085504
       41     0.00508385    -5.01133939    -5.00625554    -5.20475100    -5.02184969    -5.01133939
       42     0.00532320    -5.01187387    -5.00655067    -5.20388901    -5.02120819    -5.01187387
       43     0.00557430    -5.01240806    -5.00683375    -5.20310022    -5.02060315    -5.01240806
       44     0.00578883    -5.01292757    -5.00713874    -5.20233351    -5.02005694    -5.01292757
       45     0.00592652    -5.01335074    -5.00742422    -5.20154395    -5.01945113    -5.01335074
       46     0.00595963    -5.01371711    -5.00775748    -5.20069760    -5.01878852    -5.01371711
       47     0.00587519    -5.01389647    -5.00802129    -5.19977448    -5.01808589    -5.01389647
       48     0.00567550    -5.01399449    -5.00831899    -5.19877002    -5.01726518    -5.01399449
       49     0.00775346    -5.01644718    -5.00869372    -5.19769477    -5.01644718    -5.01394823
       50     0.00650730    -5.01550168    -5.00899437    -5.19645527    -5.01550168    -5.01381121
       51     0.00556360    -5.01484636    -5.00928276    -5.19539571    -5.01484636    -5.01356013
       52     0.00492221    -5.01443001    -5.00950780    -5.19453837    -5.01443001    -5.01325403
       53     0.00459815    -5.01431615    -5.00971800    -5.19391002    -5.01431615    -5.01295642
       54     0.00277981    -5.01265400    -5.00987419    -5.19353410    -5.01456497    -5.01265400
       55     0.00245779    -5.01242242    -5.00996462    -5.19337601    -5.01488462    -5.01242242
       56     0.00222475    -5.01230226    -5.01007751    -5.19329260    -5.01524220    -5.01230226
       57     0.00208821    -5.01222765    -5.01013944    -5.19329149    -5.01568208    -5.01222765
       58     0.00204493    -5.01226942    -5.01022449    -5.19337002    -5.01616485    -5.01226942
       59     0.00208291    -5.01237903    -5.01029612    -5.19351638    -5.01667870    -5.01237903
       60     0.00218361    -5.01253745    -5.01035383    -5.19371154    -5.01720461    -5.01253745
       61     0.00232430    -5.01275750    -5.01043320    -5.19393159    -5.01771865    -5.01275750
       62     0.00248030    -5.01297609    -5.01049578    -5.19415018    -5.01815774    -5.01297609
       63     0.00262725    -5.01316684    -5.01053959    -5.19434093    -5.01856899    -5.01316684
       64     0.00274308    -5.01334241    -5.01059933    -5.19447975    -5.01885480    -5.01334241
       65     0.00280994    -5.01348304    -5.01067310    -5.19454688    -5.01906893    -5.01348304
       66     0.00281575    -5.01353841    -5.01072266    -5.19452875    -5.01912430    -5.01353841
       67     0.00275545    -5.01353923    -5.01078378    -5.19441932    -5.01905162    -5.01353923
       68     0.00263163    -5.01345108    -5.01081945    -5.19422093    -5.01888998    -5.01345108
       69     0.00245469    -5.01328488    -5.01083019    -5.19394449    -5.01857679    -5.01328488
       70     0.00224234    -5.01309644    -5.01085410    -5.19360904    -5.01820459    -5.01309644
       71     0.00201809    -5.01291136    -5.01089326    -5.19324022    -5.01776227    -5.01291136
       72     0.00180900    -5.01272253    -5.01091353    -5.19286765    -5.01727945    -5.01272253
       73     0.00164282    -5.01256048    -5.01091765    -5.19252184    -5.01682340    -5.01256048
       74     0.00154466    -5.01245282    -5.01090815    -5.19223044    -5.01638499    -5.01245282
       75     0.00153363    -5.01242050    -5.01088687    -5.19201437    -5.01602193    -5.01242050
       76     0.00162000    -5.01251138    -5.01089138    -5.19188476    -5.01574532    -5.01251138
       77     0.00180347    -5.01268817    -5.01088470    -5.19184105    -5.01551787    -5.01268817
       78     0.00207285    -5.01293842    -5.01086557    -5.19187081    -5.01540063    -5.01293842
       79     0.00240710    -5.01327606    -5.01086897    -5.19195120    -5.01529727    -5.01327606
       80     0.00277752    -5.01359729    -5.01081978    -5.19205194    -5.01525101    -5.01359729
       81     0.00315015    -5.01394168    -5.01079153    -5.19213908    -5.01522790    -5.01394168
       82     0.00348634    -5.01420218    -5.01071584    -5.19217908    -5.01515766    -5.01420218
       83     0.00373854    -5.01442370    -5.01068516    -5.19214336    -5.01508519    -5.01442370
       84     0.00385708    -5.01444688    -5.01058980    -5.19201954    -5.01503487    -5.01444688
       85     0.00386142    -5.01437918    -5.01051776    -5.19184160    -5.01500392    -5.01437918
       86     0.00385072    -5.01428354    -5.01043282    -5.19167246    -5.01501853    -5.01428354
       87     0.00388876    -5.01423242    -5.01034365    -5.19154783    -5.01507765    -5.01423242
       88     0.00397126    -5.01423317    -5.01026190    -5.19147508    -5.01518865    -5.01423317
       89     0.00407523    -5.01424247    -5.01016724    -5.19144763    -5.01538170    -5.01424247
       90     0.00419959    -5.01425726    -5.01005767    -5.19146243    -5.01569049    -5.01425726
       91     0.00436511    -5.01431993    -5.00995482    -5.19152510    -5.01608390    -5.01431993
       92     0.00459535    -5.01443834    -5.00984299    -5.19164351    -5.01660655    -5.01443834
       93     0.00490594    -5.01461619    -5.00971025    -5.19182136    -5.01722539    -5.01461619
       94     0.00530203    -5.01484999    -5.00954797    -5.19205516    -5.01790019    -5.01484999
       95     0.00577857    -5.01520203    -5.00942346    -5.19233370    -5.01865646    -5.01520203
       96     0.00632166    -5.01554398    -5.00922232    -5.19263890    -5.01943941    -5.01554398
       97     0.00691054    -5.01596304    -5.00905250    -5.19294771    -5.02026271    -5.01596304
       98     0.00751993    -5.01639678    -5.00887686    -5.19323446    -5.02102719    -5.01639678
       99     0.00812252    -5.01678249    -5.00865997    -5.19347316    -5.02178039    -5.01678249
      100     0.00869137    -5.01716952    -5.00847815    -5.19363970    -5.02242467    -5.01716952
      101     0.00920214    -5.01750062    -5.00829848    -5.19371356    -5.02301302    -5.01750062
      102     0.00963531    -5.01772389    -5.00808857    -5.19367958    -5.02345678    -5.01772389
      103     0.00997832    -5.01790461    -5.00792629    -5.19352955    -5.02378450    -5.01790461
      104     0.01022726    -5.01800604    -5.00777877    -5.19326349    -5.02399617    -5.01800604
      105     0.01038790    -5.01807381    -5.00768591    -5.19289028    -5.02410070    -5.01807381
      106     0.01047565    -5.01805217    -5.00757652    -5.19242765    -5.02407906    -5.01805217
      107     0.01051460    -5.01804029    -5.00752569    -5.19190127    -5.02399368    -5.01804029
      108     0.01053553    -5.01803352    -5.00749799    -5.19134326    -5.02387666    -5.01803352
      109     0.01057237    -5.01806736    -5.00749499    -5.19078911    -5.02372675    -5.01806736
      110     0.01065742    -5.01821324    -5.00755583    -5.19027351    -5.02365214    -5.01821324
      111     0.01081610    -5.01842685    -5.00761075    -5.18982563    -5.02360850    -5.01842685
      112     0.01106173    -5.01880056    -5.00773883    -5.18946435    -5.02365146    -5.01880056
      113     0.01139133    -5.01926554    -5.00787421    -5.18919435    -5.02378571    -5.01926554
      114     0.01178367    -5.01988373    -5.00810006    -5.18900405    -5.02399965    -5.01988373
      115     0.01220005    -5.02055422    -5.00835417    -5.18886605    -5.02430265    -5.02055422
      116     0.01258815    -5.02127379    -5.00868564    -5.18874039    -5.02461798    -5.02127379
      117     0.01288871    -5.02195869    -5.00906998    -5.18858006    -5.02489864    -5.02195869
      118     0.01304418    -5.02256236    -5.00951818    -5.18833849    -5.02520831    -5.02256236
      119     0.01300880    -5.02304643    -5.01003763    -5.18797733    -5.02539838    -5.02304643
      120     0.01275962    -5.02335118    -5.01059157    -5.18747360    -5.02555614    -5.02335118
