#     Density Matrix: coherence Re-Im; see the manual for detail orders
        0     0.00000000     0.00000000
        1     0.00001651     0.00366211
        2     0.00070609     0.00005283
        3    -0.00008008     0.00044040
        4     0.00056156    -0.00088695
        5     0.00018633    -0.00144853
        6     0.00049092    -0.00217398
        7     0.00046543    -0.00299183
        8     0.00061401    -0.00379912
        9     0.00071381    -0.00479344
       10     0.00078829    -0.00578507
       11     0.00083974    -0.00672429
       12     0.00084748    -0.00742914
       13     0.00088718    -0.00784675
       14     0.00096694    -0.00807109
       15     0.00107276    -0.00821297
       16     0.00117925    -0.00836411
       17     0.00125351    -0.00854771
       18     0.00127097    -0.00873151
       19     0.00121675    -0.00884261
       20     0.00109353    -0.00879060
       21     0.00092359    -0.00849627
       22     0.00073909    -0.00792605
       23     0.00056607    -0.00710937
       24     0.00041465    -0.00613037
       25     0.00028350    -0.00509442
       26     0.00017834    -0.00410011
       27     0.00011675    -0.00323016
       28     0.00011076    -0.00254420
       29     0.00014625    -0.00206345
       30     0.00017689    -0.00175326
       31     0.00014150    -0.00151699
       32     0.00000276    -0.00122174
       33    -0.00022821    -0.00075675
       34    -0.00050977    -0.00007551
       35    -0.00079870     0.00081262
       36    -0.00105388     0.00186830
       37    -0.00123246     0.00302639
       38    -0.00130248     0.00418790
       39    -0.00126770     0.00522841
       40    -0.00116900     0.00603435
       41    -0.00105322     0.00653619
       42    -0.00094286     0.00671952
       43    -0.00083296     0.00661208
       44    -0.00070612     0.00626009
       45    -0.00054850     0.00570233
       46    -0.00035725     0.00495796
       47    -0.00014488     0.00403494
       48     0.00006582     0.00296128
       49     0.00025466     0.00180487
       50     0.00041765     0.00065659
       51     0.00056318    -0.00041682
       52     0.00069525    -0.00139132
       53     0.00080309    -0.00226535
       54     0.00086587    -0.00302785
       55     0.00086335    -0.00364414
       56     0.00078884    -0.00406059
       57     0.00065442    -0.00422787
       58     0.00049041    -0.00412806
       59     0.00032847    -0.00379533
       60     0.00018880    -0.00330151
       61     0.00007549    -0.00273117
       62    -0.00000920    -0.00215474
       63    -0.00004713    -0.00163788
       64    -0.00001628    -0.00124980
       65     0.00009238    -0.00105471
       66     0.00026183    -0.00109230
       67     0.00044579    -0.00134906
       68     0.00059293    -0.00174089
       69     0.00068712    -0.00214950
       70     0.00074769    -0.00249452
       71     0.00078460    -0.00275499
       72     0.00078849    -0.00293077
       73     0.00074779    -0.00301802
       74     0.00066827    -0.00300681
       75     0.00057800    -0.00290288
       76     0.00050706    -0.00273448
       77     0.00047585    -0.00254437
       78     0.00049579    -0.00238017
       79     0.00057604    -0.00229017
       80     0.00072765    -0.00232306
       81     0.00096281    -0.00252784
       82     0.00129033    -0.00295241
       83     0.00171041    -0.00364022
       84     0.00219560    -0.00461752
       85     0.00267517    -0.00585619
       86     0.00305024    -0.00723724
       87     0.00321867    -0.00854793
       88     0.00309996    -0.00953079
       89     0.00262296    -0.00996014
       90     0.00166007    -0.00965811
       91    -0.00003698    -0.00843392
       92    -0.00286037    -0.00601042
       93    -0.00737088    -0.00199020
       94    -0.01434758     0.00415201
       95    -0.02483989     0.01305455
       96    -0.04018685     0.02544018
       97    -0.06183492     0.04206877
       98    -0.09063853     0.06363468
       99    -0.12538894     0.09055696
      100    -0.16119964     0.12264741
      101    -0.18992436     0.15875112
      102    -0.20386998     0.19655797
      103    -0.19979290     0.23277774
      104    -0.17956936     0.26374660
      105    -0.14826121     0.28631948
      106    -0.11193518     0.29870542
      107    -0.07606322     0.30086775
      108    -0.04448782     0.29430033
      109    -0.01903501     0.28134159
      110     0.00014688     0.26443758
      111     0.01384174     0.24569809
      112     0.02312314     0.22680667
      113     0.02921585     0.20913183
      114     0.03431900     0.19380174
      115     0.04571616     0.18156083
      116     0.11339443     0.17206734
      117    -0.41162814     0.17489797
      118    -0.23989595     0.18783981
      119    -0.17613099     0.20152888
      120    -0.11797012     0.21133527
      121    -0.04681519     0.20362892
      122     0.02449185     0.16527020
      123     0.07003335     0.09758468
      124     0.07029055     0.02511737
      125     0.03407305    -0.01788651
      126    -0.00388198    -0.01888663
      127    -0.01630879     0.00050539
      128    -0.00812158     0.01161629
      129    -0.00009257     0.00896666
      130    -0.00010734     0.00437739
      131    -0.00218611     0.00414185
      132    -0.00230621     0.00530544
      133    -0.00196634     0.00568025
      134    -0.00214101     0.00611297
      135    -0.00230653     0.00695387
      136    -0.00236634     0.00794172
      137    -0.00232613     0.00905245
      138    -0.00181758     0.00986497
      139    -0.00041140     0.00903550
      140     0.00053841     0.00623893
      141     0.00043819     0.00352457
      142     0.00028209     0.00195428
      143     0.00018083     0.00104809
      144     0.00011500     0.00053090
      145     0.00007706     0.00022000
      146     0.00005834     0.00000835
      147     0.00005167    -0.00017017
      148     0.00004677    -0.00034402
      149     0.00002300    -0.00048457
      150    -0.00003231    -0.00050041
      151    -0.00006754    -0.00035752
      152    -0.00005380    -0.00016304
      153    -0.00003312    -0.00002191
      154    -0.00002365     0.00006165
      155    -0.00001973     0.00011166
      156    -0.00001959     0.00014207
      157    -0.00001722     0.00015819
      158    -0.00000835     0.00015181
      159     0.00001509     0.00010450
      160     0.00006259    -0.00001591
      161     0.00014681    -0.00025084
      162     0.00028674    -0.00065590
      163     0.00051177    -0.00131574
      164     0.00085391    -0.00235571
      165     0.00128854    -0.00387525
      166     0.00160697    -0.00568532
      167     0.00151686    -0.00706997
      168     0.00112548    -0.00730867
      169     0.00078021    -0.00651698
      170     0.00056681    -0.00532751
      171     0.00041549    -0.00414325
      172     0.00029215    -0.00310368
      173     0.00019150    -0.00224703
      174     0.00011813    -0.00157634
      175     0.00007684    -0.00108694
      176     0.00007099    -0.00077100
      177     0.00009924    -0.00062079
      178     0.00015472    -0.00062206
      179     0.00022475    -0.00074767
      180     0.00029462    -0.00095277
      181     0.00035384    -0.00118557
      182     0.00039760    -0.00140361
      183     0.00041962    -0.00157701
      184     0.00040962    -0.00167683
      185     0.00035668    -0.00166870
      186     0.00025299    -0.00151392
      187     0.00010652    -0.00118576
      188    -0.00005559    -0.00070183
      189    -0.00019984    -0.00013509
      190    -0.00030664     0.00041699
      191    -0.00037648     0.00088513
      192    -0.00042023     0.00125065
      193    -0.00044929     0.00153116
      194    -0.00047122     0.00175571
      195    -0.00048842     0.00194717
      196    -0.00049895     0.00211345
      197    -0.00049615     0.00224395
      198    -0.00047435     0.00231347
      199    -0.00043105     0.00229753
      200    -0.00036913     0.00218522
      201    -0.00029547     0.00198474
      202    -0.00021698     0.00171577
      203    -0.00013951     0.00140024
      204    -0.00006799     0.00105970
      205    -0.00000642     0.00071605
      206     0.00004194     0.00039156
      207     0.00007215     0.00011026
      208     0.00007786    -0.00009943
      209     0.00005435    -0.00020728
      210     0.00000119    -0.00018838
      211    -0.00007748    -0.00002931
      212    -0.00017277     0.00026884
      213    -0.00026841     0.00068282
      214    -0.00034424     0.00115541
      215    -0.00038230     0.00159695
      216    -0.00037555     0.00191308
      217    -0.00032870     0.00204582
      218    -0.00025363     0.00198863
      219    -0.00016772     0.00177757
      220    -0.00008738     0.00147111
      221    -0.00001945     0.00112240
      222     0.00003821     0.00075880
      223     0.00008440     0.00038880
      224     0.00010780     0.00003299
      225     0.00010702    -0.00027106
      226     0.00009409    -0.00050091
      227     0.00007729    -0.00065777
      228     0.00005968    -0.00075123
      229     0.00004206    -0.00079056
      230     0.00002549    -0.00078315
      231     0.00001008    -0.00073459
      232    -0.00000483    -0.00064784
      233    -0.00002141    -0.00052215
      234    -0.00004274    -0.00035197
      235    -0.00007179    -0.00012897
      236    -0.00011020     0.00015170
      237    -0.00015451     0.00048004
      238    -0.00019790     0.00082503
      239    -0.00023118     0.00114173
      240    -0.00024565     0.00138113
      241    -0.00023874     0.00150367
      242    -0.00021468     0.00149630
      243    -0.00018188     0.00137966
      244    -0.00014827     0.00119703
      245    -0.00012099     0.00099510
      246    -0.00010386     0.00081159
      247    -0.00009706     0.00066804
      248    -0.00009774     0.00057024
      249    -0.00010125     0.00051145
      250    -0.00010251     0.00047734
      251    -0.00009673     0.00045018
      252    -0.00008048     0.00041222
      253    -0.00005255     0.00034889
      254    -0.00001438     0.00025139
      255     0.00003103     0.00011788
      256     0.00008132    -0.00004965
      257     0.00013301    -0.00024762
      258     0.00018558    -0.00047234
      259     0.00023697    -0.00072146
      260     0.00028500    -0.00098805
      261     0.00033125    -0.00126769
      262     0.00038204    -0.00156684
      263     0.00044811    -0.00190775
      264     0.00054324    -0.00232895
      265     0.00067701    -0.00287682
      266     0.00083535    -0.00356856
      267     0.00095644    -0.00431366
      268     0.00096609    -0.00487007
      269     0.00089765    -0.00501011
      270     0.00083606    -0.00476018
      271     0.00079785    -0.00431953
      272     0.00076564    -0.00383623
      273     0.00072943    -0.00337643
      274     0.00068715    -0.00296349
      275     0.00063745    -0.00260124
      276     0.00057590    -0.00228084
      277     0.00049574    -0.00198349
      278     0.00038756    -0.00168267
      279     0.00023990    -0.00134288
      280     0.00004406    -0.00092163
      281    -0.00019664    -0.00038085
      282    -0.00045865     0.00028871
      283    -0.00070557     0.00104743
      284    -0.00090967     0.00182058
      285    -0.00106272     0.00253825
      286    -0.00116449     0.00315881
      287    -0.00121828     0.00366493
      288    -0.00123546     0.00406162
      289    -0.00123494     0.00437286
      290    -0.00123489     0.00463078
      291    -0.00124903     0.00486222
      292    -0.00128148     0.00509058
      293    -0.00131519     0.00533092
      294    -0.00130508     0.00556119
      295    -0.00118259     0.00567688
      296    -0.00089095     0.00547492
      297    -0.00048632     0.00477411
      298    -0.00016666     0.00367697
      299    -0.00002430     0.00256036
      300     0.00001301     0.00169092
      301     0.00000938     0.00110351
      302    -0.00000993     0.00074884
      303    -0.00003459     0.00056634
      304    -0.00006079     0.00050522
      305    -0.00008800     0.00052887
      306    -0.00011719     0.00061493
      307    -0.00014883     0.00075207
      308    -0.00018042     0.00093201
      309    -0.00020183     0.00113248
      310    -0.00019961     0.00130068
      311    -0.00016525     0.00136476
      312    -0.00010989     0.00128423
      313    -0.00005718     0.00109052
      314    -0.00001818     0.00085077
      315     0.00000232     0.00062146
      316     0.00000833     0.00043715
      317     0.00000514     0.00030844
      318    -0.00000092     0.00023070
      319    -0.00000471     0.00018811
      320    -0.00000439     0.00016150
      321    -0.00000081     0.00013581
      322     0.00000426     0.00010341
      323     0.00001111     0.00006081
      324     0.00002078     0.00000383
      325     0.00003517    -0.00007443
      326     0.00005571    -0.00018385
      327     0.00008520    -0.00033774
      328     0.00012503    -0.00055154
      329     0.00017600    -0.00083667
      330     0.00023847    -0.00119846
      331     0.00031442    -0.00164446
      332     0.00041180    -0.00220444
      333     0.00053887    -0.00293460
      334     0.00068332    -0.00386888
      335     0.00077977    -0.00489648
      336     0.00077060    -0.00569834
      337     0.00072680    -0.00600133
      338     0.00071664    -0.00586559
      339     0.00071697    -0.00549715
      340     0.00069423    -0.00500235
      341     0.00063537    -0.00441823
      342     0.00053980    -0.00376545
      343     0.00041202    -0.00306699
      344     0.00025936    -0.00234658
      345     0.00009102    -0.00162357
      346    -0.00008401    -0.00090793
      347    -0.00025878    -0.00019949
      348    -0.00042883     0.00050436
      349    -0.00059239     0.00119672
      350    -0.00075248     0.00186403
      351    -0.00091423     0.00250651
      352    -0.00107535     0.00314296
      353    -0.00122391     0.00379206
      354    -0.00134433     0.00445741
      355    -0.00142053     0.00512232
      356    -0.00143977     0.00574840
      357    -0.00139113     0.00627531
      358    -0.00127155     0.00662330
      359    -0.00108085     0.00670237
      360    -0.00083746     0.00642800
      361    -0.00059821     0.00579334
      362    -0.00042661     0.00493392
      363    -0.00031941     0.00404783
      364    -0.00023849     0.00324335
      365    -0.00015753     0.00252727
      366    -0.00006889     0.00186364
      367     0.00002298     0.00122443
      368     0.00010950     0.00061256
      369     0.00018451     0.00005239
      370     0.00025270    -0.00044453
      371     0.00031212    -0.00089047
      372     0.00036381    -0.00130565
      373     0.00040936    -0.00172138
      374     0.00045461    -0.00217871
      375     0.00051049    -0.00274124
      376     0.00058193    -0.00349071
      377     0.00062002    -0.00443666
      378     0.00048010    -0.00527574
      379     0.00026150    -0.00552663
      380     0.00022282    -0.00515992
      381     0.00023312    -0.00453126
      382     0.00019410    -0.00377038
      383     0.00010846    -0.00291273
      384    -0.00000849    -0.00201153
      385    -0.00014024    -0.00110793
      386    -0.00027380    -0.00024284
      387    -0.00041577     0.00055708
      388    -0.00058227     0.00130837
      389    -0.00078495     0.00206478
      390    -0.00102049     0.00288845
      391    -0.00127080     0.00381773
      392    -0.00149189     0.00483910
      393    -0.00161927     0.00585302
      394    -0.00156617     0.00664112
      395    -0.00126998     0.00684429
      396    -0.00088391     0.00621930
      397    -0.00063415     0.00506470
      398    -0.00050928     0.00393088
      399    -0.00042370     0.00302816
      400    -0.00034777     0.00234405
      401    -0.00027634     0.00182589
      402    -0.00020465     0.00141940
      403    -0.00012898     0.00107520
      404    -0.00004876     0.00075382
      405     0.00003129     0.00043299
      406     0.00010412     0.00011378
      407     0.00016754    -0.00018956
      408     0.00022454    -0.00046945
      409     0.00027774    -0.00073168
      410     0.00032742    -0.00098873
      411     0.00037307    -0.00125369
      412     0.00041423    -0.00153826
      413     0.00045099    -0.00185347
      414     0.00048489    -0.00221212
      415     0.00051637    -0.00262947
      416     0.00054391    -0.00311996
      417     0.00055775    -0.00368612
      418     0.00052729    -0.00427448
      419     0.00040493    -0.00470034
      420     0.00020074    -0.00467195
      421     0.00000540    -0.00403372
      422    -0.00016446    -0.00291333
      423    -0.00033961    -0.00151874
      424    -0.00051435    -0.00001356
      425    -0.00066008     0.00142542
      426    -0.00076365     0.00263544
      427    -0.00083399     0.00355774
      428    -0.00087225     0.00423008
      429    -0.00086316     0.00469353
      430    -0.00078027     0.00492196
      431    -0.00061226     0.00481549
      432    -0.00039355     0.00429218
      433    -0.00019293     0.00342070
      434    -0.00003182     0.00240066
      435     0.00011613     0.00138403
      436     0.00027413     0.00041373
      437     0.00044117    -0.00051102
      438     0.00059767    -0.00137699
      439     0.00070190    -0.00213081
      440     0.00070274    -0.00266559
      441     0.00057197    -0.00285167
      442     0.00034432    -0.00261206
      443     0.00011117    -0.00201262
      444    -0.00005393    -0.00125675
      445    -0.00014927    -0.00055113
      446    -0.00021062     0.00001034
      447    -0.00025612     0.00042773
      448    -0.00027794     0.00071854
      449    -0.00025508     0.00087436
      450    -0.00017511     0.00086340
      451    -0.00005065     0.00066924
      452     0.00008918     0.00031979
      453     0.00021267    -0.00011737
      454     0.00029954    -0.00055768
      455     0.00034225    -0.00092864
      456     0.00033756    -0.00117885
      457     0.00028267    -0.00127258
      458     0.00017794    -0.00118352
      459     0.00003045    -0.00089292
      460    -0.00013724    -0.00039799
      461    -0.00028678     0.00026523
      462    -0.00037466     0.00100276
      463    -0.00036745     0.00166168
      464    -0.00026632     0.00207859
      465    -0.00010762     0.00215720
      466     0.00003802     0.00192383
      467     0.00011066     0.00152448
      468     0.00011606     0.00112116
      469     0.00009341     0.00079522
      470     0.00006789     0.00055219
      471     0.00004648     0.00037200
      472     0.00003103     0.00023667
      473     0.00002069     0.00013517
      474     0.00002009     0.00005469
      475     0.00002614    -0.00002004
      476     0.00004029    -0.00009819
      477     0.00005981    -0.00018635
      478     0.00008090    -0.00028104
      479     0.00009779    -0.00037169
      480     0.00010654    -0.00044374
      481     0.00010666    -0.00048728
      482     0.00010187    -0.00050238
      483     0.00009608    -0.00049920
      484     0.00009071    -0.00048951
      485     0.00008321    -0.00047822
      486     0.00006704    -0.00045598
      487     0.00003186    -0.00039445
      488    -0.00004255    -0.00023598
      489    -0.00023832     0.00018327
      490    -0.00167695     0.00243608
      491    -0.00207549     0.00656710
      492     0.00183332     0.00509846
      493     0.00040061     0.00000556
      494     0.00031544    -0.00029266
      495     0.00049354    -0.00146746
      496     0.00044020    -0.00224061
      497     0.00037968    -0.00289424
      498     0.00019099    -0.00320997
      499    -0.00002253    -0.00305914
      500    -0.00016083    -0.00247686
      501    -0.00017538    -0.00173750
      502    -0.00012779    -0.00113159
      503    -0.00007855    -0.00075051
      504    -0.00004793    -0.00054881
      505    -0.00003455    -0.00045561
      506    -0.00003172    -0.00041996
      507    -0.00003304    -0.00041296
      508    -0.00003352    -0.00041913
      509    -0.00003125    -0.00042767
      510    -0.00002538    -0.00043167
      511    -0.00001597    -0.00043318
      512    -0.00000394    -0.00044073
      513     0.00000989    -0.00046120
      514     0.00002513    -0.00049651
      515     0.00003981    -0.00054281
      516     0.00004967    -0.00058788
      517     0.00004625    -0.00060646
      518     0.00001933    -0.00055732
      519    -0.00003598    -0.00039552
      520    -0.00011152    -0.00010471
      521    -0.00019275     0.00028219
      522    -0.00027261     0.00071228
      523    -0.00035118     0.00115377
      524    -0.00042767     0.00160068
      525    -0.00049737     0.00205544
      526    -0.00055051     0.00251089
      527    -0.00057042     0.00293334
      528    -0.00053403     0.00324410
      529    -0.00042343     0.00331447
      530    -0.00024965     0.00301738
      531    -0.00006577     0.00235148
      532     0.00007509     0.00149704
      533     0.00016261     0.00067323
      534     0.00020822    -0.00000366
      535     0.00022002    -0.00051252
      536     0.00020214    -0.00086992
      537     0.00015904    -0.00109211
      538     0.00009772    -0.00117835
      539     0.00003192    -0.00111864
      540    -0.00002578    -0.00092439
      541    -0.00007621    -0.00063033
      542    -0.00015104    -0.00021508
      543     0.00013140    -0.00018581
      544     0.00003321    -0.00040853
      545     0.00004193    -0.00048319
      546    -0.00000535    -0.00050669
      547    -0.00005924    -0.00037641
      548    -0.00007439    -0.00014550
      549    -0.00005623     0.00006463
      550    -0.00003488     0.00018631
      551    -0.00001621     0.00022212
      552     0.00000188     0.00019067
      553     0.00002333     0.00010715
      554     0.00004908    -0.00001806
      555     0.00007866    -0.00017525
      556     0.00010900    -0.00035550
      557     0.00013292    -0.00054500
      558     0.00014188    -0.00071857
      559     0.00012886    -0.00084021
      560     0.00009334    -0.00087281
      561     0.00004196    -0.00079369
      562    -0.00001800    -0.00060046
      563    -0.00007949    -0.00030847
      564    -0.00013311     0.00004779
      565    -0.00016763     0.00041506
      566    -0.00017719     0.00073314
      567    -0.00016236     0.00095375
      568    -0.00013008     0.00105194
      569    -0.00008875     0.00102736
      570    -0.00004335     0.00089416
      571     0.00000122     0.00067822
      572     0.00003873     0.00042028
      573     0.00006520     0.00016194
      574     0.00007842    -0.00006969
      575     0.00007886    -0.00026074
      576     0.00006458    -0.00039779
      577     0.00003990    -0.00046332
      578     0.00001246    -0.00045115
      579    -0.00001007    -0.00037624
      580    -0.00002534    -0.00026637
      581    -0.00003373    -0.00014464
      582    -0.00003455    -0.00002787
      583    -0.00002390     0.00006173
      584     0.00000426     0.00008506
      585     0.00005228    -0.00000545
      586     0.00011272    -0.00022918
      587     0.00017353    -0.00055011
      588     0.00023103    -0.00090145
      589     0.00027858    -0.00122254
      590     0.00030271    -0.00146209
      591     0.00027992    -0.00156697
      592     0.00018815    -0.00147125
      593     0.00002769    -0.00112243
      594    -0.00016275    -0.00053617
      595    -0.00030608     0.00015952
      596    -0.00032406     0.00073942
      597    -0.00018221     0.00096176
      598     0.00002791     0.00072659
      599     0.00012962     0.00025595
      600     0.00008467    -0.00007280
