#     Density Matrix: population Re; see the manual for detail orders
        0     0.00000000     1.00000000
        1     0.00004605     0.99995395
        2     0.00001422     0.99998578
        3     0.00010453     0.99989547
        4     0.00008811     0.99991189
        5     0.00015486     0.99984514
        6     0.00023721     0.99976279
        7     0.00013465     0.99986535
        8     0.00025852     0.99974148
        9     0.00022417     0.99977583
       10     0.00010479     0.99989521
       11     0.00014726     0.99985274
       12     0.00016002     0.99983998
       13     0.00007101     0.99992899
       14     0.00001269     0.99998731
       15     0.00001493     0.99998507
       16     0.00001849     0.99998151
       17     0.00001550     0.99998450
       18     0.00002824     0.99997176
       19     0.00003931     0.99996069
       20     0.00002441     0.99997559
       21     0.00001261     0.99998739
       22     0.00004612     0.99995388
       23     0.00009424     0.99990576
       24     0.00008480     0.99991520
       25     0.00003394     0.99996606
       26     0.00003918     0.99996082
       27     0.00009588     0.99990412
       28     0.00008557     0.99991443
       29     0.00002496     0.99997504
       30     0.00004469     0.99995531
       31     0.00008001     0.99991999
       32     0.00002791     0.99997209
       33     0.00001274     0.99998726
       34     0.00004373     0.99995627
       35     0.00001345     0.99998655
       36     0.00000357     0.99999643
       37     0.00001627     0.99998373
       38     0.00000693     0.99999307
       39     0.00000553     0.99999447
       40     0.00000466     0.99999534
       41     0.00002030     0.99997970
       42     0.00000551     0.99999449
       43     0.00001396     0.99998604
       44     0.00004369     0.99995631
       45     0.00000851     0.99999149
       46     0.00003528     0.99996472
       47     0.00006907     0.99993093
       48     0.00002054     0.99997946
       49     0.00003726     0.99996274
       50     0.00008478     0.99991522
       51     0.00004542     0.99995458
       52     0.00001420     0.99998580
       53     0.00005041     0.99994959
       54     0.00006065     0.99993935
       55     0.00002076     0.99997924
       56     0.00000063     0.99999937
       57     0.00001035     0.99998965
       58     0.00001263     0.99998737
       59     0.00001415     0.99998585
       60     0.00002387     0.99997613
       61     0.00001418     0.99998582
       62     0.00000598     0.99999402
       63     0.00005141     0.99994859
       64     0.00008686     0.99991314
       65     0.00004247     0.99995753
       66     0.00003858     0.99996142
       67     0.00010488     0.99989512
       68     0.00006993     0.99993007
       69     0.00001759     0.99998241
       70     0.00005495     0.99994505
       71     0.00003100     0.99996900
       72     0.00000038     0.99999962
       73     0.00000453     0.99999547
       74     0.00001485     0.99998515
       75     0.00003384     0.99996616
       76     0.00000633     0.99999367
       77     0.00004141     0.99995859
       78     0.00007223     0.99992777
       79     0.00001984     0.99998016
       80     0.00003879     0.99996121
       81     0.00007521     0.99992479
       82     0.00002948     0.99997052
       83     0.00000878     0.99999122
       84     0.00003929     0.99996071
       85     0.00003605     0.99996395
       86     0.00000615     0.99999385
       87     0.00000260     0.99999740
       88     0.00001587     0.99998413
       89     0.00001590     0.99998410
       90     0.00000672     0.99999328
       91     0.00000385     0.99999615
       92     0.00000606     0.99999394
       93     0.00000667     0.99999333
       94     0.00000814     0.99999186
       95     0.00001233     0.99998767
       96     0.00001086     0.99998914
       97     0.00000208     0.99999792
       98     0.00000419     0.99999581
       99     0.00002363     0.99997637
      100     0.00002964     0.99997036
      101     0.00000808     0.99999192
      102     0.00000713     0.99999287
      103     0.00004466     0.99995534
      104     0.00004485     0.99995515
      105     0.00000896     0.99999104
      106     0.00004426     0.99995574
      107     0.00007447     0.99992553
      108     0.00001965     0.99998035
      109     0.00004721     0.99995279
      110     0.00007012     0.99992988
      111     0.00000942     0.99999058
      112     0.00003884     0.99996116
      113     0.00002653     0.99997347
      114     0.00000054     0.99999946
      115     0.00000750     0.99999250
      116     0.00001964     0.99998036
      117     0.00002360     0.99997640
      118     0.00001539     0.99998461
      119     0.00010233     0.99989767
      120     0.00008517     0.99991483
      121     0.00006467     0.99993533
      122     0.00017108     0.99982892
      123     0.00015675     0.99984325
      124     0.00007711     0.99992289
      125     0.00012129     0.99987871
      126     0.00016422     0.99983578
      127     0.00009570     0.99990430
      128     0.00002251     0.99997749
      129     0.00001231     0.99998769
      130     0.00001414     0.99998586
      131     0.00001906     0.99998094
      132     0.00006184     0.99993816
      133     0.00010066     0.99989934
      134     0.00007963     0.99992037
      135     0.00006973     0.99993027
      136     0.00015051     0.99984949
      137     0.00020745     0.99979255
      138     0.00012810     0.99987190
      139     0.00008035     0.99991965
      140     0.00015664     0.99984336
      141     0.00012586     0.99987414
      142     0.00003411     0.99996589
      143     0.00007200     0.99992800
      144     0.00004716     0.99995284
      145     0.00000052     0.99999948
      146     0.00001360     0.99998640
      147     0.00001213     0.99998787
      148     0.00001324     0.99998676
      149     0.00000383     0.99999617
      150     0.00005581     0.99994419
      151     0.00002836     0.99997164
      152     0.00004255     0.99995745
      153     0.00010744     0.99989256
      154     0.00004388     0.99995612
      155     0.00006963     0.99993037
      156     0.00012587     0.99987413
      157     0.00005874     0.99994126
      158     0.00002894     0.99997106
      159     0.00006617     0.99993383
      160     0.00005702     0.99994298
      161     0.00001652     0.99998348
      162     0.00000187     0.99999813
      163     0.00000153     0.99999847
      164     0.00000038     0.99999962
      165     0.00001460     0.99998540
      166     0.00004519     0.99995481
      167     0.00006379     0.99993621
      168     0.00005179     0.99994821
      169     0.00002337     0.99997663
      170     0.00000377     0.99999623
      171     0.00000016     0.99999984
      172     0.00000180     0.99999820
      173     0.00000199     0.99999801
      174     0.00000882     0.99999118
      175     0.00003077     0.99996923
      176     0.00005785     0.99994215
      177     0.00006654     0.99993346
      178     0.00004679     0.99995321
      179     0.00001773     0.99998227
      180     0.00000785     0.99999215
      181     0.00002156     0.99997844
      182     0.00003571     0.99996429
      183     0.00003045     0.99996955
      184     0.00001183     0.99998817
      185     0.00000031     0.99999969
      186     0.00000782     0.99999218
      187     0.00002670     0.99997330
      188     0.00003444     0.99996556
      189     0.00001988     0.99998012
      190     0.00000667     0.99999333
      191     0.00002501     0.99997499
      192     0.00006264     0.99993736
      193     0.00007809     0.99992191
      194     0.00005849     0.99994151
      195     0.00003338     0.99996662
      196     0.00003877     0.99996123
      197     0.00010575     0.99989425
      198     0.00031368     0.99968632
      199     0.00088077     0.99911923
      200     0.00223867     0.99776133
      201     0.00503223     0.99496777
      202     0.00996874     0.99003126
      203     0.01747054     0.98252946
      204     0.02725142     0.97274858
      205     0.03814117     0.96185883
      206     0.04839664     0.95160336
      207     0.05632215     0.94367785
      208     0.06076488     0.93923512
      209     0.06125326     0.93874674
      210     0.05787573     0.94212427
      211     0.05112393     0.94887607
      212     0.04184431     0.95815569
      213     0.03128033     0.96871967
      214     0.02105035     0.97894965
      215     0.01288171     0.98711829
      216     0.00810412     0.99189588
      217     0.00715374     0.99284626
      218     0.00945487     0.99054513
      219     0.01376999     0.98623001
      220     0.01874348     0.98125652
      221     0.02331329     0.97668671
      222     0.02685957     0.97314043
      223     0.02916035     0.97083965
      224     0.03027677     0.96972323
      225     0.03046911     0.96953089
      226     0.03028067     0.96971933
      227     0.03139740     0.96860260
      228     0.04516482     0.95483518
      229     0.30037851     0.69962149
      230     0.49862538     0.50137462
      231     0.32473440     0.67526560
      232     0.27671708     0.72328292
      233     0.25114505     0.74885495
      234     0.23772023     0.76227977
      235     0.23411833     0.76588167
      236     0.23984084     0.76015916
      237     0.25466690     0.74533310
      238     0.27800327     0.72199673
      239     0.30852901     0.69147099
      240     0.34406798     0.65593202
      241     0.38172059     0.61827941
      242     0.41821252     0.58178748
      243     0.45027529     0.54972471
      244     0.47486150     0.52513850
      245     0.48891765     0.51108235
      246     0.48875022     0.51124978
      247     0.46954747     0.53045253
      248     0.42659117     0.57340883
      249     0.36032594     0.63967406
      250     0.28208943     0.71791057
      251     0.20930204     0.79069796
      252     0.15285668     0.84714332
      253     0.11406919     0.88593081
      254     0.09022916     0.90977084
      255     0.07826868     0.92173132
      256     0.07504663     0.92495337
      257     0.07666358     0.92333642
      258     0.07838593     0.92161407
      259     0.07577060     0.92422940
      260     0.06669798     0.93330202
      261     0.05305921     0.94694079
      262     0.04043455     0.95956545
      263     0.03508832     0.96491168
      264     0.03974613     0.96025387
      265     0.05121673     0.94878327
      266     0.06214166     0.93785834
      267     0.06601842     0.93398158
      268     0.06170595     0.93829405
      269     0.05370685     0.94629315
      270     0.04812077     0.95187923
      271     0.04793951     0.95206049
      272     0.05159428     0.94840572
      273     0.05531855     0.94468145
      274     0.05659039     0.94340961
      275     0.05565955     0.94434045
      276     0.05440983     0.94559017
      277     0.05408601     0.94591399
      278     0.05405698     0.94594302
      279     0.05268778     0.94731222
      280     0.04949430     0.95050570
      281     0.04651319     0.95348681
      282     0.04733608     0.95266392
      283     0.05421768     0.94578232
      284     0.06543826     0.93456174
      285     0.07519149     0.92480851
      286     0.07664176     0.92335824
      287     0.06654014     0.93345986
      288     0.04833706     0.95166294
      289     0.03108826     0.96891174
      290     0.02400785     0.97599215
      291     0.03015499     0.96984501
      292     0.04429512     0.95570488
      293     0.05700573     0.94299427
      294     0.06174441     0.93825559
      295     0.05899356     0.94100644
      296     0.05423403     0.94576597
      297     0.05201966     0.94798034
      298     0.05194455     0.94805545
      299     0.05034375     0.94965625
      300     0.04561454     0.95438546
      301     0.04112028     0.95887972
      302     0.04223445     0.95776555
      303     0.05053401     0.94946599
      304     0.06129612     0.93870388
      305     0.06695977     0.93304023
      306     0.06323808     0.93676192
      307     0.05239855     0.94760145
      308     0.04130550     0.95869450
      309     0.03642206     0.96357794
      310     0.03981599     0.96018401
      311     0.04860727     0.95139273
      312     0.05743583     0.94256417
      313     0.06179104     0.93820896
      314     0.06017066     0.93982934
      315     0.05426112     0.94573888
      316     0.04753210     0.95246790
      317     0.04324323     0.95675677
      318     0.04286574     0.95713426
      319     0.04562386     0.95437614
      320     0.04931625     0.95068375
      321     0.05186196     0.94813804
      322     0.05257205     0.94742795
      323     0.05234929     0.94765071
      324     0.05273056     0.94726944
      325     0.05448424     0.94551576
      326     0.05676601     0.94323399
      327     0.05744575     0.94255425
      328     0.05443880     0.94556120
      329     0.04721582     0.95278418
      330     0.03752926     0.96247074
      331     0.02889128     0.97110872
      332     0.02506823     0.97493177
      333     0.02836146     0.97163854
      334     0.03851704     0.96148296
      335     0.05273563     0.94726437
      336     0.06668039     0.93331961
      337     0.07591302     0.92408698
      338     0.07717423     0.92282577
      339     0.06992294     0.93007706
      340     0.06182950     0.93817050
      341     0.08648184     0.91351816
      342     0.19343220     0.80656780
      343     0.34241239     0.65758761
      344     0.45024098     0.54975902
      345     0.50964246     0.49035754
      346     0.53954265     0.46045735
      347     0.55317487     0.44682513
      348     0.55815947     0.44184053
      349     0.55906378     0.44093622
      350     0.55878296     0.44121704
      351     0.55917627     0.44082373
      352     0.56130319     0.43869681
      353     0.56556116     0.43443884
      354     0.57179168     0.42820832
      355     0.57940490     0.42059510
      356     0.58752353     0.41247647
      357     0.59510404     0.40489596
      358     0.60097976     0.39902024
      359     0.60378697     0.39621303
      360     0.60175308     0.39824692
      361     0.59230202     0.40769798
      362     0.57133562     0.42866438
      363     0.53196543     0.46803457
      364     0.46273207     0.53726793
      365     0.34919285     0.65080715
      366     0.19704420     0.80295580
      367     0.06826835     0.93173165
      368     0.01500634     0.98499366
      369     0.01318704     0.98681296
      370     0.02705767     0.97294233
      371     0.04199642     0.95800358
      372     0.05429616     0.94570384
      373     0.06356387     0.93643613
      374     0.07018345     0.92981655
      375     0.07451022     0.92548978
      376     0.07615597     0.92384403
      377     0.06727032     0.93272968
      378     0.07396464     0.92603536
      379     0.09400615     0.90599385
      380     0.09183178     0.90816822
      381     0.08870397     0.91129603
      382     0.08656622     0.91343378
      383     0.08615795     0.91384205
      384     0.08789976     0.91210024
      385     0.09186574     0.90813426
      386     0.09767130     0.90232870
      387     0.10444079     0.89555921
      388     0.11095753     0.88904247
      389     0.11600581     0.88399419
      390     0.11884788     0.88115212
      391     0.11966602     0.88033398
      392     0.11971933     0.88028067
      393     0.12105348     0.87894652
      394     0.12577689     0.87422311
      395     0.13515749     0.86484251
      396     0.14892743     0.85107257
      397     0.16510248     0.83489752
      398     0.18036815     0.81963185
      399     0.19088220     0.80911780
      400     0.19317744     0.80682256
      401     0.18509003     0.81490997
      402     0.16697314     0.83302686
      403     0.14369795     0.85630205
      404     0.12692406     0.87307594
      405     0.13224130     0.86775870
      406     0.16547276     0.83452724
      407     0.21444306     0.78555694
      408     0.26252244     0.73747756
      409     0.30153882     0.69846118
      410     0.33065609     0.66934391
      411     0.35171391     0.64828609
      412     0.36684839     0.63315161
      413     0.37800917     0.62199083
      414     0.38791961     0.61208039
      415     0.40360652     0.59639348
      416     0.43389189     0.56610811
      417     0.46511716     0.53488284
      418     0.47922219     0.52077781
      419     0.47934145     0.52065855
      420     0.46854562     0.53145438
      421     0.45410002     0.54589998
      422     0.43940329     0.56059671
      423     0.42670849     0.57329151
      424     0.41615229     0.58384771
      425     0.40663238     0.59336762
      426     0.39886630     0.60113370
      427     0.39366792     0.60633208
      428     0.39205964     0.60794036
      429     0.39507788     0.60492212
      430     0.40287948     0.59712052
      431     0.41340954     0.58659046
      432     0.42191997     0.57808003
      433     0.42281373     0.57718627
      434     0.41366292     0.58633708
      435     0.39866648     0.60133352
      436     0.38777512     0.61222488
      437     0.39012934     0.60987066
      438     0.40560476     0.59439524
      439     0.42231193     0.57768807
      440     0.42527735     0.57472265
      441     0.41076990     0.58923010
      442     0.39165869     0.60834131
      443     0.38581278     0.61418722
      444     0.39844211     0.60155789
      445     0.41742888     0.58257112
      446     0.42604064     0.57395936
      447     0.41830597     0.58169403
      448     0.40203296     0.59796704
      449     0.38972770     0.61027230
      450     0.38836933     0.61163067
      451     0.39627609     0.60372391
      452     0.40686809     0.59313191
      453     0.41430484     0.58569516
      454     0.41669358     0.58330642
      455     0.41578398     0.58421602
      456     0.41462348     0.58537652
      457     0.41528771     0.58471229
      458     0.41793473     0.58206527
      459     0.42119228     0.57880772
      460     0.42317510     0.57682490
      461     0.42243990     0.57756010
      462     0.41856472     0.58143528
      463     0.41233802     0.58766198
      464     0.40561146     0.59438854
      465     0.40083833     0.59916167
      466     0.40031464     0.59968536
      467     0.40531422     0.59468578
      468     0.41542851     0.58457149
      469     0.42833417     0.57166583
      470     0.43992557     0.56007443
      471     0.44454862     0.55545138
      472     0.43543755     0.56456245
      473     0.40709870     0.59290130
      474     0.36208402     0.63791598
      475     0.31389997     0.68610003
      476     0.27433385     0.72566615
      477     0.24444234     0.75555766
      478     0.22034382     0.77965618
      479     0.19858052     0.80141948
      480     0.17734086     0.82265914
      481     0.15988714     0.84011286
      482     0.17187330     0.82812670
      483     0.25935855     0.74064145
      484     0.37725045     0.62274955
      485     0.44982229     0.55017771
      486     0.48274663     0.51725337
      487     0.49491831     0.50508169
      488     0.49623488     0.50376512
      489     0.49137483     0.50862517
      490     0.48287162     0.51712838
      491     0.47257683     0.52742317
      492     0.46225124     0.53774876
      493     0.45361887     0.54638113
      494     0.44808778     0.55191222
      495     0.44636157     0.55363843
      496     0.44816694     0.55183306
      497     0.45223809     0.54776191
      498     0.45656136     0.54343864
      499     0.45875281     0.54124719
      500     0.45637243     0.54362757
      501     0.44699028     0.55300972
      502     0.42788510     0.57211490
      503     0.39537862     0.60462138
      504     0.34413617     0.65586383
      505     0.26818782     0.73181218
      506     0.16926911     0.83073089
      507     0.07350864     0.92649136
      508     0.01859155     0.98140845
      509     0.00663522     0.99336478
      510     0.01262783     0.98737217
      511     0.01960090     0.98039910
      512     0.02272124     0.97727876
      513     0.02274009     0.97725991
      514     0.02239020     0.97760980
      515     0.02488664     0.97511336
      516     0.03294546     0.96705454
      517     0.04783463     0.95216537
      518     0.06861291     0.93138709
      519     0.09198929     0.90801071
      520     0.11313684     0.88686316
      521     0.12732300     0.87267700
      522     0.13289293     0.86710707
      523     0.12609259     0.87390741
      524     0.11021322     0.88978678
      525     0.09268862     0.90731138
      526     0.07960481     0.92039519
      527     0.07335420     0.92664580
      528     0.07226958     0.92773042
      529     0.07247587     0.92752413
      530     0.07100149     0.92899851
      531     0.06799563     0.93200437
      532     0.06620224     0.93379776
      533     0.06804666     0.93195334
      534     0.07293697     0.92706303
      535     0.07737604     0.92262396
      536     0.07806196     0.92193804
      537     0.07523587     0.92476413
      538     0.07246717     0.92753283
      539     0.07212032     0.92787968
      540     0.07231221     0.92768779
      541     0.07160807     0.92839193
      542     0.07346708     0.92653292
      543     0.07716590     0.92283410
      544     0.07379412     0.92620588
      545     0.06846794     0.93153206
      546     0.07507651     0.92492349
      547     0.07723422     0.92276578
      548     0.06892732     0.93107268
      549     0.07461949     0.92538051
      550     0.07548992     0.92451008
      551     0.06988318     0.93011682
      552     0.07652983     0.92347017
      553     0.07157926     0.92842074
      554     0.07344473     0.92655527
      555     0.07493407     0.92506593
      556     0.07073379     0.92926621
      557     0.07621683     0.92378317
      558     0.07119616     0.92880384
      559     0.07431358     0.92568642
      560     0.07351267     0.92648733
      561     0.07273539     0.92726461
      562     0.07354941     0.92645059
      563     0.07396513     0.92603487
      564     0.07228627     0.92771373
      565     0.07390705     0.92609295
      566     0.07409745     0.92590255
      567     0.07135429     0.92864571
      568     0.07571810     0.92428190
      569     0.07186697     0.92813303
      570     0.07331833     0.92668167
      571     0.07458195     0.92541805
      572     0.07197115     0.92802885
      573     0.07400874     0.92599126
      574     0.07342056     0.92657944
      575     0.07319127     0.92680873
      576     0.07299130     0.92700870
      577     0.07409090     0.92590910
      578     0.07285632     0.92714368
      579     0.07305894     0.92694106
      580     0.07431526     0.92568474
      581     0.07227250     0.92772750
      582     0.07399100     0.92600900
      583     0.07326468     0.92673532
      584     0.07306107     0.92693893
      585     0.07369854     0.92630146
      586     0.07310576     0.92689424
      587     0.07341141     0.92658859
      588     0.07338338     0.92661662
      589     0.07330039     0.92669961
      590     0.07330589     0.92669411
      591     0.07344784     0.92655216
      592     0.07327098     0.92672902
      593     0.07328327     0.92671673
      594     0.07350121     0.92649879
      595     0.07326228     0.92673772
      596     0.07322966     0.92677034
      597     0.07346828     0.92653172
      598     0.07361009     0.92638991
      599     0.07259727     0.92740273
      600     0.07385420     0.92614580
