#     Density Matrix: population Re; see the manual for detail orders
        0     0.00000000     1.00000000
        1     0.00000001     0.99999999
        2     0.00000003     0.99999997
        3     0.00000003     0.99999997
        4     0.00000002     0.99999998
        5     0.00000001     0.99999999
        6     0.00000005     0.99999995
        7     0.00000010     0.99999990
        8     0.00000010     0.99999990
        9     0.00002639     0.99997361
       10     0.00001997     0.99998003
       11     0.00001655     0.99998345
       12     0.00003052     0.99996948
       13     0.00005200     0.99994800
       14     0.00004229     0.99995771
       15     0.00007434     0.99992566
       16     0.00007528     0.99992472
       17     0.00010405     0.99989595
       18     0.00010206     0.99989794
       19     0.00014619     0.99985381
       20     0.00012252     0.99987748
       21     0.00016255     0.99983745
       22     0.00016513     0.99983487
       23     0.00013537     0.99986463
       24     0.00015894     0.99984106
       25     0.00015317     0.99984683
       26     0.00010779     0.99989221
       27     0.00009252     0.99990748
       28     0.00009324     0.99990676
       29     0.00006868     0.99993132
       30     0.00003337     0.99996663
       31     0.00001363     0.99998637
       32     0.00000652     0.99999348
       33     0.00000548     0.99999452
       34     0.00002455     0.99997545
       35     0.00008510     0.99991490
       36     0.00019872     0.99980128
       37     0.00037489     0.99962511
       38     0.00063969     0.99936031
       39     0.00103839     0.99896161
       40     0.00161515     0.99838485
       41     0.00238084     0.99761916
       42     0.00328186     0.99671814
       43     0.00418206     0.99581794
       44     0.00487575     0.99512425
       45     0.00514964     0.99485036
       46     0.00489149     0.99510851
       47     0.00421080     0.99578920
       48     0.00351425     0.99648575
       49     0.00348403     0.99651597
       50     0.00493716     0.99506284
       51     0.00857803     0.99142197
       52     0.01467050     0.98532950
       53     0.02267335     0.97732665
       54     0.03099511     0.96900489
       55     0.03723298     0.96276702
       56     0.03915367     0.96084633
       57     0.03601745     0.96398255
       58     0.02925111     0.97074889
       59     0.02181291     0.97818709
       60     0.01653391     0.98346609
       61     0.01445664     0.98554336
       62     0.01438916     0.98561084
       63     0.01418260     0.98581740
       64     0.01281873     0.98718127
       65     0.01142840     0.98857160
       66     0.01211482     0.98788518
       67     0.01564708     0.98435292
       68     0.02038288     0.97961712
       69     0.02347615     0.97652385
       70     0.02300630     0.97699370
       71     0.01893747     0.98106253
       72     0.01223556     0.98776444
       73     0.00000000     1.00000000
       74     0.05311089     0.94688911
       75     0.03843531     0.96156469
       76     0.01071267     0.98928733
       77     0.01691580     0.98308420
       78     0.01673166     0.98326834
       79     0.01667592     0.98332408
       80     0.01987624     0.98012376
       81     0.02090094     0.97909906
       82     0.01838498     0.98161502
       83     0.01819937     0.98180063
       84     0.01774404     0.98225596
       85     0.01843770     0.98156230
       86     0.01612985     0.98387015
       87     0.01317052     0.98682948
       88     0.01741794     0.98258206
       89     0.02029365     0.97970635
       90     0.01652025     0.98347975
       91     0.01001104     0.98998896
       92     0.00000000     1.00000000
       93     0.00350305     0.99649695
       94     0.00197464     0.99802536
       95     0.00212560     0.99787440
       96     0.00229998     0.99770002
       97     0.00185639     0.99814361
       98     0.00084427     0.99915573
       99     0.00018207     0.99981793
      100     0.00065926     0.99934074
      101     0.00175797     0.99824203
      102     0.00212521     0.99787479
      103     0.00133708     0.99866292
      104     0.00047391     0.99952609
      105     0.00058122     0.99941878
      106     0.00127093     0.99872907
      107     0.00149365     0.99850635
      108     0.00108979     0.99891021
      109     0.00074547     0.99925453
      110     0.00084392     0.99915608
      111     0.00110696     0.99889304
      112     0.00114728     0.99885272
      113     0.00094177     0.99905823
      114     0.00079956     0.99920044
      115     0.00093454     0.99906546
      116     0.00114610     0.99885390
      117     0.00111769     0.99888231
      118     0.00091010     0.99908990
      119     0.00084020     0.99915980
      120     0.00097573     0.99902427
      121     0.00108428     0.99891572
      122     0.00103043     0.99896957
      123     0.00093662     0.99906338
      124     0.00093069     0.99906931
      125     0.00097008     0.99902992
      126     0.00098191     0.99901809
      127     0.00098879     0.99901121
      128     0.00102253     0.99897747
      129     0.00101036     0.99898964
      130     0.00086316     0.99913684
      131     0.00075099     0.99924901
      132     0.00103532     0.99896468
      133     0.00161414     0.99838586
      134     0.00171593     0.99828407
      135     0.00091470     0.99908530
      136     0.00009127     0.99990873
      137     0.00073181     0.99926819
      138     0.00325508     0.99674492
      139     0.00649308     0.99350692
      140     0.00896891     0.99103109
      141     0.01088435     0.98911565
      142     0.01696869     0.98303131
      143     0.04412903     0.95587097
      144     0.12669757     0.87330243
      145     0.22904416     0.77095584
      146     0.25997083     0.74002917
      147     0.24085254     0.75914746
      148     0.21441238     0.78558762
      149     0.21228384     0.78771616
      150     0.21793279     0.78206721
      151     0.21153803     0.78846197
      152     0.20167134     0.79832866
      153     0.19500029     0.80499971
      154     0.17478895     0.82521105
      155     0.14897830     0.85102170
      156     0.12829098     0.87170902
      157     0.11088853     0.88911147
      158     0.10053543     0.89946457
      159     0.09473899     0.90526101
      160     0.08804630     0.91195370
      161     0.08557585     0.91442415
      162     0.09856377     0.90143623
      163     0.13689995     0.86310005
      164     0.22096848     0.77903152
      165     0.43512754     0.56487246
      166     0.77559168     0.22440832
      167     0.83648538     0.16351462
      168     0.79312553     0.20687447
      169     0.75817797     0.24182203
      170     0.73617866     0.26382134
      171     0.72673213     0.27326787
      172     0.72791093     0.27208907
      173     0.73540287     0.26459713
      174     0.74454355     0.25545645
      175     0.75316105     0.24683895
      176     0.76210772     0.23789228
      177     0.77341962     0.22658038
      178     0.78879832     0.21120168
      179     0.80961862     0.19038138
      180     0.83798066     0.16201934
      181     0.87760590     0.12239410
      182     0.93145462     0.06854538
      183     0.98555749     0.01444251
      184     0.98686680     0.01313320
      185     0.91551449     0.08448551
      186     0.83887777     0.16112223
      187     0.79701035     0.20298965
      188     0.78206944     0.21793056
      189     0.78458729     0.21541271
      190     0.79435822     0.20564178
      191     0.79858671     0.20141329
      192     0.78156200     0.21843800
      193     0.73056424     0.26943576
      194     0.64598549     0.35401451
      195     0.54459214     0.45540786
      196     0.44932634     0.55067366
      197     0.37576556     0.62423444
      198     0.32638328     0.67361672
      199     0.29306788     0.70693212
      200     0.26444797     0.73555203
      201     0.23363954     0.76636046
      202     0.20143789     0.79856211
      203     0.17361033     0.82638967
      204     0.15450416     0.84549584
      205     0.14133464     0.85866536
      206     0.12572808     0.87427192
      207     0.10354663     0.89645337
      208     0.08196550     0.91803450
      209     0.07307224     0.92692776
      210     0.07831473     0.92168527
      211     0.08253692     0.91746308
      212     0.07190000     0.92810000
      213     0.05471912     0.94528088
      214     0.05223296     0.94776704
      215     0.06503536     0.93496464
      216     0.07004386     0.92995614
      217     0.04429496     0.95570504
      218     0.04062864     0.95937136
      219     0.05146564     0.94853436
      220     0.04457790     0.95542210
      221     0.04118753     0.95881247
      222     0.04890878     0.95109122
      223     0.04470780     0.95529220
      224     0.04289154     0.95710846
      225     0.04493780     0.95506220
      226     0.04475065     0.95524935
      227     0.03375659     0.96624341
      228     0.05199963     0.94800037
      229     0.43997423     0.56002577
      230     0.57161734     0.42838266
      231     0.59119024     0.40880976
      232     0.69715730     0.30284270
      233     0.75763420     0.24236580
      234     0.91643731     0.08356269
      235     0.93943151     0.06056849
      236     0.96878557     0.03121443
      237     0.98318180     0.01681820
      238     0.98789478     0.01210522
      239     1.00000000     0.00000000
      240     0.99999437     0.00000563
      241     0.99998216     0.00001784
      242     0.99992244     0.00007756
      243     0.99968920     0.00031080
      244     0.99980594     0.00019406
      245     0.99977035     0.00022965
      246     0.99980578     0.00019422
      247     0.99983841     0.00016159
      248     0.99949818     0.00050182
      249     0.99961777     0.00038223
      250     0.99951963     0.00048037
      251     0.99848449     0.00151551
      252     0.99496924     0.00503076
      253     0.94649652     0.05350348
      254     0.96175156     0.03824844
      255     0.96775339     0.03224661
      256     0.94590459     0.05409541
      257     0.92923968     0.07076032
      258     0.93235194     0.06764806
      259     0.95083151     0.04916849
      260     0.94757029     0.05242971
      261     0.95245248     0.04754752
      262     0.96667001     0.03332999
      263     0.95883089     0.04116911
      264     1.00000000     0.00000000
      265     0.99981574     0.00018426
      266     0.99979919     0.00020081
      267     0.99999929     0.00000071
      268     0.99896197     0.00103803
      269     0.99863185     0.00136815
      270     0.99887508     0.00112492
      271     0.99919881     0.00080119
      272     0.99862977     0.00137023
      273     0.99990348     0.00009652
      274     0.99968457     0.00031543
      275     0.95151342     0.04848658
      276     0.65122301     0.34877699
      277     0.43595726     0.56404274
      278     0.43285888     0.56714112
      279     0.42385994     0.57614006
      280     0.38147170     0.61852830
      281     0.31773683     0.68226317
      282     0.25496700     0.74503300
      283     0.20151194     0.79848806
      284     0.15476956     0.84523044
      285     0.12823757     0.87176243
      286     0.11052328     0.88947672
      287     0.09066537     0.90933463
      288     0.07946824     0.92053176
      289     0.07711977     0.92288023
      290     0.07616224     0.92383776
      291     0.07803724     0.92196276
      292     0.08569331     0.91430669
      293     0.09490186     0.90509814
      294     0.09986964     0.90013036
      295     0.10358184     0.89641816
      296     0.12177958     0.87822042
      297     0.17984178     0.82015822
      298     0.31357069     0.68642931
      299     0.56181513     0.43818487
      300     0.62906514     0.37093486
      301     0.64204922     0.35795078
      302     0.60464045     0.39535955
      303     0.56716019     0.43283981
      304     0.56669369     0.43330631
      305     0.61542573     0.38457427
      306     0.69823135     0.30176865
      307     0.78863718     0.21136282
      308     0.88332476     0.11667524
      309     0.93273247     0.06726753
      310     0.95696927     0.04303073
      311     0.96447576     0.03552424
      312     0.96940611     0.03059389
      313     0.97512297     0.02487703
      314     0.97663875     0.02336125
      315     0.97825843     0.02174157
      316     0.98597500     0.01402500
      317     1.00000000     0.00000000
      318     0.99743480     0.00256520
      319     0.99192025     0.00807975
      320     0.99010068     0.00989932
      321     0.99450225     0.00549775
      322     0.99876027     0.00123973
      323     0.99831506     0.00168494
      324     0.99747508     0.00252492
      325     0.99711447     0.00288553
      326     0.99746728     0.00253272
      327     0.99790596     0.00209404
      328     0.99650006     0.00349994
      329     0.99111902     0.00888098
      330     0.99659047     0.00340953
      331     0.99380010     0.00619990
      332     0.99390418     0.00609582
      333     0.99418382     0.00581618
      334     0.99423394     0.00576606
      335     0.99422620     0.00577380
      336     0.99426593     0.00573407
      337     0.99435679     0.00564321
      338     0.99448608     0.00551392
      339     0.99463258     0.00536742
      340     0.99460257     0.00539743
      341     0.99367116     0.00632884
      342     0.99196513     0.00803487
      343     0.99711293     0.00288707
      344     0.99055370     0.00944630
      345     0.99590612     0.00409388
      346     0.99222199     0.00777801
      347     0.99497017     0.00502983
      348     0.99433739     0.00566261
      349     0.99319040     0.00680960
      350     0.99417850     0.00582150
      351     0.99571757     0.00428243
      352     0.99501431     0.00498569
      353     0.99229597     0.00770403
      354     0.99066410     0.00933590
      355     0.99154621     0.00845379
      356     0.99320523     0.00679477
      357     0.99387408     0.00612592
      358     0.99391899     0.00608101
      359     0.99458165     0.00541835
      360     0.99611644     0.00388356
      361     0.99759141     0.00240859
      362     0.99772343     0.00227657
      363     0.99527660     0.00472340
      364     0.98829660     0.01170340
      365     0.97087753     0.02912247
      366     0.91844968     0.08155032
      367     0.73432411     0.26567589
      368     0.41203189     0.58796811
      369     0.22370020     0.77629980
      370     0.16470601     0.83529399
      371     0.14755132     0.85244868
      372     0.15336878     0.84663122
      373     0.17574157     0.82425843
      374     0.20969249     0.79030751
      375     0.24919299     0.75080701
      376     0.28742183     0.71257817
      377     0.31852874     0.68147126
      378     0.33933222     0.66066778
      379     0.35001215     0.64998785
      380     0.35388393     0.64611607
      381     0.35651283     0.64348717
      382     0.36405263     0.63594737
      383     0.38098990     0.61901010
      384     0.40813592     0.59186408
      385     0.44167340     0.55832660
      386     0.47313851     0.52686149
      387     0.48948501     0.51051499
      388     0.47240674     0.52759326
      389     0.40162205     0.59837795
      390     0.28285752     0.71714248
      391     0.16912277     0.83087723
      392     0.09437249     0.90562751
      393     0.05034577     0.94965423
      394     0.02668651     0.97331349
      395     0.01897391     0.98102609
      396     0.02063190     0.97936810
      397     0.02261685     0.97738315
      398     0.02260641     0.97739359
      399     0.02460482     0.97539518
      400     0.02545034     0.97454966
      401     0.02002632     0.97997368
      402     0.01646639     0.98353361
      403     0.02227902     0.97772098
      404     0.02818711     0.97181289
      405     0.02378015     0.97621985
      406     0.01289050     0.98710950
      407     0.00000000     1.00000000
      408     0.00524798     0.99475202
      409     0.02894014     0.97105986
      410     0.09054971     0.90945029
      411     0.20146517     0.79853483
      412     0.31734971     0.68265029
      413     0.38005156     0.61994844
      414     0.38858423     0.61141577
      415     0.36803544     0.63196456
      416     0.33996584     0.66003416
      417     0.31838741     0.68161259
      418     0.31124858     0.68875142
      419     0.32244784     0.67755216
      420     0.35327912     0.64672088
      421     0.40304323     0.59695677
      422     0.46881421     0.53118579
      423     0.54463081     0.45536919
      424     0.62148297     0.37851703
      425     0.68845401     0.31154599
      426     0.73285166     0.26714834
      427     0.73974251     0.26025749
      428     0.69658036     0.30341964
      429     0.60617756     0.39382244
      430     0.49333663     0.50666337
      431     0.38781324     0.61218676
      432     0.30481521     0.69518479
      433     0.24556171     0.75443829
      434     0.20643953     0.79356047
      435     0.18393617     0.81606383
      436     0.17512116     0.82487884
      437     0.17711884     0.82288116
      438     0.18731758     0.81268242
      439     0.20780315     0.79219685
      440     0.42783529     0.57216471
      441     0.62262864     0.37737136
      442     0.55244078     0.44755922
      443     0.54822556     0.45177444
      444     0.55907695     0.44092305
      445     0.57656081     0.42343919
      446     0.59738554     0.40261446
      447     0.62018192     0.37981808
      448     0.64414905     0.35585095
      449     0.66756388     0.33243612
      450     0.68746138     0.31253862
      451     0.70165066     0.29834934
      452     0.71245586     0.28754414
      453     0.72889310     0.27110690
      454     0.76193845     0.23806155
      455     0.81112848     0.18887152
      456     0.85430805     0.14569195
      457     0.86393315     0.13606685
      458     0.85621306     0.14378694
      459     0.89210626     0.10789374
      460     0.93301709     0.06698291
      461     0.90327308     0.09672692
      462     0.97604722     0.02395278
      463     0.95914911     0.04085089
      464     0.97640528     0.02359472
      465     0.98513255     0.01486745
      466     0.98941620     0.01058380
      467     1.00000000     0.00000000
      468     0.99999998     0.00000002
      469     0.99999986     0.00000014
      470     0.99999859     0.00000141
      471     0.99999671     0.00000329
      472     0.99999548     0.00000452
      473     0.99999350     0.00000650
      474     0.99998324     0.00001676
      475     0.99992145     0.00007855
      476     0.99885219     0.00114781
      477     0.99746547     0.00253453
      478     0.99847325     0.00152675
      479     0.99935158     0.00064842
      480     0.99852476     0.00147524
      481     0.99998028     0.00001972
      482     0.99828299     0.00171701
      483     0.99807188     0.00192812
      484     0.99962553     0.00037447
      485     0.99869305     0.00130695
      486     0.99609749     0.00390251
      487     0.99565105     0.00434895
      488     0.99771855     0.00228145
      489     0.99942611     0.00057389
      490     0.99902223     0.00097777
      491     0.99749753     0.00250247
      492     0.99680838     0.00319162
      493     0.99771610     0.00228390
      494     0.99913036     0.00086964
      495     0.99936289     0.00063711
      496     0.99807901     0.00192099
      497     0.99669826     0.00330174
      498     0.99674089     0.00325911
      499     0.99810966     0.00189034
      500     0.99920822     0.00079178
      501     0.99857482     0.00142518
      502     0.99635285     0.00364715
      503     0.99434077     0.00565923
      504     0.99440128     0.00559872
      505     0.99652226     0.00347774
      506     0.99875539     0.00124461
      507     0.99936160     0.00063840
      508     0.99860223     0.00139777
      509     0.99811330     0.00188670
      510     0.99882338     0.00117662
      511     0.99984086     0.00015914
      512     0.99972206     0.00027794
      513     0.99882591     0.00117409
      514     0.99896061     0.00103939
      515     0.99990833     0.00009167
      516     0.99957835     0.00042165
      517     0.99886759     0.00113241
      518     0.99971626     0.00028374
      519     0.99973069     0.00026931
      520     0.99906506     0.00093494
      521     0.99996391     0.00003609
      522     0.99927466     0.00072534
      523     0.99983265     0.00016735
      524     0.99924927     0.00075073
      525     0.99981822     0.00018178
      526     0.99958558     0.00041442
      527     0.99962305     0.00037695
      528     0.99969664     0.00030336
      529     0.99966322     0.00033678
      530     0.99957712     0.00042288
      531     0.99957069     0.00042931
      532     0.99963165     0.00036835
      533     0.99970435     0.00029565
      534     0.99976560     0.00023440
      535     0.99976266     0.00023734
      536     0.99960630     0.00039370
      537     0.99951059     0.00048941
      538     0.99957658     0.00042342
      539     0.99987426     0.00012574
      540     0.99944751     0.00055249
      541     0.99860512     0.00139488
      542     0.99987977     0.00012023
      543     0.99835482     0.00164518
      544     0.99993214     0.00006786
      545     0.99865816     0.00134184
      546     0.99942903     0.00057097
      547     0.99958885     0.00041115
      548     0.99857516     0.00142484
      549     0.99983988     0.00016012
      550     0.99943536     0.00056464
      551     0.99888577     0.00111423
      552     0.99990773     0.00009227
      553     0.99948708     0.00051292
      554     0.99920948     0.00079052
      555     0.99990445     0.00009555
      556     0.99950139     0.00049861
      557     0.99947938     0.00052062
      558     0.99984231     0.00015769
      559     0.99952248     0.00047752
      560     0.99962711     0.00037289
      561     0.99974144     0.00025856
      562     0.99963019     0.00036981
      563     0.99964123     0.00035877
      564     0.99963589     0.00036411
      565     0.99976145     0.00023855
      566     0.99964377     0.00035623
      567     0.99941550     0.00058450
      568     0.99970434     0.00029566
      569     0.99985863     0.00014137
      570     0.99952750     0.00047250
      571     0.99947977     0.00052023
      572     0.99964535     0.00035465
      573     0.99966456     0.00033544
      574     0.99970130     0.00029870
      575     0.99969127     0.00030873
      576     0.99966025     0.00033975
      577     0.99962449     0.00037551
      578     0.99952137     0.00047863
      579     0.99974978     0.00025022
      580     0.99979891     0.00020109
      581     0.99914711     0.00085289
      582     0.99936027     0.00063973
      583     0.99999195     0.00000805
      584     0.99902503     0.00097497
      585     0.99885337     0.00114663
      586     0.99997924     0.00002076
      587     0.99918426     0.00081574
      588     0.99919953     0.00080047
      589     0.99991522     0.00008478
      590     0.99889329     0.00110671
      591     0.99999458     0.00000542
      592     0.99851934     0.00148066
      593     0.99980843     0.00019157
      594     0.99544332     0.00455668
      595     0.99984665     0.00015335
      596     0.99986212     0.00013788
      597     0.99986877     0.00013123
      598     0.99937223     0.00062777
      599     0.99972389     0.00027611
      600     0.99981751     0.00018249
