#    Step     Kinetic(H)     Potential(H)   Total(H)       E(0)(H)        E(1)(H)        
        0     0.01464303   -16.41105949   -16.39641646   -16.54565006   -16.41105949
        1     0.01658025   -16.41300900   -16.39642875   -16.54637515   -16.41300900
        2     0.01957847   -16.41603251   -16.39645404   -16.54723184   -16.41603251
        3     0.02324052   -16.41972532   -16.39648480   -16.54790652   -16.41972532
        4     0.02706987   -16.42358490   -16.39651503   -16.54802167   -16.42358490
        5     0.03057048   -16.42711068   -16.39654020   -16.54723832   -16.42711068
        6     0.03331688   -16.42987509   -16.39655821   -16.54531898   -16.42987509
        7     0.03499861   -16.43156552   -16.39656691   -16.54214694   -16.43156552
        8     0.03546260   -16.43202537   -16.39656277   -16.53774370   -16.43202537
        9     0.03476599   -16.43130905   -16.39654306   -16.53230967   -16.43130905
       10     0.03321413   -16.42972407   -16.39650994   -16.52626329   -16.42972407
       11     0.03130638   -16.42778217   -16.39647579   -16.52019512   -16.42778217
       12     0.02954461   -16.42600265   -16.39645804   -16.51467783   -16.42600265
       13     0.02818621   -16.42465153   -16.39646532   -16.51001285   -16.42465153
       14     0.02712963   -16.42361772   -16.39648809   -16.50611338   -16.42361772
       15     0.02604747   -16.42255390   -16.39650643   -16.50264958   -16.42255390
       16     0.02466806   -16.42117344   -16.39650538   -16.49934615   -16.42117344
       17     0.02299369   -16.41947790   -16.39648421   -16.49620796   -16.41947790
       18     0.02132068   -16.41777489   -16.39645421   -16.49353449   -16.41777489
       19     0.02008528   -16.41651472   -16.39642944   -16.49175376   -16.41651472
       20     0.01965145   -16.41607178   -16.39642033   -16.49120309   -16.41607178
       21     0.02015307   -16.41658253   -16.39642946   -16.49196931   -16.41658253
       22     0.02144816   -16.41790053   -16.39645237   -16.49384835   -16.41790053
       23     0.02317919   -16.41966051   -16.39648132   -16.49641533   -16.41966051
       24     0.02489233   -16.42140037   -16.39650804   -16.49915288   -16.42140037
       25     0.02616907   -16.42269465   -16.39652558   -16.50158994   -16.42269465
       26     0.02674488   -16.42327256   -16.39652768   -16.50342286   -16.42327256
       27     0.02660436   -16.42311537   -16.39651101   -16.50461322   -16.42311537
       28     0.02602342   -16.42250236   -16.39647894   -16.50543116   -16.42250236
       29     0.02550436   -16.42194909   -16.39644473   -16.50638877   -16.42194909
       30     0.02556655   -16.42199452   -16.39642797   -16.50802111   -16.42199452
       31     0.02646247   -16.42290411   -16.39644164   -16.51058270   -16.42290411
       32     0.02800281   -16.42448208   -16.39647927   -16.51385458   -16.42448208
       33     0.02964411   -16.42616398   -16.39651987   -16.51723385   -16.42616398
       34     0.03078905   -16.42733202   -16.39654297   -16.52004946   -16.42733202
       35     0.03108437   -16.42762587   -16.39654150   -16.52187671   -16.42762587
       36     0.03054555   -16.42706550   -16.39651995   -16.52266678   -16.42706550
       37     0.02950042   -16.42598890   -16.39648848   -16.52269249   -16.42598890
       38     0.02844259   -16.42489964   -16.39645705   -16.52240386   -16.42489964
       39     0.02786790   -16.42430303   -16.39643513   -16.52227078   -16.42430303
       40     0.02812126   -16.42455208   -16.39643082   -16.52263317   -16.42455208
       41     0.02927037   -16.42571894   -16.39644857   -16.52357386   -16.42571894
       42     0.03104422   -16.42752989   -16.39648567   -16.52485217   -16.42752989
       43     0.03288286   -16.42941360   -16.39653074   -16.52594820   -16.42941360
       44     0.03411311   -16.43067977   -16.39656666   -16.52623549   -16.43067977
       45     0.03420249   -16.43078011   -16.39657762   -16.52523484   -16.43078011
       46     0.03299216   -16.42954932   -16.39655716   -16.52284847   -16.42954932
       47     0.03078977   -16.42730304   -16.39651327   -16.51945280   -16.42730304
       48     0.02824152   -16.42470917   -16.39646765   -16.51576711   -16.42470917
       49     0.02602305   -16.42246473   -16.39644168   -16.51253053   -16.42246473
       50     0.02452893   -16.42097164   -16.39644271   -16.51018015   -16.42097164
       51     0.02376421   -16.42022426   -16.39646005   -16.50874127   -16.42022426
       52     0.02348544   -16.41996160   -16.39647616   -16.50798131   -16.41996160
       53     0.02344720   -16.41992749   -16.39648029   -16.50767036   -16.41992749
       54     0.02356803   -16.42004061   -16.39647258   -16.50774902   -16.42004061
       55     0.02393828   -16.42039934   -16.39646106   -16.50833057   -16.42039934
       56     0.02471208   -16.42116678   -16.39645470   -16.50958265   -16.42116678
       57     0.02597480   -16.42243355   -16.39645875   -16.51158757   -16.42243355
       58     0.02766210   -16.42413501   -16.39647291   -16.51425825   -16.42413501
       59     0.02955835   -16.42605113   -16.39649278   -16.51733843   -16.42605113
       60     0.03135414   -16.42786744   -16.39651330   -16.52046507   -16.42786744
       61     0.03272053   -16.42925160   -16.39653107   -16.52324761   -16.42925160
       62     0.03337208   -16.42991483   -16.39654275   -16.52533272   -16.42991483
       63     0.03312396   -16.42966823   -16.39654427   -16.52646485   -16.42966823
       64     0.03195674   -16.42848836   -16.39653162   -16.52655581   -16.42848836
       65     0.03006384   -16.42657023   -16.39650639   -16.52574091   -16.42657023
       66     0.02781551   -16.42429455   -16.39647904   -16.52434855   -16.42429455
       67     0.02560523   -16.42206877   -16.39646354   -16.52274170   -16.42206877
       68     0.02366085   -16.42012624   -16.39646539   -16.52111637   -16.42012624
       69     0.02197103   -16.41844745   -16.39647642   -16.51942204   -16.41844745
       70     0.02039096   -16.41687392   -16.39648296   -16.51747527   -16.41687392
       71     0.01883000   -16.41530740   -16.39647740   -16.51516045   -16.41530740
       72     0.01736624   -16.41382806   -16.39646182   -16.51255098   -16.41382806
       73     0.01622591   -16.41266976   -16.39644385   -16.50988791   -16.41266976
       74     0.01568290   -16.41211248   -16.39642958   -16.50747481   -16.41211248
       75     0.01596137   -16.41238368   -16.39642231   -16.50557958   -16.41238368
       76     0.01717753   -16.41360108   -16.39642355   -16.50437564   -16.41360108
       77     0.01930540   -16.41574089   -16.39643549   -16.50390676   -16.41574089
       78     0.02214717   -16.41860650   -16.39645933   -16.50405139   -16.41860650
       79     0.02532696   -16.42181860   -16.39649164   -16.50450839   -16.42181860
       80     0.02835097   -16.42487409   -16.39652312   -16.50485127   -16.42487409
       81     0.03075018   -16.42729165   -16.39654147   -16.50466956   -16.42729165
       82     0.03225915   -16.42879756   -16.39653841   -16.50375118   -16.42879756
       83     0.03292463   -16.42944220   -16.39651757   -16.50219629   -16.42944220
       84     0.03304795   -16.42954182   -16.39649387   -16.50035812   -16.42954182
       85     0.03296746   -16.42945231   -16.39648485   -16.49861759   -16.42945231
       86     0.03281729   -16.42931374   -16.39649645   -16.49712994   -16.42931374
       87     0.03244590   -16.42896419   -16.39651829   -16.49574188   -16.42896419
       88     0.03155667   -16.42808970   -16.39653303   -16.49414463   -16.42808970
       89     0.02994912   -16.42647875   -16.39652963   -16.49213035   -16.42647875
       90     0.02768137   -16.42418998   -16.39650861   -16.48976032   -16.42418998
       91     0.02506912   -16.42154822   -16.39647910   -16.48736041   -16.42154822
       92     0.02256124   -16.41901304   -16.39645180   -16.48538819   -16.41901304
       93     0.02058083   -16.41701561   -16.39643478   -16.48426859   -16.41701561
       94     0.01940117   -16.41583237   -16.39643120   -16.48426694   -16.41583237
       95     0.01909419   -16.41553334   -16.39643915   -16.48543726   -16.41553334
       96     0.01955300   -16.41600679   -16.39645379   -16.48764727   -16.41600679
       97     0.02055801   -16.41702904   -16.39647103   -16.49064932   -16.41702904
       98     0.02184033   -16.41832941   -16.39648908   -16.49414641   -16.41832941
       99     0.02311894   -16.41962515   -16.39650621   -16.49782810   -16.41962515
      100     0.02414478   -16.42066066   -16.39651588   -16.50141003   -16.42066066
      101     0.02479563   -16.42130555   -16.39650992   -16.50473118   -16.42130555
      102     0.02517719   -16.42166598   -16.39648879   -16.50786343   -16.42166598
      103     0.02559576   -16.42206288   -16.39646712   -16.51108712   -16.42206288
      104     0.02634514   -16.42280860   -16.39646346   -16.51466469   -16.42280860
      105     0.02745545   -16.42393770   -16.39648225   -16.51856935   -16.42393770
      106     0.02863651   -16.42514631   -16.39650980   -16.52242385   -16.42514631
      107     0.02947252   -16.42599939   -16.39652687   -16.52570977   -16.42599939
      108     0.02969403   -16.42621761   -16.39652358   -16.52805912   -16.42621761
      109     0.02932853   -16.42583151   -16.39650298   -16.52941567   -16.42583151
      110     0.02866666   -16.42514212   -16.39647546   -16.53000376   -16.42514212
      111     0.02811537   -16.42456703   -16.39645166   -16.53018193   -16.42456703
      112     0.02803515   -16.42447419   -16.39643904   -16.53028219   -16.42447419
      113     0.02861838   -16.42505977   -16.39644139   -16.53048910   -16.42505977
      114     0.02982610   -16.42628537   -16.39645927   -16.53077551   -16.42628537
      115     0.03138296   -16.42787208   -16.39648912   -16.53089243   -16.42787208
      116     0.03283756   -16.42936023   -16.39652267   -16.53042545   -16.42936023
      117     0.03370028   -16.43024718   -16.39654690   -16.52892988   -16.43024718
      118     0.03364327   -16.43019174   -16.39654847   -16.52613356   -16.43019174
      119     0.03268536   -16.42920845   -16.39652309   -16.52212901   -16.42920845
      120     0.03123709   -16.42771967   -16.39648258   -16.51742266   -16.42771967
      121     0.02991848   -16.42636945   -16.39645097   -16.51274551   -16.42636945
      122     0.02921128   -16.42566020   -16.39644892   -16.50868636   -16.42566020
      123     0.02916515   -16.42564272   -16.39647757   -16.50537935   -16.42564272
      124     0.02937510   -16.42589335   -16.39651825   -16.50247982   -16.42589335
      125     0.02924409   -16.42579063   -16.39654654   -16.49944043   -16.42579063
      126     0.02833290   -16.42488173   -16.39654883   -16.49587704   -16.42488173
      127     0.02657902   -16.42310449   -16.39652547   -16.49178940   -16.42310449
      128     0.02430871   -16.42079505   -16.39648634   -16.48756621   -16.42079505
      129     0.02210209   -16.41854590   -16.39644381   -16.48383988   -16.41854590
      130     0.02060455   -16.41701376   -16.39640921   -16.48129078   -16.41701376
      131     0.02034646   -16.41673782   -16.39639136   -16.48046279   -16.41673782
      132     0.02160218   -16.41799761   -16.39639543   -16.48161955   -16.41799761
      133     0.02430631   -16.42072890   -16.39642259   -16.48466068   -16.42072890
      134     0.02803900   -16.42450766   -16.39646866   -16.48910797   -16.42450766
      135     0.03209203   -16.42861644   -16.39652441   -16.49417614   -16.42861644
      136     0.03562586   -16.43220011   -16.39657425   -16.49893438   -16.43220011
      137     0.03791298   -16.43451235   -16.39659937   -16.50255866   -16.43451235
      138     0.03861160   -16.43519858   -16.39658698   -16.50462007   -16.43519858
      139     0.03793693   -16.43447891   -16.39654198   -16.50527074   -16.43447891
      140     0.03656745   -16.43305824   -16.39649079   -16.50515453   -16.43305824
      141     0.03525553   -16.43172201   -16.39646648   -16.50500104   -16.43172201
      142     0.03436866   -16.43085055   -16.39648189   -16.50513697   -16.43085055
      143     0.03370925   -16.43022884   -16.39651959   -16.50529251   -16.43022884
      144     0.03275195   -16.42929961   -16.39654766   -16.50485204   -16.42929961
      145     0.03108530   -16.42763119   -16.39654589   -16.50332171   -16.42763119
      146     0.02871596   -16.42523076   -16.39651480   -16.50064596   -16.42523076
      147     0.02607829   -16.42254792   -16.39646963   -16.49721747   -16.42254792
      148     0.02383398   -16.42026094   -16.39642696   -16.49367284   -16.42026094
      149     0.02262690   -16.41902498   -16.39639808   -16.49065004   -16.41902498
      150     0.02289958   -16.41928811   -16.39638853   -16.48861186   -16.41928811
      151     0.02479630   -16.42119604   -16.39639974   -16.48775425   -16.42119604
      152     0.02813580   -16.42456574   -16.39642994   -16.48797817   -16.42456574
      153     0.03244255   -16.42891577   -16.39647322   -16.48891372   -16.42891577
      154     0.03704342   -16.43356283   -16.39651941   -16.49000571   -16.43356283
      155     0.04122780   -16.43778373   -16.39655593   -16.49066179   -16.43778373
      156     0.04443825   -16.44101108   -16.39657283   -16.49043369   -16.44101108
      157     0.04641986   -16.44298771   -16.39656785   -16.48915866   -16.44298771
      158     0.04724623   -16.44379501   -16.39654878   -16.48697861   -16.44379501
      159     0.04720713   -16.44373438   -16.39652725   -16.48421858   -16.44373438
      160     0.04664285   -16.44315326   -16.39651041   -16.48121625   -16.44315326
      161     0.04582744   -16.44232759   -16.39650015   -16.47821367   -16.44232759
      162     0.04492293   -16.44142040   -16.39649747   -16.47532830   -16.44142040
      163     0.04396661   -16.44046846   -16.39650185   -16.47255176   -16.44046846
      164     0.04289197   -16.43939942   -16.39650745   -16.46977537   -16.43939942
      165     0.04161843   -16.43812323   -16.39650480   -16.46688491   -16.43812323
      166     0.04018498   -16.43667357   -16.39648859   -16.46390079   -16.43667357
      167     0.03882277   -16.43528546   -16.39646269   -16.46105137   -16.43528546
      168     0.03790053   -16.43433805   -16.39643752   -16.45871074   -16.43433805
      169     0.03778169   -16.43420446   -16.39642277   -16.45724457   -16.43420446
      170     0.03868113   -16.43510424   -16.39642311   -16.45685991   -16.43510424
      171     0.04058813   -16.43702595   -16.39643782   -16.45752700   -16.43702595
      172     0.04327575   -16.43973729   -16.39646154   -16.45899000   -16.43973729
      173     0.04638399   -16.44286927   -16.39648528   -16.46085281   -16.44286927
      174     0.04955264   -16.44605264   -16.39650000   -16.46271794   -16.44605264
      175     0.05255550   -16.44905652   -16.39650102   -16.46432824   -16.44905652
      176     0.05536175   -16.45185486   -16.39649311   -16.46563678   -16.45185486
      177     0.05806487   -16.45455405   -16.39648918   -16.46673787   -16.45455405
      178     0.06070449   -16.45720527   -16.39650078   -16.46768263   -16.45720527
      179     0.06311539   -16.45964239   -16.39652700   -16.46831951   -16.45964239
      180     0.06494849   -16.46150157   -16.39655308   -16.46831731   -16.46150157
      181     0.06586925   -16.46243201   -16.39656276   -16.46738272   -16.46243201
      182     0.06896712   -16.46552136   -16.39655424   -16.46552136   -16.46233285
      183     0.06677880   -16.46328301   -16.39650421   -16.46328301   -16.46035210
      184     0.06534106   -16.46188081   -16.39653975   -16.46188081   -16.45729742
      185     0.06453308   -16.46107610   -16.39654302   -16.46107610   -16.45427255
      186     0.06426684   -16.46081866   -16.39655182   -16.46081866   -16.45170825
      187     0.06442699   -16.46099099   -16.39656400   -16.46099099   -16.44961477
      188     0.06484093   -16.46141407   -16.39657314   -16.46141407   -16.44785188
      189     0.06536533   -16.46194349   -16.39657816   -16.46194349   -16.44627393
      190     0.06591254   -16.46249396   -16.39658142   -16.46249396   -16.44476801
      191     0.06642922   -16.46301304   -16.39658382   -16.46301304   -16.44323567
      192     0.06689527   -16.46347700   -16.39658173   -16.46347700   -16.44159798
      193     0.06737290   -16.46394298   -16.39657008   -16.46394298   -16.43985816
      194     0.06806531   -16.46461457   -16.39654926   -16.46461457   -16.43817721
      195     0.06929815   -16.46582721   -16.39652906   -16.46582721   -16.43686696
      196     0.07136832   -16.46789388   -16.39652556   -16.46789388   -16.43623815
      197     0.07431992   -16.47086911   -16.39654919   -16.47086911   -16.43636245
      198     0.07780428   -16.47439934   -16.39659506   -16.47439934   -16.43691648
      199     0.08115400   -16.47779849   -16.39664449   -16.47779849   -16.43724887
      200     0.08365170   -16.48032801   -16.39667631   -16.48032801   -16.43665204
      201     0.08484170   -16.48151902   -16.39667732   -16.48151902   -16.43467755
      202     0.08473011   -16.48137685   -16.39664674   -16.48137685   -16.43133634
      203     0.08380364   -16.48039737   -16.39659373   -16.48039737   -16.42711278
      204     0.08288139   -16.47941734   -16.39653595   -16.47941734   -16.42281444
      205     0.08284904   -16.47934264   -16.39649360   -16.47934264   -16.41930101
      206     0.08435064   -16.48083349   -16.39648285   -16.48083349   -16.41717130
      207     0.08755247   -16.48405999   -16.39650752   -16.48405999   -16.41652172
      208     0.09208949   -16.48864640   -16.39655691   -16.48864640   -16.41689429
      209     0.09722126   -16.49383345   -16.39661219   -16.49383345   -16.41744303
      210     0.10211007   -16.49876535   -16.39665528   -16.49876535   -16.41722553
      211     0.10609647   -16.50277023   -16.39667376   -16.50277023   -16.41548908
      212     0.10889330   -16.50555680   -16.39666350   -16.50555680   -16.41187853
      213     0.11065416   -16.50728470   -16.39663054   -16.50728470   -16.40653327
      214     0.11186560   -16.50846203   -16.39659643   -16.50846203   -16.40005289
      215     0.11302939   -16.50962563   -16.39659624   -16.50962563   -16.39334465
      216     0.11423346   -16.51087680   -16.39664334   -16.51087680   -16.38743520
      217     0.11510945   -16.51177399   -16.39666454   -16.51177399   -16.38308007
      218     0.11539021   -16.51203942   -16.39664921   -16.51203942   -16.38002130
      219     0.11511634   -16.51175768   -16.39664134   -16.51175768   -16.37728378
      220     0.11438139   -16.51101301   -16.39663162   -16.51101301   -16.37419543
      221     0.11333679   -16.50994708   -16.39661029   -16.50994708   -16.37069133
      222     0.11230644   -16.50888257   -16.39657613   -16.50888257   -16.36717871
      223     0.11175451   -16.50830124   -16.39654673   -16.50830124   -16.36427633
      224     0.11199491   -16.50855853   -16.39656362   -16.50855853   -16.36253976
      225     0.11292265   -16.50950550   -16.39658285   -16.50950550   -16.36230084
      226     0.11435210   -16.51092960   -16.39657750   -16.51092960   -16.36352501
      227     0.11626504   -16.51284477   -16.39657973   -16.51284477   -16.36596226
      228     0.11858383   -16.51517888   -16.39659505   -16.51517888   -16.36936498
      229     0.12103822   -16.51766276   -16.39662454   -16.51766276   -16.37344365
      230     0.12316249   -16.51982505   -16.39666256   -16.51982505   -16.37783036
      231     0.12439205   -16.52108587   -16.39669382   -16.52108587   -16.38216044
      232     0.12430081   -16.52099815   -16.39669734   -16.52099815   -16.38622825
      233     0.12287636   -16.51954005   -16.39666369   -16.51954005   -16.39003594
      234     0.12058190   -16.51719705   -16.39661515   -16.51719705   -16.39368176
      235     0.11807226   -16.51465553   -16.39658327   -16.51465553   -16.39724838
      236     0.11580809   -16.51238586   -16.39657777   -16.51238586   -16.40073471
      237     0.11390345   -16.51049279   -16.39658934   -16.51049279   -16.40400622
      238     0.11223045   -16.50883385   -16.39660340   -16.50883385   -16.40683890
      239     0.11061992   -16.50722877   -16.39660885   -16.50722877   -16.40904625
      240     0.10901581   -16.50561881   -16.39660300   -16.50561881   -16.41059104
      241     0.10752412   -16.50411296   -16.39658884   -16.50411296   -16.41160895
      242     0.10637111   -16.50294322   -16.39657211   -16.50294322   -16.41235397
      243     0.10581581   -16.50237454   -16.39655873   -16.50237454   -16.41310457
      244     0.10605739   -16.50261116   -16.39655377   -16.50261116   -16.41406956
      245     0.10715639   -16.50371722   -16.39656083   -16.50371722   -16.41531028
      246     0.10898542   -16.50556533   -16.39657991   -16.50556533   -16.41669181
      247     0.11123704   -16.50784198   -16.39660494   -16.50784198   -16.41789208
      248     0.11351995   -16.51014355   -16.39662360   -16.51014355   -16.41850143
      249     0.11553989   -16.51216278   -16.39662289   -16.51216278   -16.41821263
      250     0.11727088   -16.51387291   -16.39660203   -16.51387291   -16.41700954
      251     0.11895630   -16.51553545   -16.39657915   -16.51553545   -16.41518310
      252     0.12085729   -16.51743819   -16.39658090   -16.51743819   -16.41308644
      253     0.12290039   -16.51952039   -16.39662000   -16.51952039   -16.41079160
      254     0.12452797   -16.52120987   -16.39668190   -16.52120987   -16.40796627
      255     0.12491134   -16.52164431   -16.39673297   -16.52164431   -16.40409403
      256     0.12339890   -16.52014333   -16.39674443   -16.52014333   -16.39881850
      257     0.11988701   -16.51660027   -16.39671326   -16.51660027   -16.39213506
      258     0.11486698   -16.51152622   -16.39665924   -16.51152622   -16.38441214
      259     0.10919469   -16.50579673   -16.39660204   -16.50579673   -16.37631036
      260     0.10379329   -16.50034745   -16.39655416   -16.50034745   -16.36861543
      261     0.09943862   -16.49596185   -16.39652323   -16.49596185   -16.36205914
      262     0.09664419   -16.49315538   -16.39651119   -16.49315538   -16.35718740
      263     0.09561491   -16.49213225   -16.39651734   -16.49213225   -16.35429312
      264     0.09625367   -16.49279293   -16.39653926   -16.49279293   -16.35340405
      265     0.09819888   -16.49477316   -16.39657428   -16.49477316   -16.35430644
      266     0.10087380   -16.49749305   -16.39661925   -16.49749305   -16.35658575
      267     0.10353864   -16.50020939   -16.39667075   -16.50020939   -16.35967616
      268     0.10536767   -16.50208933   -16.39672166   -16.50208933   -16.36292254
      269     0.10559569   -16.50235103   -16.39675534   -16.50235103   -16.36566152
      270     0.10374222   -16.50049781   -16.39675559   -16.50049781   -16.36733346
      271     0.09983777   -16.49655406   -16.39671629   -16.49655406   -16.36765366
      272     0.09451116   -16.49115766   -16.39664650   -16.49115766   -16.36681766
      273     0.08884439   -16.48541715   -16.39657276   -16.48541715   -16.36553077
      274     0.08395967   -16.48049297   -16.39653330   -16.48049297   -16.36466564
      275     0.08047792   -16.47702553   -16.39654761   -16.47702553   -16.36467720
      276     0.07825528   -16.47484904   -16.39659376   -16.47484904   -16.36528050
      277     0.07667855   -16.47330603   -16.39662748   -16.47330603   -16.36573962
      278     0.07525170   -16.47187725   -16.39662555   -16.47187725   -16.36548500
      279     0.07393874   -16.47053713   -16.39659839   -16.47053713   -16.36446525
      280     0.07306398   -16.46963416   -16.39657018   -16.46963416   -16.36302731
      281     0.07298984   -16.46954841   -16.39655857   -16.46954841   -16.36157464
      282     0.07385841   -16.47042622   -16.39656781   -16.47042622   -16.36030356
      283     0.07551047   -16.47210282   -16.39659235   -16.47210282   -16.35912976
      284     0.07755282   -16.47417585   -16.39662303   -16.47417585   -16.35777045
      285     0.07949964   -16.47614953   -16.39664989   -16.47614953   -16.35590507
      286     0.08092598   -16.47759180   -16.39666582   -16.47759180   -16.35335995
      287     0.08158881   -16.47825597   -16.39666716   -16.47825597   -16.35025867
      288     0.08148544   -16.47813944   -16.39665400   -16.47813944   -16.34705799
      289     0.08084080   -16.47747260   -16.39663180   -16.47747260   -16.34437416
      290     0.07998127   -16.47660099   -16.39661972   -16.47660099   -16.34263381
      291     0.07909038   -16.47572182   -16.39663144   -16.47572182   -16.34179910
      292     0.07805332   -16.47470772   -16.39665440   -16.47470772   -16.34139077
      293     0.07664155   -16.47329817   -16.39665662   -16.47329817   -16.34083605
      294     0.07493670   -16.47155441   -16.39661771   -16.47155441   -16.33997472
      295     0.07355901   -16.47011733   -16.39655832   -16.47011733   -16.33932854
      296     0.07335987   -16.46988755   -16.39652768   -16.46988755   -16.33979539
      297     0.07476184   -16.47131729   -16.39655545   -16.47131729   -16.34197706
      298     0.07736197   -16.47398479   -16.39662282   -16.47398479   -16.34580505
      299     0.08018290   -16.47686395   -16.39668105   -16.47686395   -16.35076813
      300     0.08233951   -16.47903152   -16.39669201   -16.47903152   -16.35628856
      301     0.08350006   -16.48017156   -16.39667150   -16.48017156   -16.36182314
      302     0.08376600   -16.48041826   -16.39665226   -16.48041826   -16.36692346
      303     0.08331521   -16.47995772   -16.39664251   -16.47995772   -16.37128850
      304     0.08226148   -16.47889484   -16.39663336   -16.47889484   -16.37474902
      305     0.08075255   -16.47736409   -16.39661154   -16.47736409   -16.37730974
      306     0.07914283   -16.47571211   -16.39656928   -16.47571211   -16.37926237
      307     0.07807723   -16.47459202   -16.39651479   -16.47459202   -16.38124174
      308     0.07835552   -16.47482864   -16.39647312   -16.47482864   -16.38407304
      309     0.08056104   -16.47703558   -16.39647454   -16.47703558   -16.38838027
      310     0.08464782   -16.48117813   -16.39653031   -16.48117813   -16.39414448
      311     0.08979563   -16.48641745   -16.39662182   -16.48641745   -16.40054453
      312     0.09467789   -16.49139106   -16.39671317   -16.49139106   -16.40623440
      313     0.09798246   -16.49475425   -16.39677179   -16.49475425   -16.40988121
      314     0.09890413   -16.49568240   -16.39677827   -16.49568240   -16.41066423
      315     0.09744724   -16.49417380   -16.39672656   -16.49417380   -16.40857498
      316     0.09449427   -16.49112444   -16.39663017   -16.49112444   -16.40449046
      317     0.09155624   -16.48808635   -16.39653011   -16.48808635   -16.39993211
      318     0.09014043   -16.48662104   -16.39648061   -16.48662104   -16.39642215
      319     0.09099244   -16.48749870   -16.39650626   -16.48749870   -16.39468796
      320     0.09375672   -16.49033849   -16.39658177   -16.49033849   -16.39430933
      321     0.09730580   -16.49396710   -16.39666130   -16.49396710   -16.39408611
      322     0.10037834   -16.49709538   -16.39671704   -16.49709538   -16.39272828
      323     0.10202831   -16.49877201   -16.39674370   -16.49877201   -16.38933342
      324     0.10177363   -16.49851610   -16.39674247   -16.49851610   -16.38356026
      325     0.09961867   -16.49632996   -16.39671129   -16.49632996   -16.37569430
      326     0.09606820   -16.49271914   -16.39665094   -16.49271914   -16.36667435
      327     0.09207599   -16.48865004   -16.39657405   -16.48865004   -16.35789489
      328     0.08878059   -16.48529630   -16.39651571   -16.48529630   -16.35068023
      329     0.08701486   -16.48352307   -16.39650821   -16.48352307   -16.34571037
      330     0.08689642   -16.48344499   -16.39654857   -16.48344499   -16.34279401
      331     0.08785689   -16.48446271   -16.39660582   -16.48446271   -16.34110274
      332     0.08906403   -16.48571329   -16.39664926   -16.48571329   -16.33968650
      333     0.08986018   -16.48652835   -16.39666817   -16.48652835   -16.33792262
      334     0.08994250   -16.48661065   -16.39666815   -16.48661065   -16.33565796
      335     0.08927569   -16.48593891   -16.39666322   -16.48593891   -16.33306225
      336     0.08794772   -16.48460447   -16.39665675   -16.48460447   -16.33039796
      337     0.08615998   -16.48279348   -16.39663350   -16.48279348   -16.32792964
      338     0.08435264   -16.48094074   -16.39658810   -16.48094074   -16.32605396
      339     0.08323441   -16.47977457   -16.39654016   -16.47977457   -16.32541610
      340     0.08348453   -16.48001202   -16.39652749   -16.48001202   -16.32666422
      341     0.08522844   -16.48180488   -16.39657644   -16.48180488   -16.32989044
      342     0.08770734   -16.48437767   -16.39667033   -16.48437767   -16.33425070
      343     0.08953540   -16.48629118   -16.39675578   -16.48629118   -16.33821805
      344     0.08944530   -16.48622691   -16.39678161   -16.48622691   -16.34036612
      345     0.08700819   -16.48374225   -16.39673406   -16.48374225   -16.34013054
      346     0.08286492   -16.47950550   -16.39664058   -16.47950550   -16.33806051
      347     0.07833764   -16.47489137   -16.39655373   -16.47489137   -16.33542778
      348     0.07467654   -16.47119319   -16.39651665   -16.47119319   -16.33345664
      349     0.07244262   -16.46897632   -16.39653370   -16.46897632   -16.33268464
      350     0.07142160   -16.46799623   -16.39657463   -16.46799623   -16.33287988
      351     0.07102719   -16.46763072   -16.39660353   -16.46763072   -16.33346519
      352     0.07080518   -16.46740975   -16.39660457   -16.46740975   -16.33403474
      353     0.07068957   -16.46727321   -16.39658364   -16.46727321   -16.33459983
      354     0.07094427   -16.46750157   -16.39655730   -16.46750157   -16.33550615
      355     0.07193513   -16.46847596   -16.39654083   -16.46847596   -16.33718310
      356     0.07389502   -16.47043885   -16.39654383   -16.47043885   -16.33989364
      357     0.07677270   -16.47334137   -16.39656867   -16.47334137   -16.34357742
      358     0.08019078   -16.47680162   -16.39661084   -16.47680162   -16.34781060
      359     0.08352215   -16.48017979   -16.39665764   -16.48017979   -16.35188801
      360     0.08608634   -16.48277675   -16.39669041   -16.48277675   -16.35502987
      361     0.08742543   -16.48411724   -16.39669181   -16.48411724   -16.35667250
      362     0.08754395   -16.48420178   -16.39665783   -16.48420178   -16.35672585
      363     0.08695424   -16.48355850   -16.39660426   -16.48355850   -16.35563018
      364     0.08645678   -16.48301316   -16.39655638   -16.48301316   -16.35413498
      365     0.08677227   -16.48330692   -16.39653465   -16.48330692   -16.35292288
      366     0.08822673   -16.48477418   -16.39654745   -16.48477418   -16.35229491
      367     0.09061438   -16.48720400   -16.39658962   -16.48720400   -16.35203998
      368     0.09327201   -16.48991557   -16.39664356   -16.48991557   -16.35152183
      369     0.09535175   -16.49203783   -16.39668608   -16.49203783   -16.34998797
      370     0.09617914   -16.49288068   -16.39670154   -16.49288068   -16.34696703
      371     0.09552653   -16.49220927   -16.39668274   -16.49220927   -16.34249973
      372     0.09368924   -16.49032752   -16.39663828   -16.49032752   -16.33706396
      373     0.09134345   -16.48792927   -16.39658582   -16.48792927   -16.33137373
      374     0.08929294   -16.48583358   -16.39654064   -16.48583358   -16.32619461
      375     0.08824295   -16.48475467   -16.39651172   -16.48475467   -16.32219900
      376     0.08865114   -16.48515494   -16.39650380   -16.48515494   -16.31985436
      377     0.09063376   -16.48715470   -16.39652094   -16.48715470   -16.31932740
      378     0.09390230   -16.49046729   -16.39656499   -16.49046729   -16.32039903
      379     0.09774823   -16.49438038   -16.39663215   -16.49438038   -16.32242740
      380     0.10112507   -16.49783388   -16.39670881   -16.49783388   -16.32441196
      381     0.10287965   -16.49965007   -16.39677042   -16.49965007   -16.32521200
      382     0.10213837   -16.49892414   -16.39678577   -16.49892414   -16.32392633
      383     0.09876263   -16.49549334   -16.39673071   -16.49549334   -16.32035930
      384     0.09364023   -16.49025787   -16.39661764   -16.49025787   -16.31534139
      385     0.08849002   -16.48498913   -16.39649911   -16.48498913   -16.31059903
      386     0.08506007   -16.48150705   -16.39644698   -16.48150705   -16.30795581
      387     0.08412439   -16.48061781   -16.39649342   -16.48061781   -16.30825951
      388     0.08504324   -16.48164319   -16.39659995   -16.48164319   -16.31086359
      389     0.08627859   -16.48297163   -16.39669304   -16.48297163   -16.31414946
      390     0.08640985   -16.48313578   -16.39672593   -16.48313578   -16.31659953
      391     0.08483842   -16.48153877   -16.39670035   -16.48153877   -16.31753086
      392     0.08182950   -16.47847541   -16.39664591   -16.47847541   -16.31713055
      393     0.07813169   -16.47472278   -16.39659109   -16.47472278   -16.31606485
      394     0.07455582   -16.47110758   -16.39655176   -16.47110758   -16.31506291
      395     0.07171364   -16.46824592   -16.39653228   -16.46824592   -16.31466721
      396     0.06992417   -16.46645543   -16.39653126   -16.46645543   -16.31514969
      397     0.06921546   -16.46576140   -16.39654594   -16.46576140   -16.31651663
      398     0.06936473   -16.46593756   -16.39657283   -16.46593756   -16.31854411
      399     0.06996346   -16.46656906   -16.39660560   -16.46656906   -16.32083257
      400     0.07052587   -16.46715995   -16.39663408   -16.46715995   -16.32290315
      401     0.07064773   -16.46729544   -16.39664771   -16.46729544   -16.32434742
      402     0.07015205   -16.46679619   -16.39664414   -16.46679619   -16.32497194
      403     0.06911604   -16.46574842   -16.39663238   -16.46574842   -16.32482515
      404     0.06775097   -16.46437436   -16.39662339   -16.46437436   -16.32407276
      405     0.06625874   -16.46287460   -16.39661586   -16.46287460   -16.32284946
      406     0.06483284   -16.46143178   -16.39659894   -16.46143178   -16.32127150
      407     0.06376736   -16.46033988   -16.39657252   -16.46033988   -16.31957165
      408     0.06344311   -16.45999691   -16.39655380   -16.45999691   -16.31809884
      409     0.06410464   -16.46066379   -16.39655915   -16.46066379   -16.31709310
      410     0.06565834   -16.46224485   -16.39658651   -16.46224485   -16.31651626
      411     0.06770307   -16.46432751   -16.39662444   -16.46432751   -16.31622921
      412     0.06980314   -16.46642547   -16.39662233   -16.46642547   -16.31626055
      413     0.07185036   -16.46845125   -16.39660089   -16.46845125   -16.31651026
      414     0.07399797   -16.47059151   -16.39659354   -16.47059151   -16.31684510
      415     0.07631508   -16.47291366   -16.39659858   -16.47291366   -16.31726721
      416     0.07869311   -16.47530738   -16.39661427   -16.47530738   -16.31770826
      417     0.08087688   -16.47751014   -16.39663326   -16.47751014   -16.31797662
      418     0.08257729   -16.47922104   -16.39664375   -16.47922104   -16.31786056
      419     0.08364167   -16.48027676   -16.39663509   -16.48027676   -16.31730491
      420     0.08420173   -16.48080723   -16.39660550   -16.48080723   -16.31656728
      421     0.08468506   -16.48125356   -16.39656850   -16.48125356   -16.31623613
      422     0.08561185   -16.48216133   -16.39654948   -16.48216133   -16.31701991
      423     0.08724347   -16.48381276   -16.39656929   -16.48381276   -16.31935548
      424     0.08930876   -16.48593194   -16.39662318   -16.48593194   -16.32305672
      425     0.09104858   -16.48773384   -16.39668526   -16.48773384   -16.32728758
      426     0.09160669   -16.48832612   -16.39671943   -16.48832612   -16.33097025
      427     0.09054794   -16.48725004   -16.39670210   -16.48725004   -16.33340509
      428     0.08818341   -16.48482292   -16.39663951   -16.48482292   -16.33469158
      429     0.08546053   -16.48202883   -16.39656830   -16.48202883   -16.33565707
      430     0.08344035   -16.47997027   -16.39652992   -16.47997027   -16.33731099
      431     0.08271664   -16.47925528   -16.39653864   -16.47925528   -16.34021504
      432     0.08319966   -16.47977511   -16.39657545   -16.47977511   -16.34424198
      433     0.08433956   -16.48095402   -16.39661446   -16.48095402   -16.34881593
      434     0.08549584   -16.48213845   -16.39664261   -16.48213845   -16.35329884
      435     0.08615170   -16.48281219   -16.39666049   -16.48281219   -16.35720046
      436     0.08593848   -16.48261013   -16.39667165   -16.48261013   -16.36017884
      437     0.08461873   -16.48129189   -16.39667316   -16.48129189   -16.36199341
      438     0.08212861   -16.47878693   -16.39665832   -16.47878693   -16.36253202
      439     0.07866360   -16.47528779   -16.39662419   -16.47528779   -16.36190019
      440     0.07470776   -16.47128660   -16.39657884   -16.47128660   -16.36047249
      441     0.07091203   -16.46745213   -16.39654010   -16.46745213   -16.35879420
      442     0.06783562   -16.46436137   -16.39652575   -16.46436137   -16.35733400
      443     0.06569510   -16.46223542   -16.39654032   -16.46223542   -16.35623371
      444     0.06429255   -16.46086479   -16.39657224   -16.46086479   -16.35523780
      445     0.06316805   -16.45977111   -16.39660306   -16.45977111   -16.35385666
      446     0.06186728   -16.45848662   -16.39661934   -16.45848662   -16.35164204
      447     0.06015911   -16.45677428   -16.39661517   -16.45677428   -16.34840048
      448     0.05812629   -16.45471767   -16.39659138   -16.45471767   -16.34427584
      449     0.05615677   -16.45270891   -16.39655214   -16.45270891   -16.33973192
      450     0.05486516   -16.45137247   -16.39650731   -16.45137247   -16.33547416
      451     0.05492244   -16.45139829   -16.39647585   -16.45139829   -16.33228393
      452     0.05677836   -16.45325691   -16.39647855   -16.45325691   -16.33073517
      453     0.06038045   -16.45690294   -16.39652249   -16.45690294   -16.33089670
      454     0.06509105   -16.46168356   -16.39659251   -16.46168356   -16.33223701
      455     0.06990373   -16.46656460   -16.39666087   -16.46656460   -16.33384443
      456     0.07383874   -16.47054186   -16.39670312   -16.47054186   -16.33483273
      457     0.07629776   -16.47300599   -16.39670823   -16.47300599   -16.33469903
      458     0.07723434   -16.47391374   -16.39667940   -16.47391374   -16.33348640
      459     0.07710432   -16.47373689   -16.39663257   -16.47373689   -16.33172698
      460     0.07662320   -16.47321383   -16.39659063   -16.47321383   -16.33019351
      461     0.07642098   -16.47299301   -16.39657203   -16.47299301   -16.32953983
      462     0.07677073   -16.47335081   -16.39658008   -16.47335081   -16.32999165
      463     0.07752713   -16.47413424   -16.39660711   -16.47413424   -16.33127736
      464     0.07828870   -16.47491973   -16.39663103   -16.47491973   -16.33290126
      465     0.07869744   -16.47533420   -16.39663676   -16.47533420   -16.33449148
      466     0.07864392   -16.47527109   -16.39662717   -16.47527109   -16.33594522
      467     0.07825717   -16.47486954   -16.39661237   -16.47486954   -16.33738145
      468     0.07777050   -16.47437182   -16.39660132   -16.47437182   -16.33898960
      469     0.07737821   -16.47397771   -16.39659950   -16.47397771   -16.34088276
      470     0.07715968   -16.47376521   -16.39660553   -16.47376521   -16.34302392
      471     0.07709803   -16.47370988   -16.39661185   -16.47370988   -16.34525437
      472     0.07718803   -16.47379628   -16.39660825   -16.47379628   -16.34741569
      473     0.07757304   -16.47416243   -16.39658939   -16.47416243   -16.34950519
      474     0.07860151   -16.47516456   -16.39656305   -16.47516456   -16.35175142
      475     0.08070096   -16.47724907   -16.39654811   -16.47724907   -16.35449669
      476     0.08411799   -16.48067566   -16.39655767   -16.48067566   -16.35792999
      477     0.08874046   -16.48532679   -16.39658633   -16.48532679   -16.36190329
      478     0.09416205   -16.49078033   -16.39661828   -16.49078033   -16.36600585
      479     0.09988355   -16.49652979   -16.39664624   -16.49652979   -16.36978167
      480     0.10542389   -16.50209775   -16.39667386   -16.50209775   -16.37283862
      481     0.11030103   -16.50700367   -16.39670264   -16.50700367   -16.37481144
      482     0.11403702   -16.51076056   -16.39672354   -16.51076056   -16.37535430
      483     0.11628546   -16.51301014   -16.39672468   -16.51301014   -16.37427153
      484     0.11699530   -16.51369726   -16.39670196   -16.51369726   -16.37168713
      485     0.11647207   -16.51313400   -16.39666193   -16.51313400   -16.36810403
      486     0.11528622   -16.51190350   -16.39661728   -16.51190350   -16.36430189
      487     0.11408523   -16.51066597   -16.39658074   -16.51066597   -16.36113350
      488     0.11340054   -16.50996154   -16.39656100   -16.50996154   -16.35930948
      489     0.11350618   -16.51006877   -16.39656259   -16.51006877   -16.35922818
      490     0.11435181   -16.51093635   -16.39658454   -16.51093635   -16.36087895
      491     0.11557025   -16.51219211   -16.39662186   -16.51219211   -16.36383889
      492     0.11656176   -16.51322803   -16.39666627   -16.51322803   -16.36736766
      493     0.11664533   -16.51335040   -16.39670507   -16.51335040   -16.37058024
      494     0.11525830   -16.51198073   -16.39672243   -16.51198073   -16.37267254
      495     0.11218385   -16.50888859   -16.39670474   -16.50888859   -16.37317618
      496     0.10773388   -16.50438399   -16.39665011   -16.50438399   -16.37217122
      497     0.10275082   -16.49932795   -16.39657713   -16.49932795   -16.37031673
      498     0.09830989   -16.49483285   -16.39652296   -16.49483285   -16.36857304
      499     0.09518886   -16.49170910   -16.39652024   -16.49170910   -16.36767084
      500     0.09342253   -16.48999338   -16.39657085   -16.48999338   -16.36766406
      501     0.09228844   -16.48893193   -16.39664349   -16.48893193   -16.36794358
      502     0.09074519   -16.48744405   -16.39669886   -16.48744405   -16.36773222
      503     0.08800393   -16.48471427   -16.39671034   -16.48471427   -16.36664823
      504     0.08393809   -16.48060541   -16.39666732   -16.48060541   -16.36484528
      505     0.07915077   -16.47574910   -16.39659833   -16.47574910   -16.36270925
      506     0.07460552   -16.47114709   -16.39654157   -16.47114709   -16.36066331
      507     0.07114655   -16.46765605   -16.39650950   -16.46765605   -16.35913648
      508     0.06926946   -16.46577170   -16.39650224   -16.46577170   -16.35844065
      509     0.06908848   -16.46560520   -16.39651672   -16.46560520   -16.35864386
      510     0.07037697   -16.46692454   -16.39654757   -16.46692454   -16.35953857
      511     0.07265551   -16.46924197   -16.39658646   -16.46924197   -16.36070140
      512     0.07533022   -16.47195219   -16.39662197   -16.47195219   -16.36162882
      513     0.07786451   -16.47450885   -16.39664434   -16.47450885   -16.36191939
      514     0.07993063   -16.47657933   -16.39664870   -16.47657933   -16.36142496
      515     0.08147541   -16.47811351   -16.39663810   -16.47811351   -16.36028333
      516     0.08266849   -16.47929066   -16.39662217   -16.47929066   -16.35879245
      517     0.08376411   -16.48037366   -16.39660955   -16.48037366   -16.35721284
      518     0.08497095   -16.48157374   -16.39660279   -16.48157374   -16.35565530
      519     0.08640218   -16.48300293   -16.39660075   -16.48300293   -16.35410849
      520     0.08806902   -16.48467636   -16.39660734   -16.48467636   -16.35250443
      521     0.08985211   -16.48647730   -16.39662519   -16.48647730   -16.35071002
      522     0.09148912   -16.48813640   -16.39664728   -16.48813640   -16.34850595
      523     0.09267920   -16.48933845   -16.39665925   -16.48933845   -16.34567925
      524     0.09327260   -16.48992447   -16.39665187   -16.48992447   -16.34220861
      525     0.09338743   -16.49001629   -16.39662886   -16.49001629   -16.33837484
      526     0.09336121   -16.48996276   -16.39660155   -16.48996276   -16.33470179
      527     0.09358890   -16.49017029   -16.39658139   -16.49017029   -16.33178642
      528     0.09435282   -16.49092885   -16.39657603   -16.49092885   -16.33012163
      529     0.09571441   -16.49229989   -16.39658548   -16.49229989   -16.32996233
      530     0.09750101   -16.49410641   -16.39660540   -16.49410641   -16.33126099
      531     0.09939525   -16.49602166   -16.39662641   -16.49602166   -16.33371345
      532     0.10108907   -16.49772745   -16.39663838   -16.49772745   -16.33692384
      533     0.10241867   -16.49905531   -16.39663664   -16.49905531   -16.34059093
      534     0.10339887   -16.50002699   -16.39662812   -16.50002699   -16.34459817
      535     0.10413030   -16.50075686   -16.39662656   -16.50075686   -16.34894246
      536     0.10462419   -16.50126652   -16.39664233   -16.50126652   -16.35353702
      537     0.10466292   -16.50133642   -16.39667350   -16.50133642   -16.35801304
      538     0.10384283   -16.50054479   -16.39670196   -16.50054479   -16.36171603
      539     0.10184329   -16.49854374   -16.39670045   -16.49854374   -16.36401105
      540     0.09880605   -16.49545773   -16.39665168   -16.49545773   -16.36476731
      541     0.09553284   -16.49210610   -16.39657326   -16.49210610   -16.36463978
      542     0.09319412   -16.48971126   -16.39651714   -16.48971126   -16.36478253
      543     0.09261528   -16.48913982   -16.39652454   -16.48913982   -16.36606914
      544     0.09371503   -16.49030131   -16.39658628   -16.49030131   -16.36846660
      545     0.09561902   -16.49227412   -16.39665510   -16.49227412   -16.37115324
      546     0.09728854   -16.49398149   -16.39669295   -16.49398149   -16.37318858
      547     0.09806251   -16.49475850   -16.39669599   -16.49475850   -16.37406316
      548     0.09778723   -16.49446502   -16.39667779   -16.49446502   -16.37379098
      549     0.09665545   -16.49330868   -16.39665323   -16.49330868   -16.37269305
      550     0.09500160   -16.49163152   -16.39662992   -16.49163152   -16.37116437
      551     0.09318477   -16.48979322   -16.39660845   -16.48979322   -16.36956238
      552     0.09155292   -16.48814227   -16.39658935   -16.48814227   -16.36819866
      553     0.09041685   -16.48699362   -16.39657677   -16.48699362   -16.36733719
      554     0.08998566   -16.48656098   -16.39657532   -16.48656098   -16.36714038
      555     0.09029423   -16.48687926   -16.39658503   -16.48687926   -16.36759938
      556     0.09120442   -16.48780403   -16.39659961   -16.48780403   -16.36853854
      557     0.09250303   -16.48911424   -16.39661121   -16.48911424   -16.36972071
      558     0.09400913   -16.49062852   -16.39661939   -16.49062852   -16.37096344
      559     0.09558962   -16.49221992   -16.39663030   -16.49221992   -16.37215023
      560     0.09709305   -16.49373935   -16.39664630   -16.49373935   -16.37314773
      561     0.09832827   -16.49498666   -16.39665839   -16.49498666   -16.37376983
      562     0.09918594   -16.49583747   -16.39665153   -16.49583747   -16.37389907
      563     0.09981850   -16.49644158   -16.39662308   -16.49644158   -16.37368268
      564     0.10064754   -16.49724152   -16.39659398   -16.49724152   -16.37355325
      565     0.10206726   -16.49866204   -16.39659478   -16.49866204   -16.37392490
      566     0.10404724   -16.50068077   -16.39663353   -16.50068077   -16.37477463
      567     0.10603242   -16.50271733   -16.39668491   -16.50271733   -16.37554338
      568     0.10727756   -16.50399202   -16.39671446   -16.50399202   -16.37550498
      569     0.10731615   -16.50402338   -16.39670723   -16.50402338   -16.37427222
      570     0.10618484   -16.50285849   -16.39667365   -16.50285849   -16.37203213
      571     0.10431126   -16.50094680   -16.39663554   -16.50094680   -16.36941230
      572     0.10222614   -16.49883639   -16.39661025   -16.49883639   -16.36714029
      573     0.10029737   -16.49690032   -16.39660295   -16.49690032   -16.36570370
      574     0.09862824   -16.49523481   -16.39660657   -16.49523481   -16.36518032
      575     0.09715327   -16.49376147   -16.39660820   -16.49376147   -16.36531925
      576     0.09584170   -16.49243856   -16.39659686   -16.49243856   -16.36580215
      577     0.09486775   -16.49143828   -16.39657053   -16.49143828   -16.36651390
      578     0.09463974   -16.49117860   -16.39653886   -16.49117860   -16.36763721
      579     0.09565675   -16.49217510   -16.39651835   -16.49217510   -16.36953087
      580     0.09825907   -16.49478361   -16.39652454   -16.49478361   -16.37247441
      581     0.10239816   -16.49896056   -16.39656240   -16.49896056   -16.37643494
      582     0.10756178   -16.50418370   -16.39662192   -16.50418370   -16.38100649
      583     0.11292414   -16.50960315   -16.39667901   -16.50960315   -16.38557973
      584     0.11766977   -16.51438026   -16.39671049   -16.51438026   -16.38963776
      585     0.12130990   -16.51802097   -16.39671107   -16.51802097   -16.39293850
      586     0.12373274   -16.52043600   -16.39670326   -16.52043600   -16.39542212
      587     0.12494610   -16.52165344   -16.39670734   -16.52165344   -16.39698380
      588     0.12484709   -16.52156215   -16.39671506   -16.52156215   -16.39736581
      589     0.12331665   -16.52002068   -16.39670403   -16.52002068   -16.39633418
      590     0.12049386   -16.51716200   -16.39666814   -16.51716200   -16.39398394
      591     0.11685406   -16.51347857   -16.39662451   -16.51347857   -16.39080433
      592     0.11296510   -16.50956296   -16.39659786   -16.50956296   -16.38739511
      593     0.10916371   -16.50576055   -16.39659684   -16.50576055   -16.38409531
      594     0.10544191   -16.50205141   -16.39660950   -16.50205141   -16.38085207
      595     0.10160394   -16.49822073   -16.39661679   -16.49822073   -16.37739846
      596     0.09753162   -16.49413832   -16.39660670   -16.49413832   -16.37355257
      597     0.09336196   -16.48994133   -16.39657937   -16.48994133   -16.36941855
      598     0.08950178   -16.48604354   -16.39654176   -16.48604354   -16.36540372
      599     0.08651309   -16.48301971   -16.39650662   -16.48301971   -16.36210148
      600     0.08492421   -16.48141139   -16.39648718   -16.48141139   -16.36009028
