#    Non-Adiabatic Coupling Matrix Elements: off-diagonal
         0     0.00000000     0.00000000     0.00000000
         1     0.00001554     0.00001965    -0.00001418
         2     0.00001725     0.00004807    -0.00003113
         3     0.00002041     0.00007596    -0.00002032
         4     0.00002485     0.00010266     0.00002342
         5     0.00003063     0.00013083     0.00010676
         6     0.00003743     0.00015932     0.00023829
         7     0.00004457     0.00018524     0.00043017
         8     0.00005153     0.00020828     0.00070110
         9     0.00005771     0.00022730     0.00108260
        10     0.00006251     0.00024137     0.00163141
        11     0.00006545     0.00025007     0.00245645
        12     0.00006623     0.00025363     0.00378337
        13     0.00006457     0.00025301     0.00612969
        14     0.00005981     0.00024984     0.01085032
        15     0.00004943     0.00024604     0.02197107
        16     0.00002718     0.00024182     0.04857103
        17     0.00001081     0.00023539     0.06753956
        18     0.00003415     0.00034077     0.04880530
        19     0.00004226     0.00020373     0.01162076
        20     0.00004163     0.00019809     0.00658709
        21     0.00003974     0.00019433     0.00402957
        22     0.00003764     0.00019226     0.00254483
        23     0.00003492     0.00018815     0.00158526
        24     0.00003356     0.00016756     0.00090508
        25     0.00003006     0.00015278     0.00036723
        26     0.00002842     0.00014289    -0.00008601
        27     0.00002722     0.00014889    -0.00054317
        28     0.00002611     0.00014983    -0.00101961
        29     0.00002436     0.00015204    -0.00150814
        30     0.00002437     0.00014921    -0.00236386
        31     0.00002700     0.00014713    -0.00333325
        32     0.00002765     0.00014146    -0.00507014
        33     0.00003324     0.00013635    -0.00841647
        34     0.00004700     0.00013755    -0.01295673
        35     0.00006940     0.00012649    -0.02021545
        36     0.00007898     0.00010169    -0.02088275
        37     0.00009394     0.00009581    -0.01576109
        38     0.00009353     0.00008794    -0.01066044
        39     0.00008401     0.00008297    -0.00698999
        40     0.00010798     0.00009273    -0.00660011
        41     0.00011789     0.00007680    -0.00520173
        42     0.00011962     0.00006585    -0.00402277
        43     0.00012005     0.00005800    -0.00308106
        44     0.00011974     0.00005269    -0.00235763
        45     0.00011318     0.00005201    -0.00180705
        46     0.00011971     0.00004753    -0.00127964
        47     0.00011154     0.00005036    -0.00098653
        48     0.00011106     0.00005149    -0.00084603
        49     0.00011091     0.00005369    -0.00066369
        50     0.00011121     0.00005683    -0.00052267
        51     0.00011189     0.00006082    -0.00041203
        52     0.00011308     0.00006554    -0.00032442
        53     0.00011471     0.00007091    -0.00025390
        54     0.00011684     0.00007685    -0.00019630
        55     0.00011945     0.00008327    -0.00014824
        56     0.00013297     0.00009225    -0.00005463
        57     0.00013622     0.00009954    -0.00007136
        58     0.00012991     0.00010681     0.00001529
        59     0.00013973     0.00011724    -0.00000749
        60     0.00013829     0.00012428     0.00001313
        61     0.00014813     0.00013328     0.00003641
        62     0.00014729     0.00013944     0.00006469
        63     0.00015646     0.00014789     0.00009260
        64     0.00015631     0.00015359     0.00012587
        65     0.00017217     0.00015921     0.00022470
        66     0.00017562     0.00016575     0.00020725
        67     0.00017892     0.00017208     0.00025150
        68     0.00018208     0.00017824     0.00030064
        69     0.00018457     0.00018227     0.00035544
        70     0.00018886     0.00018898     0.00042242
        71     0.00019433     0.00019475     0.00048061
        72     0.00019217     0.00020344     0.00060832
        73     0.00019620     0.00020963     0.00061979
        74     0.00020018     0.00021577     0.00070019
        75     0.00020911     0.00021953     0.00085438
        76     0.00021289     0.00022562     0.00087951
        77     0.00021263     0.00023364     0.00097596
        78     0.00021695     0.00023981     0.00107072
        79     0.00022140     0.00024593     0.00117017
        80     0.00022190     0.00025226     0.00127101
        81     0.00023102     0.00025763     0.00137253
        82     0.00023448     0.00026285     0.00151615
        83     0.00024107     0.00026850     0.00161833
        84     0.00024612     0.00027353     0.00165506
        85     0.00025109     0.00027825     0.00173857
        86     0.00025450     0.00028191     0.00181484
        87     0.00026053     0.00028670     0.00188179
        88     0.00026484     0.00029038     0.00193579
        89     0.00026370     0.00029581     0.00198074
        90     0.00026729     0.00029882     0.00201423
        91     0.00027038     0.00030136     0.00203688
        92     0.00027556     0.00030292     0.00204793
        93     0.00027786     0.00030465     0.00204967
        94     0.00027971     0.00030581     0.00204201
        95     0.00027111     0.00030614     0.00201697
        96     0.00027759     0.00030672     0.00200681
        97     0.00027742     0.00030639     0.00197233
        98     0.00026878     0.00030523     0.00191832
        99     0.00028242     0.00030352     0.00189618
       100     0.00028671     0.00029420     0.00185348
       101     0.00028117     0.00029965     0.00180941
       102     0.00026969     0.00029779     0.00173453
       103     0.00026828     0.00029556     0.00168859
       104     0.00025610     0.00029699     0.00164347
       105     0.00026648     0.00029366     0.00161945
       106     0.00025355     0.00029287     0.00154785
       107     0.00026649     0.00028824     0.00153069
       108     0.00026879     0.00028464     0.00148638
       109     0.00027165     0.00028094     0.00144265
       110     0.00027443     0.00027747     0.00139942
       111     0.00026717     0.00027582     0.00132548
       112     0.00027600     0.00026838     0.00128198
       113     0.00029008     0.00026381     0.00127847
       114     0.00029618     0.00026041     0.00123696
       115     0.00030376     0.00025672     0.00119858
       116     0.00031288     0.00025276     0.00116081
       117     0.00032359     0.00024856     0.00112356
       118     0.00032975     0.00024639     0.00105097
       119     0.00035000     0.00023958     0.00105266
       120     0.00035991     0.00023820     0.00097748
