#    Step        Prob(0)        Prob(1)        
        0     0.00000000     0.00000000
        1     0.00003840     0.00000000
        2     0.00000000     0.00000000
        3     0.00009694     0.00000000
        4     0.00000000     0.00000000
        5     0.00006272     0.00000000
        6     0.00000000     0.00000000
        7     0.00000000     0.00000000
        8     0.00005288     0.00000000
        9     0.00000000     0.00000000
       10     0.00000000     0.00000000
       11     0.00002950     0.00000000
       12     0.00000000     0.00000000
       13     0.00000000     0.00000000
       14     0.00002959     0.00000000
       15     0.00000000     0.00000000
       16     0.00000000     0.00000000
       17     0.00002877     0.00000000
       18     0.00002617     0.00000000
       19     0.00000000     0.00000000
       20     0.00000000     0.00000000
       21     0.00003990     0.00000000
       22     0.00002443     0.00000000
       23     0.00000000     0.00000000
       24     0.00000000     0.00000000
       25     0.00001555     0.00000000
       26     0.00001338     0.00000000
       27     0.00000000     0.00000000
       28     0.00000000     0.00000000
       29     0.00000000     0.00000000
       30     0.00000000     0.00000000
       31     0.00001201     0.00000000
       32     0.00003530     0.00000000
       33     0.00000350     0.00000000
       34     0.00000000     0.00000000
       35     0.00003740     0.00000000
       36     0.00004697     0.00000000
       37     0.00000000     0.00000000
       38     0.00000000     0.00000000
       39     0.00004099     0.00000000
       40     0.00000000     0.00000000
       41     0.00000000     0.00000000
       42     0.00001150     0.00000000
       43     0.00000504     0.00000000
       44     0.00000000     0.00000000
       45     0.00000053     0.00000000
       46     0.00000507     0.00000000
       47     0.00000000     0.00000000
       48     0.00000000     0.00000000
       49     0.00000615     0.00000000
       50     0.00000000     0.00000000
       51     0.00000000     0.00000000
       52     0.00002059     0.00000000
       53     0.00000000     0.00000000
       54     0.00000013     0.00000000
       55     0.00002338     0.00000000
       56     0.00000000     0.00000000
       57     0.00000485     0.00000000
       58     0.00000523     0.00000000
       59     0.00000000     0.00000000
       60     0.00000000     0.00000000
       61     0.00000672     0.00000000
       62     0.00003735     0.00000000
       63     0.00000000     0.00000000
       64     0.00005444     0.00000000
       65     0.00008127     0.00000000
       66     0.00000000     0.00000000
       67     0.00004790     0.00000000
       68     0.00009947     0.00000000
       69     0.00000000     0.00000000
       70     0.00000000     0.00000000
       71     0.00003733     0.00000000
       72     0.00000000     0.00000000
       73     0.00000000     0.00000000
       74     0.00000000     0.00000000
       75     0.00000000     0.00000000
       76     0.00000041     0.00000000
       77     0.00002775     0.00000000
       78     0.00006690     0.00000000
       79     0.00004232     0.00000000
       80     0.00000000     0.00000000
       81     0.00000000     0.00000000
       82     0.00001462     0.00000000
       83     0.00002611     0.00000000
       84     0.00000000     0.00000000
       85     0.00000000     0.00000000
       86     0.00000000     0.00000000
       87     0.00001867     0.00000000
       88     0.00000109     0.00000000
       89     0.00000000     0.00000000
       90     0.00000000     0.00000000
       91     0.00002031     0.00000000
       92     0.00000293     0.00000000
       93     0.00000000     0.00000000
       94     0.00000996     0.00000000
       95     0.00002652     0.00000000
       96     0.00000000     0.00000000
       97     0.00000000     0.00000000
       98     0.00003538     0.00000000
       99     0.00000000     0.00000000
      100     0.00000000     0.00000000
      101     0.00002830     0.00000000
      102     0.00000000     0.00000000
      103     0.00000236     0.00000000
      104     0.00000573     0.00000000
      105     0.00000000     0.00000000
      106     0.00000044     0.00000000
      107     0.00000553     0.00000000
      108     0.00001275     0.00000000
      109     0.00000000     0.00000000
      110     0.00004360     0.00000000
      111     0.00000000     0.00000000
      112     0.00000000     0.00000000
      113     0.00006219     0.00000000
      114     0.00000000     0.00000000
      115     0.00000000     0.00000000
      116     0.00005062     0.00000000
      117     0.00000671     0.00000000
      118     0.00000000     0.00000000
      119     0.00000000     0.00000000
      120     0.00002525     0.00000000
      121     0.00000000     0.00000000
      122     0.00000000     0.00000000
      123     0.00000000     0.00000000
      124     0.00000051     0.00000000
      125     0.00000419     0.00000000
      126     0.00002618     0.00000000
      127     0.00001893     0.00000000
      128     0.00000000     0.00000000
      129     0.00000000     0.00000000
      130     0.00003099     0.00000000
      131     0.00001511     0.00000000
      132     0.00000000     0.00000000
      133     0.00000000     0.00000000
      134     0.00002048     0.00000000
      135     0.00000000     0.00000000
      136     0.00000000     0.00000000
      137     0.00000217     0.00000000
      138     0.00000433     0.00000000
      139     0.00000000     0.00000000
      140     0.00000029     0.00000000
      141     0.00000000     0.00000000
      142     0.00000436     0.00000000
      143     0.00000454     0.00000000
      144     0.00000000     0.00000000
      145     0.00000257     0.00000000
      146     0.00000671     0.00000000
      147     0.00000000     0.00000000
      148     0.00000000     0.00000000
      149     0.00000454     0.00000000
      150     0.00000000     0.00000000
      151     0.00000000     0.00000000
      152     0.00000114     0.00000000
      153     0.00000115     0.00000000
      154     0.00000000     0.00000000
      155     0.00000000     0.00000000
      156     0.00000445     0.00000000
      157     0.00000312     0.00000000
      158     0.00000000     0.00000000
      159     0.00000000     0.00000000
      160     0.00000549     0.00000000
      161     0.00000368     0.00000000
      162     0.00000000     0.00000000
      163     0.00000000     0.00000000
      164     0.00000043     0.00000000
      165     0.00000000     0.00000000
      166     0.00000085     0.00000000
      167     0.00000314     0.00000000
      168     0.00000000     0.00000000
      169     0.00000000     0.00000000
      170     0.00000068     0.00000000
      171     0.00000000     0.00000000
      172     0.00000124     0.00000000
      173     0.00002768     0.00000000
      174     0.00002860     0.00000000
      175     0.00000000     0.00000000
      176     0.00000000     0.00000000
      177     0.00006471     0.00000000
      178     0.00007785     0.00000000
      179     0.00000000     0.00000000
      180     0.00000000     0.00000000
      181     0.00000935     0.00000000
      182     0.00005956     0.00000000
      183     0.00001752     0.00000000
      184     0.00000000     0.00000000
      185     0.00000000     0.00000000
      186     0.00000000     0.00000000
      187     0.00000000     0.00000000
      188     0.00002331     0.00000000
      189     0.00013094     0.00000000
      190     0.00036755     0.00000000
      191     0.00075321     0.00000000
      192     0.00125182     0.00000000
      193     0.00178214     0.00000000
      194     0.00223599     0.00000000
      195     0.00251061     0.00000000
      196     0.00253943     0.00000000
      197     0.00231552     0.00000000
      198     0.00189231     0.00000000
      199     0.00136743     0.00000000
      200     0.00084893     0.00000000
      201     0.00043796     0.00000000
      202     0.00020045     0.00000000
      203     0.00013397     0.00000000
      204     0.00014312     0.00000000
      205     0.00006128     0.00000000
      206     0.00000000     0.00000000
      207     0.00000000     0.00000000
      208     0.00000000     0.00000000
      209     0.00000000     0.00000000
      210     0.00000000     0.00000000
      211     0.00000000     0.00000000
      212     0.00000000     0.00000000
      213     0.00000000     0.00000000
      214     0.00000000     0.00000000
      215     0.00000000     0.00000000
      216     0.00058681     0.00000000
      217     0.00116121     0.00000000
      218     0.00133305     0.00000000
      219     0.00111882     0.00000000
      220     0.00063994     0.00000000
      221     0.00013188     0.00000000
      222     0.00009145     0.00000000
      223     0.00232477     0.00000000
      224     0.01723489     0.00000000
      225     0.12900696     0.00000000
      226     0.00000000     0.00000000
      227     0.00000000     0.00000000
      228     0.00000000     0.00000000
      229     0.00000000     0.00000000
      230     0.00000000     0.00000000
      231     0.00000000     0.00000000
      232     0.00000000     0.00054530
      233     0.00000000     0.00182800
      234     0.00000000     0.00348034
      235     0.00000000     0.00443697
      236     0.00000000     0.00312933
      237     0.00000000     0.00000000
      238     0.00000000     0.00000000
      239     0.00000000     0.00000000
      240     0.00000000     0.00000000
      241     0.00000000     0.00043874
      242     0.00000000     0.00000000
      243     0.00000000     0.00000000
      244     0.00000000     0.00155493
      245     0.00000000     0.01301971
      246     0.00000000     0.00916752
      247     0.00000000     0.00000000
      248     0.00000000     0.00000000
      249     0.00000000     0.02665175
      250     0.00000000     0.02440691
      251     0.00000000     0.00000000
      252     0.00000000     0.01443156
      253     0.00000000     0.05253611
      254     0.00000000     0.00000000
      255     0.00000000     0.02677042
      256     0.00000000     0.00337714
      257     0.00000000     0.00000000
      258     0.00000000     0.00740550
      259     0.00000000     0.00000000
      260     0.00000000     0.00073477
      261     0.00000000     0.00000000
      262     0.00000000     0.00762828
      263     0.00000000     0.00000000
      264     0.00000000     0.00000000
      265     0.00000000     0.02261625
      266     0.00000000     0.00000000
      267     0.00000000     0.00000000
      268     0.00000000     0.03272545
      269     0.00000000     0.00000000
      270     0.00000000     0.00023293
      271     0.00000000     0.02210234
      272     0.00000000     0.00000000
      273     0.00000000     0.00000000
      274     0.00000000     0.00776078
      275     0.00000000     0.00000000
      276     0.00000000     0.00139105
      277     0.00000000     0.00000000
      278     0.00000000     0.00456685
      279     0.00000000     0.00966648
      280     0.00000000     0.00000000
      281     0.00000000     0.01835812
      282     0.00000000     0.00000000
      283     0.00000000     0.00000000
      284     0.00000000     0.01596743
      285     0.00000000     0.00000000
      286     0.00000000     0.01057090
      287     0.00000000     0.00000000
      288     0.00000000     0.00028631
      289     0.00000000     0.00388135
      290     0.00000000     0.00000000
      291     0.00000000     0.01042566
      292     0.00000000     0.00000000
      293     0.00000000     0.01343747
      294     0.00000000     0.00000000
      295     0.00000000     0.00596878
      296     0.00000000     0.00356398
      297     0.00000000     0.00000000
      298     0.00000000     0.02138632
      299     0.00000000     0.00000000
      300     0.00000000     0.00632193
      301     0.00000000     0.00754992
      302     0.00000000     0.00000000
      303     0.00000000     0.00451975
      304     0.00000000     0.00495532
      305     0.00000000     0.00000000
      306     0.00000000     0.00000000
      307     0.00000000     0.00401652
      308     0.00000000     0.00000000
      309     0.00000000     0.00000000
      310     0.00000000     0.00003147
      311     0.00000000     0.00000000
      312     0.00000000     0.00411751
      313     0.00000000     0.00116804
      314     0.00000000     0.00000000
      315     0.00000000     0.00743251
      316     0.00000000     0.01192230
      317     0.00000000     0.00000000
      318     0.00000000     0.01776281
      319     0.00000000     0.00913553
      320     0.00000000     0.00000000
      321     0.00000000     0.04469883
      322     0.00000000     0.00000000
      323     0.00000000     0.01973107
      324     0.00000000     0.00000000
      325     0.00000000     0.00118332
      326     0.00000000     0.00175778
      327     0.00000000     0.00000000
      328     0.00000000     0.00313665
      329     0.00000000     0.00000000
      330     0.00000000     0.00279708
      331     0.00000000     0.00000000
      332     0.00000000     0.00043677
      333     0.00000000     0.00138413
      334     0.00000000     0.00000000
      335     0.00000000     0.00238654
      336     0.00000000     0.00044657
      337     0.00000000     0.00000000
      338     0.00000000     0.01209913
      339     0.00000000     0.00000000
      340     0.00000000     0.01656464
      341     0.00000000     0.00000000
      342     0.00000000     0.00000000
      343     0.00000000     0.01277537
      344     0.00000000     0.00000000
      345     0.00000000     0.00766521
      346     0.00000000     0.00000000
      347     0.00000000     0.00148697
      348     0.00000000     0.00000000
      349     0.00000000     0.01068202
      350     0.00000000     0.00054140
      351     0.00000000     0.00000000
      352     0.00000000     0.01859827
      353     0.00000000     0.00000000
      354     0.00000000     0.00100158
      355     0.00000000     0.00539310
      356     0.00000000     0.00000000
      357     0.00000000     0.00383863
      358     0.00000000     0.00000000
      359     0.00000000     0.00005065
      360     0.00000000     0.00000000
      361     0.00000000     0.00081813
      362     0.00000000     0.00000000
      363     0.00000000     0.00195996
      364     0.00000000     0.00000000
      365     0.00000000     0.00392442
      366     0.00000000     0.00000000
      367     0.00000000     0.00692603
      368     0.00000000     0.00000000
      369     0.00000000     0.01006314
      370     0.00000000     0.00000000
      371     0.00000000     0.01221312
      372     0.00000000     0.00000000
      373     0.00000000     0.01038839
      374     0.00000000     0.00000000
      375     0.00000000     0.00271400
      376     0.00000000     0.00061081
      377     0.00000000     0.00197771
      378     0.00000000     0.00000000
      379     0.00000000     0.03180205
      380     0.00000000     0.00000000
      381     0.00000000     0.00876107
      382     0.00000000     0.00405065
      383     0.00000000     0.00000000
      384     0.00000000     0.00572016
      385     0.00000000     0.00000000
      386     0.00000000     0.00017837
      387     0.00000000     0.00000000
      388     0.00000000     0.00713173
      389     0.00000000     0.00000000
      390     0.00000000     0.00003217
      391     0.00000000     0.01410918
      392     0.00000000     0.00000000
      393     0.00000000     0.01716637
      394     0.00000000     0.00000000
      395     0.00000000     0.00000000
      396     0.00000000     0.00104015
      397     0.00000000     0.00387796
      398     0.00000000     0.00000000
      399     0.00000000     0.00596363
      400     0.00000000     0.00000000
      401     0.00000000     0.00144708
      402     0.00000000     0.00081605
      403     0.00000000     0.00000000
      404     0.00000000     0.00329211
      405     0.00000000     0.00000000
      406     0.00000000     0.00239055
      407     0.00000000     0.00000000
      408     0.00000000     0.00000000
      409     0.00000000     0.00736191
      410     0.00000000     0.00000000
      411     0.00000000     0.01181371
      412     0.00000000     0.00000000
      413     0.00000000     0.00296739
      414     0.00000000     0.00148918
      415     0.00000000     0.00000000
      416     0.00000000     0.00000000
      417     0.00000000     0.00583303
      418     0.00000000     0.00205595
      419     0.00000000     0.00000000
      420     0.00000000     0.02665342
      421     0.00000000     0.00000000
      422     0.00000000     0.00169402
      423     0.00000000     0.01251219
      424     0.00000000     0.00000000
      425     0.00000000     0.00969879
      426     0.00000000     0.00000000
      427     0.00000000     0.00000000
      428     0.00000000     0.00283028
      429     0.00000000     0.00000000
      430     0.00000000     0.00007582
      431     0.00000000     0.00015314
      432     0.00000000     0.00056480
      433     0.00000000     0.00000000
      434     0.00000000     0.00257567
      435     0.00000000     0.00000000
      436     0.00000000     0.00380992
      437     0.00000000     0.00000000
      438     0.00000000     0.00484442
      439     0.00000000     0.00000000
      440     0.00000000     0.00601853
      441     0.00000000     0.00000000
      442     0.00000000     0.00637473
      443     0.00000000     0.00000000
      444     0.00000000     0.00530358
      445     0.00000000     0.00000000
      446     0.00000000     0.00478336
      447     0.00000000     0.00000000
      448     0.00000000     0.00814189
      449     0.00000000     0.00000000
      450     0.00000000     0.01779550
      451     0.00000000     0.00000000
      452     0.00000000     0.02252258
      453     0.00000000     0.00000000
      454     0.00000000     0.00605564
      455     0.00000000     0.00470184
      456     0.00000000     0.00000000
      457     0.00000000     0.00823931
      458     0.00000000     0.00000000
      459     0.00000000     0.00000000
      460     0.00000000     0.00000000
      461     0.00000000     0.00686861
      462     0.00000000     0.00000000
      463     0.00000000     0.00000000
      464     0.00000000     0.02348362
      465     0.00000000     0.00000000
      466     0.00000000     0.02083343
      467     0.00000000     0.00000000
      468     0.00000000     0.00000000
      469     0.00000000     0.01641057
      470     0.00000000     0.00000000
      471     0.00000000     0.00710903
      472     0.00000000     0.00000000
      473     0.00000000     0.00118223
      474     0.00000000     0.00000000
      475     0.00000000     0.00000000
      476     0.00000000     0.00027842
      477     0.00000000     0.00000000
      478     0.00000000     0.00012779
      479     0.00000000     0.00011011
      480     0.00000000     0.00000000
      481     0.00000000     0.00064748
      482     0.00000000     0.00000000
      483     0.00000000     0.00075194
      484     0.00000000     0.00000000
      485     0.00000000     0.00029887
      486     0.00000000     0.00000965
      487     0.00000000     0.00000000
      488     0.00000000     0.00000000
      489     0.00000000     0.00124639
      490     0.00000000     0.00000000
      491     0.00000000     0.00362198
      492     0.00000000     0.00000000
      493     0.00000000     0.00046770
      494     0.00000000     0.00253104
      495     0.00000000     0.00000000
      496     0.00000000     0.00298771
      497     0.00000000     0.00000000
      498     0.00000000     0.00000000
      499     0.00000000     0.00155696
      500     0.00000000     0.00000000
      501     0.00000000     0.00000000
      502     0.00000000     0.00075699
      503     0.00000000     0.00000000
      504     0.00000000     0.00127677
      505     0.00000000     0.00089455
      506     0.00000000     0.00000000
      507     0.00000000     0.00645215
      508     0.00000000     0.00000000
      509     0.00000000     0.00000000
      510     0.00000000     0.00745772
      511     0.00000000     0.00000000
      512     0.00000000     0.00949799
      513     0.00000000     0.00000000
      514     0.00000000     0.00218882
      515     0.00000000     0.00000000
      516     0.00000000     0.00000429
      517     0.00000000     0.00000000
      518     0.00000000     0.00429493
      519     0.00000000     0.00000000
      520     0.00000000     0.00904694
      521     0.00000000     0.00000000
      522     0.00000000     0.00972608
      523     0.00000000     0.00000000
      524     0.00000000     0.00590440
      525     0.00000000     0.00000000
      526     0.00000000     0.00090322
      527     0.00000000     0.00082419
      528     0.00000000     0.00000000
      529     0.00000000     0.00236280
      530     0.00000000     0.00000000
      531     0.00000000     0.00269410
      532     0.00000000     0.00000000
      533     0.00000000     0.00102891
      534     0.00000000     0.00102766
      535     0.00000000     0.00000000
      536     0.00000000     0.00516426
      537     0.00000000     0.00000000
      538     0.00000000     0.00423086
      539     0.00000000     0.00000000
      540     0.00000000     0.00000000
      541     0.00000000     0.00240546
      542     0.00000000     0.00000000
      543     0.00000000     0.00023038
      544     0.00000000     0.00170907
      545     0.00000000     0.00000000
      546     0.00000000     0.00000000
      547     0.00000000     0.00413214
      548     0.00000000     0.00000000
      549     0.00000000     0.01342981
      550     0.00000000     0.00000000
      551     0.00000000     0.01762469
      552     0.00000000     0.00000000
      553     0.00000000     0.01420529
      554     0.00000000     0.00000000
      555     0.00000000     0.00584002
      556     0.00000000     0.00000000
      557     0.00000000     0.00000000
      558     0.00000000     0.00059793
      559     0.00000000     0.00096271
      560     0.00000000     0.00000000
      561     0.00000000     0.00318085
      562     0.00000000     0.00000000
      563     0.00000000     0.00000000
      564     0.00000000     0.00212438
      565     0.00000000     0.00000000
      566     0.00000000     0.00000000
      567     0.00000000     0.00009587
      568     0.00000000     0.00144099
      569     0.00000000     0.00000000
      570     0.00000000     0.00165027
      571     0.00000000     0.00000000
      572     0.00000000     0.00051788
      573     0.00000000     0.00000000
      574     0.00000000     0.00476760
      575     0.00000000     0.00000000
      576     0.00000000     0.00000000
      577     0.00000000     0.00996177
      578     0.00000000     0.00000000
      579     0.00000000     0.00940464
      580     0.00000000     0.00000000
      581     0.00000000     0.00000000
      582     0.00000000     0.00606749
      583     0.00000000     0.00000000
      584     0.00000000     0.00132610
      585     0.00000000     0.00128931
      586     0.00000000     0.00000000
      587     0.00000000     0.00020567
      588     0.00000000     0.00273240
      589     0.00000000     0.00000000
      590     0.00000000     0.00807281
      591     0.00000000     0.00000000
      592     0.00000000     0.00835557
      593     0.00000000     0.00000000
      594     0.00000000     0.00344435
      595     0.00000000     0.00008017
      596     0.00000000     0.00000000
      597     0.00000000     0.00702271
      598     0.00000000     0.00000000
      599     0.00000000     0.01151361
      600     0.00000000     0.00000000
