#    Step     Kinetic(H)     Potential(H)   Total(H)       E(0)(H)        E(1)(H)        
        0     0.01312679   -16.41253756   -16.39941077   -16.55432474   -16.41253756
        1     0.01559967   -16.41503367   -16.39943400   -16.55575795   -16.41503367
        2     0.01803592   -16.41748367   -16.39944775   -16.55661206   -16.41748367
        3     0.02020764   -16.41965657   -16.39944893   -16.55655245   -16.41965657
        4     0.02206797   -16.42150904   -16.39944107   -16.55534720   -16.42150904
        5     0.02369972   -16.42313407   -16.39943435   -16.55285713   -16.42313407
        6     0.02518639   -16.42462472   -16.39943833   -16.54904863   -16.42462472
        7     0.02650009   -16.42595103   -16.39945094   -16.54402977   -16.42595103
        8     0.02750580   -16.42696930   -16.39946350   -16.53803340   -16.42696930
        9     0.02804765   -16.42751917   -16.39947152   -16.53133904   -16.42751917
       10     0.02801421   -16.42748847   -16.39947426   -16.52421502   -16.42748847
       11     0.02736658   -16.42683732   -16.39947074   -16.51690795   -16.42683732
       12     0.02615859   -16.42561917   -16.39946058   -16.50966839   -16.42561917
       13     0.02454580   -16.42399054   -16.39944474   -16.50277264   -16.42399054
       14     0.02276250   -16.42218993   -16.39942743   -16.49651687   -16.42218993
       15     0.02106825   -16.42048074   -16.39941249   -16.49117656   -16.42048074
       16     0.01968690   -16.41908983   -16.39940293   -16.48696098   -16.41908983
       17     0.01876793   -16.41816667   -16.39939874   -16.48398637   -16.41816667
       18     0.01838244   -16.41778053   -16.39939809   -16.48228313   -16.41778053
       19     0.01854904   -16.41794736   -16.39939832   -16.48182827   -16.41794736
       20     0.01926972   -16.41866796   -16.39939824   -16.48258490   -16.41866796
       21     0.02054217   -16.41994207   -16.39939990   -16.48451497   -16.41994207
       22     0.02232489   -16.42173311   -16.39940822   -16.48754124   -16.42173311
       23     0.02446891   -16.42389549   -16.39942658   -16.49147248   -16.42389549
       24     0.02667343   -16.42612605   -16.39945262   -16.49595359   -16.42612605
       25     0.02852755   -16.42800524   -16.39947769   -16.50050654   -16.42800524
       26     0.02964254   -16.42913333   -16.39949079   -16.50466713   -16.42913333
       27     0.02980732   -16.42929352   -16.39948620   -16.50814876   -16.42929352
       28     0.02907949   -16.42854481   -16.39946532   -16.51093594   -16.42854481
       29     0.02776036   -16.42719757   -16.39943721   -16.51326025   -16.42719757
       30     0.02626647   -16.42567942   -16.39941295   -16.51546681   -16.42567942
       31     0.02496351   -16.42436420   -16.39940069   -16.51784437   -16.42436420
       32     0.02404388   -16.42344573   -16.39940185   -16.52050137   -16.42344573
       33     0.02349819   -16.42291047   -16.39941228   -16.52334195   -16.42291047
       34     0.02317356   -16.42259908   -16.39942552   -16.52613185   -16.42259908
       35     0.02287102   -16.42230633   -16.39943531   -16.52860258   -16.42230633
       36     0.02244042   -16.42187792   -16.39943750   -16.53055131   -16.42187792
       37     0.02185389   -16.42128297   -16.39942908   -16.53191398   -16.42128297
       38     0.02124663   -16.42065752   -16.39941089   -16.53280681   -16.42065752
       39     0.02090141   -16.42028996   -16.39938855   -16.53350769   -16.42028996
       40     0.02115684   -16.42052905   -16.39937221   -16.53435978   -16.42052905
       41     0.02225645   -16.42162780   -16.39937135   -16.53561171   -16.42162780
       42     0.02421090   -16.42359954   -16.39938864   -16.53727182   -16.42359954
       43     0.02675937   -16.42617730   -16.39941793   -16.53906812   -16.42617730
       44     0.02945750   -16.42890600   -16.39944850   -16.54054306   -16.42890600
       45     0.03183752   -16.43130847   -16.39947095   -16.54122379   -16.43130847
       46     0.03355163   -16.43303185   -16.39948022   -16.54077311   -16.43303185
       47     0.03444718   -16.43392383   -16.39947665   -16.53906991   -16.43392383
       48     0.03456974   -16.43403340   -16.39946366   -16.53621256   -16.43403340
       49     0.03411014   -16.43355720   -16.39944706   -16.53246508   -16.43355720
       50     0.03331451   -16.43274817   -16.39943366   -16.52816357   -16.43274817
       51     0.03238277   -16.43181123   -16.39942846   -16.52360687   -16.43181123
       52     0.03139664   -16.43082851   -16.39943187   -16.51897577   -16.43082851
       53     0.03031397   -16.42975339   -16.39943942   -16.51432001   -16.42975339
       54     0.02903417   -16.42847816   -16.39944399   -16.50962007   -16.42847816
       55     0.02750143   -16.42694075   -16.39943932   -16.50488915   -16.42694075
       56     0.02579410   -16.42521788   -16.39942378   -16.50026371   -16.42521788
       57     0.02415145   -16.42355245   -16.39940100   -16.49602997   -16.42355245
       58     0.02291328   -16.42229333   -16.39938005   -16.49256409   -16.42229333
       59     0.02238887   -16.42175914   -16.39937027   -16.49019739   -16.42175914
       60     0.02272063   -16.42209654   -16.39937591   -16.48907621   -16.42209654
       61     0.02382384   -16.42321718   -16.39939334   -16.48910052   -16.42321718
       62     0.02543630   -16.42485075   -16.39941445   -16.48997837   -16.42485075
       63     0.02723436   -16.42666674   -16.39943238   -16.49134893   -16.42666674
       64     0.02893656   -16.42838088   -16.39944432   -16.49289003   -16.42838088
       65     0.03035004   -16.42980091   -16.39945087   -16.49436522   -16.42980091
       66     0.03136580   -16.43081963   -16.39945383   -16.49561779   -16.43081963
       67     0.03193737   -16.43139115   -16.39945378   -16.49654852   -16.43139115
       68     0.03206790   -16.43151873   -16.39945083   -16.49710470   -16.43151873
       69     0.03180662   -16.43125180   -16.39944518   -16.49727872   -16.43125180
       70     0.03123764   -16.43067672   -16.39943908   -16.49710045   -16.43067672
       71     0.03044765   -16.42988311   -16.39943546   -16.49660540   -16.42988311
       72     0.02948685   -16.42892214   -16.39943529   -16.49579498   -16.42892214
       73     0.02836049   -16.42779591   -16.39943542   -16.49462804   -16.42779591
       74     0.02707747   -16.42650738   -16.39942991   -16.49307264   -16.42650738
       75     0.02572878   -16.42514473   -16.39941595   -16.49119204   -16.42514473
       76     0.02452358   -16.42392068   -16.39939710   -16.48918499   -16.42392068
       77     0.02373230   -16.42311458   -16.39938228   -16.48732789   -16.42311458
       78     0.02356432   -16.42294242   -16.39937810   -16.48584428   -16.42294242
       79     0.02407224   -16.42345670   -16.39938446   -16.48480345   -16.42345670
       80     0.02515492   -16.42454983   -16.39939491   -16.48412206   -16.42454983
       81     0.02664641   -16.42604913   -16.39940272   -16.48365712   -16.42604913
       82     0.02841459   -16.42781976   -16.39940517   -16.48330650   -16.42781976
       83     0.03040576   -16.42980954   -16.39940378   -16.48305176   -16.42980954
       84     0.03262216   -16.43202500   -16.39940284   -16.48293224   -16.43202500
       85     0.03506097   -16.43446767   -16.39940670   -16.48298020   -16.43446767
       86     0.03765252   -16.43707019   -16.39941767   -16.48315656   -16.43707019
       87     0.04022430   -16.43965969   -16.39943539   -16.48331393   -16.43965969
       88     0.04250789   -16.44196413   -16.39945624   -16.48320336   -16.44196413
       89     0.04419388   -16.44366815   -16.39947427   -16.48253041   -16.44366815
       90     0.04502172   -16.44450479   -16.39948307   -16.48104671   -16.44450479
       91     0.04486855   -16.44434829   -16.39947974   -16.47864257   -16.44434829
       92     0.04379303   -16.44325887   -16.39946584   -16.47539132   -16.44325887
       93     0.04200931   -16.44145629   -16.39944698   -16.47152261   -16.44145629
       94     0.03980809   -16.43923697   -16.39942888   -16.46733991   -16.43923697
       95     0.03746832   -16.43688352   -16.39941520   -16.46313092   -16.43688352
       96     0.03520099   -16.43460772   -16.39940673   -16.45911175   -16.43460772
       97     0.03313685   -16.43253867   -16.39940182   -16.45541588   -16.43253867
       98     0.03134886   -16.43074672   -16.39939786   -16.45211742   -16.43074672
       99     0.02989260   -16.42928509   -16.39939249   -16.44927086   -16.42928509
      100     0.02884177   -16.42822695   -16.39938518   -16.44694472   -16.42822695
      101     0.02830188   -16.42767850   -16.39937662   -16.44523164   -16.42767850
      102     0.02839767   -16.42776678   -16.39936911   -16.44423494   -16.42776678
      103     0.02924124   -16.42860612   -16.39936488   -16.44403699   -16.42860612
      104     0.03089615   -16.43026176   -16.39936561   -16.44466784   -16.43026176
      105     0.03334938   -16.43272159   -16.39937221   -16.44608425   -16.43272159
      106     0.03649708   -16.43588164   -16.39938456   -16.44816330   -16.43588164
      107     0.04014489   -16.43954697   -16.39940208   -16.45071114   -16.43954697
      108     0.04401933   -16.44344268   -16.39942335   -16.45348166   -16.44344268
      109     0.04779234   -16.44723829   -16.39944595   -16.45620690   -16.44723829
      110     0.05917922   -16.45864444   -16.39946522   -16.45864444   -16.45059309
      111     0.06141802   -16.46089855   -16.39948053   -16.46089855   -16.45306982
      112     0.06364302   -16.46315284   -16.39950982   -16.46315284   -16.45403566
      113     0.06553633   -16.46505933   -16.39952300   -16.46505933   -16.45376752
      114     0.06691943   -16.46644636   -16.39952693   -16.46644636   -16.45260052
      115     0.06772793   -16.46725945   -16.39953152   -16.46725945   -16.45075695
      116     0.06790030   -16.46743660   -16.39953630   -16.46743660   -16.44832751
      117     0.06737107   -16.46690750   -16.39953643   -16.46690750   -16.44533420
      118     0.06613973   -16.46566774   -16.39952801   -16.46566774   -16.44183028
      119     0.06432978   -16.46384071   -16.39951093   -16.46384071   -16.43797284
      120     0.06219572   -16.46168379   -16.39948807   -16.46168379   -16.43403491
      121     0.06008272   -16.45954652   -16.39946380   -16.45954652   -16.43036880
      122     0.05836366   -16.45780577   -16.39944211   -16.45780577   -16.42734605
      123     0.05737167   -16.45679878   -16.39942711   -16.45679878   -16.42529512
      124     0.05733569   -16.45675781   -16.39942212   -16.45675781   -16.42443997
      125     0.05832853   -16.45775751   -16.39942898   -16.45775751   -16.42485035
      126     0.06023983   -16.45968715   -16.39944732   -16.45968715   -16.42641589
      127     0.06278899   -16.46226204   -16.39947305   -16.46226204   -16.42885796
      128     0.06558954   -16.46508847   -16.39949893   -16.46508847   -16.43179365
      129     0.06826001   -16.46777676   -16.39951675   -16.46777676   -16.43484604
      130     0.07054788   -16.47006850   -16.39952062   -16.47006850   -16.43776711
      131     0.07240695   -16.47191821   -16.39951126   -16.47191821   -16.44051352
      132     0.07397300   -16.47347098   -16.39949798   -16.47347098   -16.44321833
      133     0.07542991   -16.47492292   -16.39949301   -16.47492292   -16.44604626
      134     0.07683683   -16.47634031   -16.39950348   -16.47634031   -16.44901014
      135     0.07803506   -16.47756038   -16.39952532   -16.47756038   -16.45187249
      136     0.07870855   -16.47825465   -16.39954610   -16.47825465   -16.45421305
      137     0.07856023   -16.47811380   -16.39955357   -16.47811380   -16.45562142
      138     0.07748618   -16.47702922   -16.39954304   -16.47702922   -16.45588773
      139     0.07564970   -16.47516791   -16.39951821   -16.47516791   -16.45508726
      140     0.07342932   -16.47291759   -16.39948827   -16.47291759   -16.45353377
      141     0.07128471   -16.47074750   -16.39946279   -16.47074750   -16.45164616
      142     0.06961126   -16.46905979   -16.39944853   -16.46905979   -16.44980074
      143     0.06864178   -16.46808845   -16.39944667   -16.46808845   -16.44822650
      144     0.06842051   -16.46787490   -16.39945439   -16.46787490   -16.44697396
      145     0.06884458   -16.46831047   -16.39946589   -16.46831047   -16.44595024
      146     0.06974744   -16.46922295   -16.39947551   -16.46922295   -16.44499990
      147     0.07098126   -16.47046193   -16.39948067   -16.47046193   -16.44398750
      148     0.07245518   -16.47193825   -16.39948307   -16.47193825   -16.44283614
      149     0.07410852   -16.47359672   -16.39948820   -16.47359672   -16.44150071
      150     0.07584380   -16.47534280   -16.39949900   -16.47534280   -16.43989605
      151     0.07749141   -16.47700285   -16.39951144   -16.47700285   -16.43785906
      152     0.07886811   -16.47838344   -16.39951533   -16.47838344   -16.43521036
      153     0.07991674   -16.47941863   -16.39950189   -16.47941863   -16.43190489
      154     0.08081748   -16.48029209   -16.39947461   -16.48029209   -16.42815731
      155     0.08193974   -16.48138947   -16.39944973   -16.48138947   -16.42439678
      156     0.08362119   -16.48306692   -16.39944573   -16.48306692   -16.42103520
      157     0.08593219   -16.48539835   -16.39946616   -16.48539835   -16.41821098
      158     0.08862325   -16.48812161   -16.39949836   -16.48812161   -16.41573002
      159     0.09128541   -16.49081088   -16.39952547   -16.49081088   -16.41323350
      160     0.09356850   -16.49310777   -16.39953927   -16.49310777   -16.41042602
      161     0.09529949   -16.49484057   -16.39954108   -16.49484057   -16.40719271
      162     0.09647043   -16.49600698   -16.39953655   -16.49600698   -16.40357988
      163     0.09716705   -16.49669679   -16.39952974   -16.49669679   -16.39971606
      164     0.09751769   -16.49703882   -16.39952113   -16.49703882   -16.39575969
      165     0.09768391   -16.49719366   -16.39950975   -16.49719366   -16.39189597
      166     0.09786738   -16.49736303   -16.39949565   -16.49736303   -16.38835277
      167     0.09830629   -16.49778717   -16.39948088   -16.49778717   -16.38539918
      168     0.09924585   -16.49871455   -16.39946870   -16.49871455   -16.38329814
      169     0.10088355   -16.50034681   -16.39946326   -16.50034681   -16.38221336
      170     0.10329927   -16.50276930   -16.39947003   -16.50276930   -16.38211313
      171     0.10638066   -16.50587360   -16.39949294   -16.50587360   -16.38272101
      172     0.10977735   -16.50930809   -16.39953074   -16.50930809   -16.38353566
      173     0.11293188   -16.51250707   -16.39957519   -16.51250707   -16.38392161
      174     0.11520230   -16.51481737   -16.39961507   -16.51481737   -16.38325328
      175     0.11605566   -16.51569020   -16.39963454   -16.51569020   -16.38110771
      176     0.11530288   -16.51492083   -16.39961795   -16.51492083   -16.37748771
      177     0.11332018   -16.51287724   -16.39955706   -16.51287724   -16.37300774
      178     0.11111531   -16.51058267   -16.39946736   -16.51058267   -16.36887469
      179     0.11003618   -16.50943292   -16.39939674   -16.50943292   -16.36648420
      180     0.11109366   -16.51048708   -16.39939342   -16.51048708   -16.36673776
      181     0.11433440   -16.51379186   -16.39945746   -16.51379186   -16.36952946
      182     0.11883612   -16.51837958   -16.39954346   -16.51837958   -16.37382774
      183     0.12330893   -16.52291503   -16.39960610   -16.52291503   -16.37829914
      184     0.12674947   -16.52637895   -16.39962948   -16.52637895   -16.38194633
      185     0.12871752   -16.52834058   -16.39962306   -16.52834058   -16.38435066
      186     0.12924624   -16.52884951   -16.39960327   -16.52884951   -16.38555422
      187     0.12861673   -16.52819842   -16.39958169   -16.52819842   -16.38582694
      188     0.12716821   -16.52673217   -16.39956396   -16.52673217   -16.38548611
      189     0.12519240   -16.52474422   -16.39955182   -16.52474422   -16.38480228
      190     0.12289201   -16.52243695   -16.39954494   -16.52243695   -16.38396428
      191     0.12038371   -16.51992455   -16.39954084   -16.51992455   -16.38308115
      192     0.11773188   -16.51726934   -16.39953746   -16.51726934   -16.38221370
      193     0.11498212   -16.51451702   -16.39953490   -16.51451702   -16.38140355
      194     0.11216613   -16.51170118   -16.39953505   -16.51170118   -16.38067233
      195     0.10928276   -16.50882218   -16.39953942   -16.50882218   -16.37999721
      196     0.10628461   -16.50583092   -16.39954631   -16.50583092   -16.37929413
      197     0.10310447   -16.50265510   -16.39955063   -16.50265510   -16.37844542
      198     0.09973326   -16.49927778   -16.39954452   -16.49927778   -16.37738134
      199     0.09632857   -16.49585035   -16.39952178   -16.49585035   -16.37619606
      200     0.09328091   -16.49276773   -16.39948682   -16.49276773   -16.37522502
      201     0.09112204   -16.49058114   -16.39945910   -16.49058114   -16.37495803
      202     0.09024786   -16.48970744   -16.39945958   -16.48970744   -16.37574937
      203     0.09064010   -16.49012902   -16.39948892   -16.49012902   -16.37752064
      204     0.09186506   -16.49138899   -16.39952393   -16.49138899   -16.37976163
      205     0.09337294   -16.49291590   -16.39954296   -16.49291590   -16.38186154
      206     0.09480225   -16.49434662   -16.39954437   -16.49434662   -16.38343662
      207     0.09603623   -16.49557737   -16.39954114   -16.49557737   -16.38438338
      208     0.09705233   -16.49659680   -16.39954447   -16.49659680   -16.38471218
      209     0.09778149   -16.49733465   -16.39955316   -16.49733465   -16.38439548
      210     0.09811621   -16.49767405   -16.39955784   -16.49767405   -16.38337974
      211     0.09802668   -16.49757755   -16.39955087   -16.49757755   -16.38171113
      212     0.09765601   -16.49718889   -16.39953288   -16.49718889   -16.37963688
      213     0.09730509   -16.49681674   -16.39951165   -16.49681674   -16.37758583
      214     0.09731853   -16.49681497   -16.39949644   -16.49681497   -16.37603598
      215     0.09794646   -16.49743981   -16.39949335   -16.49743981   -16.37534265
      216     0.09924508   -16.49874916   -16.39950408   -16.49874916   -16.37560498
      217     0.10103623   -16.50056450   -16.39952827   -16.50056450   -16.37662689
      218     0.10292989   -16.50249076   -16.39956087   -16.50249076   -16.37797591
      219     0.10442091   -16.50401177   -16.39959086   -16.50401177   -16.37911939
      220     0.10506106   -16.50466511   -16.39960405   -16.50466511   -16.37961012
      221     0.10466243   -16.50425341   -16.39959098   -16.50425341   -16.37928512
      222     0.10342743   -16.50298203   -16.39955460   -16.50298203   -16.37838371
      223     0.10188736   -16.50140076   -16.39951340   -16.50140076   -16.37747455
      224     0.10064281   -16.50013187   -16.39948906   -16.50013187   -16.37717881
      225     0.10006171   -16.49955378   -16.39949207   -16.49955378   -16.37785742
      226     0.10011205   -16.49963263   -16.39952058   -16.49963263   -16.37945083
      227     0.10037849   -16.49994234   -16.39956385   -16.49994234   -16.38150626
      228     0.10022397   -16.49982834   -16.39960437   -16.49982834   -16.38334397
      229     0.09905365   -16.49867671   -16.39962306   -16.49867671   -16.38432444
      230     0.09659144   -16.49620173   -16.39961029   -16.49620173   -16.38413174
      231     0.09302586   -16.49259649   -16.39957063   -16.49259649   -16.38291939
      232     0.08894751   -16.48846687   -16.39951936   -16.48846687   -16.38124254
      233     0.08512793   -16.48460179   -16.39947386   -16.48460179   -16.37982886
      234     0.08225813   -16.48170579   -16.39944766   -16.48170579   -16.37931497
      235     0.08073942   -16.48018691   -16.39944749   -16.48018691   -16.38003961
      236     0.08057477   -16.48004780   -16.39947303   -16.48004780   -16.38193953
      237     0.08137492   -16.48089208   -16.39951716   -16.48089208   -16.38455892
      238     0.08246764   -16.48203625   -16.39956861   -16.48203625   -16.38716284
      239     0.08307683   -16.48269112   -16.39961429   -16.48269112   -16.38891737
      240     0.08254115   -16.48217983   -16.39963868   -16.48217983   -16.38910526
      241     0.08055267   -16.48017945   -16.39962678   -16.48017945   -16.38736416
      242     0.07737204   -16.47694377   -16.39957173   -16.47694377   -16.38390759
      243     0.07389074   -16.47337974   -16.39948900   -16.47337974   -16.37960185
      244     0.07136078   -16.47078064   -16.39941986   -16.47078064   -16.37570520
      245     0.07079183   -16.47019846   -16.39940663   -16.47019846   -16.37325262
      246     0.07237194   -16.47182876   -16.39945682   -16.47182876   -16.37246388
      247     0.07536531   -16.47490467   -16.39953936   -16.47490467   -16.37267894
      248     0.07853777   -16.47815212   -16.39961435   -16.47815212   -16.37286491
      249     0.08074363   -16.48039829   -16.39965466   -16.48039829   -16.37220799
      250     0.08133990   -16.48099145   -16.39965155   -16.48099145   -16.37032043
      251     0.08029533   -16.47991609   -16.39962076   -16.47991609   -16.36713354
      252     0.07802274   -16.47760236   -16.39957962   -16.47760236   -16.36284649
      253     0.07514321   -16.47467968   -16.39953647   -16.47467968   -16.35791425
      254     0.07233400   -16.47183072   -16.39949672   -16.47183072   -16.35296338
      255     0.07021505   -16.46968380   -16.39946875   -16.46968380   -16.34864502
      256     0.06921843   -16.46867911   -16.39946068   -16.46867911   -16.34546043
      257     0.06946695   -16.46894274   -16.39947579   -16.46894274   -16.34360553
      258     0.07073936   -16.47024632   -16.39950696   -16.47024632   -16.34291249
      259     0.07258089   -16.47211969   -16.39953880   -16.47211969   -16.34295166
      260     0.07452634   -16.47408302   -16.39955668   -16.47408302   -16.34325969
      261     0.07630082   -16.47585959   -16.39955877   -16.47585959   -16.34355515
      262     0.07785254   -16.47740882   -16.39955628   -16.47740882   -16.34377974
      263     0.07920295   -16.47876525   -16.39956230   -16.47876525   -16.34394477
      264     0.08030005   -16.47987187   -16.39957182   -16.47987187   -16.34397396
      265     0.08108921   -16.48065336   -16.39956415   -16.48065336   -16.34377895
      266     0.08176207   -16.48129127   -16.39952920   -16.48129127   -16.34353602
      267     0.08285806   -16.48234554   -16.39948748   -16.48234554   -16.34380859
      268     0.08497998   -16.48445486   -16.39947488   -16.48445486   -16.34524991
      269     0.08830894   -16.48781853   -16.39950959   -16.48781853   -16.34808691
      270     0.09236040   -16.49193673   -16.39957633   -16.49193673   -16.35185991
      271     0.09618624   -16.49582748   -16.39964124   -16.49582748   -16.35563443
      272     0.09883158   -16.49851091   -16.39967933   -16.49851091   -16.35847298
      273     0.09971887   -16.49940091   -16.39968204   -16.49940091   -16.35980918
      274     0.09878458   -16.49843958   -16.39965500   -16.49843958   -16.35956584
      275     0.09641048   -16.49602149   -16.39961101   -16.49602149   -16.35806964
      276     0.09326037   -16.49282162   -16.39956125   -16.49282162   -16.35588736
      277     0.09008946   -16.48960711   -16.39951765   -16.48960711   -16.35365146
      278     0.08757137   -16.48705836   -16.39948699   -16.48705836   -16.35191839
      279     0.08619426   -16.48566367   -16.39946941   -16.48566367   -16.35109682
      280     0.08624195   -16.48570610   -16.39946415   -16.48570610   -16.35144868
      281     0.08777830   -16.48725631   -16.39947801   -16.48725631   -16.35307322
      282     0.09054047   -16.49006394   -16.39952347   -16.49006394   -16.35576798
      283     0.09381725   -16.49341295   -16.39959570   -16.49341295   -16.35887003
      284     0.09653214   -16.49620142   -16.39966928   -16.49620142   -16.36131627
      285     0.09761671   -16.49732683   -16.39971012   -16.49732683   -16.36203129
      286     0.09649323   -16.49619004   -16.39969681   -16.49619004   -16.36044102
      287     0.09339309   -16.49302320   -16.39963011   -16.49302320   -16.35681129
      288     0.08933683   -16.48887055   -16.39953372   -16.48887055   -16.35223663
      289     0.08576571   -16.48521220   -16.39944649   -16.48521220   -16.34826584
      290     0.08395693   -16.48336306   -16.39940613   -16.48336306   -16.34629449
      291     0.08447903   -16.48390973   -16.39943070   -16.48390973   -16.34698683
      292     0.08695622   -16.48646311   -16.39950689   -16.48646311   -16.35001014
      293     0.09024532   -16.48984712   -16.39960180   -16.48984712   -16.35420921
      294     0.09291087   -16.49259178   -16.39968091   -16.49259178   -16.35809597
      295     0.09374716   -16.49346763   -16.39972047   -16.49346763   -16.36038947
      296     0.09215694   -16.49186560   -16.39970866   -16.49186560   -16.36040552
      297     0.08835690   -16.48799915   -16.39964225   -16.48799915   -16.35826945
      298     0.08341489   -16.48294756   -16.39953267   -16.48294756   -16.35496939
      299     0.07901904   -16.47843715   -16.39941811   -16.47843715   -16.35214744
      300     0.07687636   -16.47623124   -16.39935488   -16.47623124   -16.35149868
      301     0.07791682   -16.47729479   -16.39937797   -16.47729479   -16.35394296
      302     0.08180549   -16.48127734   -16.39947185   -16.48127734   -16.35911093
      303     0.08714806   -16.48673305   -16.39958499   -16.48673305   -16.36556153
      304     0.09220832   -16.49187999   -16.39967167   -16.49187999   -16.37153378
      305     0.09559133   -16.49530670   -16.39971537   -16.49530670   -16.37564367
      306     0.09655091   -16.49627070   -16.39971979   -16.49627070   -16.37717321
      307     0.09498981   -16.49468083   -16.39969102   -16.49468083   -16.37604611
      308     0.09138016   -16.49101138   -16.39963122   -16.49101138   -16.37273824
      309     0.08670069   -16.48624672   -16.39954603   -16.48624672   -16.36822142
      310     0.08230159   -16.48175695   -16.39945536   -16.48175695   -16.36384061
      311     0.07957145   -16.47896459   -16.39939314   -16.47896459   -16.36098405
      312     0.07942498   -16.47881694   -16.39939196   -16.47881694   -16.36056010
      313     0.08184540   -16.48130490   -16.39945950   -16.48130490   -16.36252031
      314     0.08580496   -16.48537092   -16.39956596   -16.48537092   -16.36576975
      315     0.08971211   -16.48937009   -16.39965798   -16.48937009   -16.36862850
      316     0.09217236   -16.49186492   -16.39969256   -16.49186492   -16.36962619
      317     0.09260847   -16.49227171   -16.39966324   -16.49227171   -16.36814947
      318     0.09138497   -16.49098256   -16.39959759   -16.49098256   -16.36456850
      319     0.08943785   -16.48897151   -16.39953366   -16.48897151   -16.35984967
      320     0.08773930   -16.48723238   -16.39949308   -16.48723238   -16.35499959
      321     0.08695947   -16.48643569   -16.39947622   -16.48643569   -16.35072562
      322     0.08741000   -16.48688797   -16.39947797   -16.48688797   -16.34739535
      323     0.08908913   -16.48858699   -16.39949786   -16.48858699   -16.34509092
      324     0.09170130   -16.49123479   -16.39953349   -16.49123479   -16.34362309
      325     0.09470713   -16.49428294   -16.39957581   -16.49428294   -16.34258530
      326     0.09745967   -16.49707355   -16.39961388   -16.49707355   -16.34151672
      327     0.09936265   -16.49900471   -16.39964206   -16.49900471   -16.34009021
      328     0.09998572   -16.49963987   -16.39965415   -16.49963987   -16.33818880
      329     0.09914110   -16.49878658   -16.39964548   -16.49878658   -16.33585711
      330     0.09691292   -16.49653684   -16.39962392   -16.49653684   -16.33320422
      331     0.09355255   -16.49316475   -16.39961220   -16.49316475   -16.33036202
      332     0.08935634   -16.48894442   -16.39958808   -16.48894442   -16.32752931
      333     0.08474809   -16.48429970   -16.39955161   -16.48429970   -16.32495517
      334     0.08030481   -16.47981957   -16.39951476   -16.47981957   -16.32296084
      335     0.07661031   -16.47609797   -16.39948766   -16.47609797   -16.32189927
      336     0.07408300   -16.47356398   -16.39948098   -16.47356398   -16.32199309
      337     0.07282092   -16.47231944   -16.39949852   -16.47231944   -16.32316993
      338     0.07254147   -16.47207769   -16.39953622   -16.47207769   -16.32500988
      339     0.07264830   -16.47223027   -16.39958197   -16.47223027   -16.32682396
      340     0.07243112   -16.47204692   -16.39961580   -16.47204692   -16.32786037
      341     0.07137288   -16.47099104   -16.39961816   -16.47099104   -16.32761668
      342     0.06943847   -16.46902072   -16.39958225   -16.46902072   -16.32612719
      343     0.06716333   -16.46668510   -16.39952177   -16.46668510   -16.32403917
      344     0.06544003   -16.46490723   -16.39946720   -16.46490723   -16.32237367
      345     0.06507064   -16.46451980   -16.39944916   -16.46451980   -16.32204422
      346     0.06632308   -16.46580175   -16.39947867   -16.46580175   -16.32338484
      347     0.06876663   -16.46830768   -16.39954105   -16.46830768   -16.32598039
      348     0.07147414   -16.47108280   -16.39960866   -16.47108280   -16.32888927
      349     0.07341664   -16.47307591   -16.39965927   -16.47307591   -16.33106861
      350     0.07381122   -16.47349373   -16.39968251   -16.47349373   -16.33174678
      351     0.07230518   -16.47198503   -16.39967985   -16.47198503   -16.33064720
      352     0.06898972   -16.46864772   -16.39965800   -16.46864772   -16.32807962
      353     0.06441015   -16.46399473   -16.39958458   -16.46399473   -16.32482031
      354     0.05969461   -16.45919030   -16.39949569   -16.45919030   -16.32146708
      355     0.05610304   -16.45554638   -16.39944334   -16.45554638   -16.31849475
      356     0.05450168   -16.45392157   -16.39941989   -16.45392157   -16.31664498
      357     0.05520111   -16.45464803   -16.39944692   -16.45464803   -16.31630691
      358     0.05775928   -16.45727675   -16.39951747   -16.45727675   -16.31708543
      359     0.06110604   -16.46069880   -16.39959276   -16.46069880   -16.31793600
      360     0.06408153   -16.46371732   -16.39963579   -16.46371732   -16.31774592
      361     0.06596634   -16.46560369   -16.39963735   -16.46560369   -16.31588632
      362     0.06666368   -16.46627123   -16.39960755   -16.46627123   -16.31236663
      363     0.06661377   -16.46616098   -16.39954721   -16.46616098   -16.30764655
      364     0.06615488   -16.46584364   -16.39968876   -16.46584364   -16.30286256
      365     0.06569642   -16.46519525   -16.39949883   -16.46519525   -16.30021236
      366     0.06618723   -16.46566037   -16.39947314   -16.46566037   -16.29934625
      367     0.06827470   -16.46773145   -16.39945675   -16.46773145   -16.30072366
      368     0.07212405   -16.47161230   -16.39948825   -16.47161230   -16.30459473
      369     0.07721920   -16.47678744   -16.39956824   -16.47678744   -16.31046466
      370     0.08234838   -16.48201370   -16.39966532   -16.48201370   -16.31707317
      371     0.08606372   -16.48579731   -16.39973359   -16.48579731   -16.32286024
      372     0.08734895   -16.48708882   -16.39973987   -16.48708882   -16.32666201
      373     0.08609775   -16.48578118   -16.39968343   -16.48578118   -16.32822132
      374     0.08312319   -16.48271991   -16.39959672   -16.48271991   -16.32821860
      375     0.07969556   -16.47921918   -16.39952362   -16.47921918   -16.32781173
      376     0.07690843   -16.47640013   -16.39949170   -16.47640013   -16.32799482
      377     0.07525895   -16.47476124   -16.39950229   -16.47476124   -16.32918048
      378     0.07459858   -16.47413898   -16.39954040   -16.47413898   -16.33116110
      379     0.07433814   -16.47392493   -16.39958679   -16.47392493   -16.33331626
      380     0.07376555   -16.47338456   -16.39961901   -16.47338456   -16.33491684
      381     0.07237913   -16.47200027   -16.39962114   -16.47200027   -16.33545452
      382     0.07010970   -16.46970386   -16.39959416   -16.46970386   -16.33486618
      383     0.06731686   -16.46687064   -16.39955378   -16.46687064   -16.33352554
      384     0.06457703   -16.46409557   -16.39951854   -16.46409557   -16.33202080
      385     0.06241595   -16.46191508   -16.39949913   -16.46191508   -16.33087853
      386     0.06114672   -16.46064110   -16.39949438   -16.46064110   -16.33039847
      387     0.06087635   -16.46037154   -16.39949519   -16.46037154   -16.33066197
      388     0.06162544   -16.46111960   -16.39949416   -16.46111960   -16.33165767
      389     0.06342718   -16.46291999   -16.39949281   -16.46291999   -16.33338478
      390     0.06630523   -16.46580451   -16.39949928   -16.46580451   -16.33582941
      391     0.07015740   -16.46967798   -16.39952058   -16.46967798   -16.33884895
      392     0.07466130   -16.47421687   -16.39955557   -16.47421687   -16.34208907
      393     0.07928355   -16.47888080   -16.39959725   -16.47888080   -16.34502354
      394     0.08339471   -16.48302854   -16.39963383   -16.48302854   -16.34710321
      395     0.08645557   -16.48610692   -16.39965135   -16.48610692   -16.34795877
      396     0.08820609   -16.48785099   -16.39964490   -16.48785099   -16.34752820
      397     0.08872025   -16.48834685   -16.39962660   -16.48834685   -16.34598375
      398     0.08829813   -16.48790153   -16.39960340   -16.48790153   -16.34361583
      399     0.08730680   -16.48689272   -16.39958592   -16.48689272   -16.34077301
      400     0.08602510   -16.48560606   -16.39958096   -16.48560606   -16.33776531
      401     0.08456586   -16.48415014   -16.39958428   -16.48415014   -16.33478169
      402     0.08293350   -16.48251781   -16.39958431   -16.48251781   -16.33192839
      403     0.08116171   -16.48073521   -16.39957350   -16.48073521   -16.32935583
      404     0.07941963   -16.47897310   -16.39955347   -16.47897310   -16.32735123
      405     0.07799680   -16.47752991   -16.39953311   -16.47752991   -16.32630556
      406     0.07717640   -16.47669979   -16.39952339   -16.47669979   -16.32656774
      407     0.07708456   -16.47661399   -16.39952943   -16.47661399   -16.32827580
      408     0.07762697   -16.47717119   -16.39954422   -16.47717119   -16.33128274
      409     0.07858394   -16.47813624   -16.39955230   -16.47813624   -16.33525831
      410     0.07981722   -16.47936094   -16.39954372   -16.47936094   -16.33992066
      411     0.08139299   -16.48092215   -16.39952916   -16.48092215   -16.34519129
      412     0.08342520   -16.48296237   -16.39953717   -16.48296237   -16.35105470
      413     0.08570977   -16.48529592   -16.39958615   -16.48529592   -16.35718188
      414     0.08751550   -16.48717421   -16.39965871   -16.48717421   -16.36270778
      415     0.08783497   -16.48754590   -16.39971093   -16.48754590   -16.36649682
      416     0.08598518   -16.48569107   -16.39970589   -16.48569107   -16.36777532
      417     0.08211662   -16.48175634   -16.39963972   -16.48175634   -16.36665969
      418     0.07725120   -16.47679640   -16.39954520   -16.47679640   -16.36418932
      419     0.07281451   -16.47228353   -16.39946902   -16.47228353   -16.36182907
      420     0.06996679   -16.46940893   -16.39944214   -16.46940893   -16.36076642
      421     0.06914513   -16.46861002   -16.39946489   -16.46861002   -16.36143674
      422     0.07004006   -16.46955392   -16.39951386   -16.46955392   -16.36350559
      423     0.07191262   -16.47147524   -16.39956262   -16.47147524   -16.36620484
      424     0.07398674   -16.47358222   -16.39959548   -16.47358222   -16.36873569
      425     0.07570832   -16.47531689   -16.39960857   -16.47531689   -16.37052395
      426     0.07683062   -16.47643453   -16.39960391   -16.47643453   -16.37129411
      427     0.07741099   -16.47699277   -16.39958178   -16.47699277   -16.37105508
      428     0.07780245   -16.47734455   -16.39954210   -16.47734455   -16.37009459
      429     0.07862447   -16.47811769   -16.39949322   -16.47811769   -16.36896858
      430     0.08060474   -16.48006284   -16.39945810   -16.48006284   -16.36836580
      431     0.08423628   -16.48369936   -16.39946308   -16.48369936   -16.36877452
      432     0.08941333   -16.48892875   -16.39951542   -16.48892875   -16.37011429
      433     0.09533977   -16.49493424   -16.39959447   -16.49493424   -16.37164572
      434     0.10082123   -16.50048963   -16.39966840   -16.50048963   -16.37227879
      435     0.10472793   -16.50444285   -16.39971492   -16.50444285   -16.37104612
      436     0.10634451   -16.50607047   -16.39972596   -16.50607047   -16.36744169
      437     0.10551478   -16.50521595   -16.39970117   -16.50521595   -16.36154247
      438     0.10265229   -16.50229656   -16.39964427   -16.50229656   -16.35399891
      439     0.09866176   -16.49822923   -16.39956747   -16.49822923   -16.34594610
      440     0.09472210   -16.49421803   -16.39949593   -16.49421803   -16.33877616
      441     0.09190483   -16.49136366   -16.39945883   -16.49136366   -16.33373303
      442     0.09075656   -16.49022827   -16.39947171   -16.49022827   -16.33146424
      443     0.09108128   -16.49060772   -16.39952644   -16.49060772   -16.33178412
      444     0.09206672   -16.49166202   -16.39959530   -16.49166202   -16.33380261
      445     0.09268901   -16.49233581   -16.39964680   -16.49233581   -16.33635212
      446     0.09220284   -16.49185760   -16.39965476   -16.49185760   -16.33849973
      447     0.09052672   -16.49013728   -16.39961056   -16.49013728   -16.33996284
      448     0.08834864   -16.48788162   -16.39953298   -16.48788162   -16.34124644
      449     0.08682002   -16.48628596   -16.39946594   -16.48628596   -16.34335721
      450     0.08691329   -16.48636469   -16.39945140   -16.48636469   -16.34715396
      451     0.08883446   -16.48833061   -16.39949615   -16.48833061   -16.35273846
      452     0.09192005   -16.49149017   -16.39957012   -16.49149017   -16.35935109
      453     0.09504802   -16.49468295   -16.39963493   -16.49468295   -16.36580195
      454     0.09719371   -16.49686272   -16.39966901   -16.49686272   -16.37103794
      455     0.09777677   -16.49744740   -16.39967063   -16.49744740   -16.37447866
      456     0.09671457   -16.49636391   -16.39964934   -16.49636391   -16.37605001
      457     0.09429293   -16.49391018   -16.39961725   -16.49391018   -16.37603952
      458     0.09099251   -16.49057461   -16.39958210   -16.49057461   -16.37491377
      459     0.08735669   -16.48690439   -16.39954770   -16.48690439   -16.37318824
      460     0.08391842   -16.48343514   -16.39951672   -16.48343514   -16.37136038
      461     0.08114255   -16.48063778   -16.39949523   -16.48063778   -16.36985991
      462     0.07932854   -16.47882178   -16.39949324   -16.47882178   -16.36895434
      463     0.07848068   -16.47799732   -16.39951664   -16.47799732   -16.36861163
      464     0.07824358   -16.47780204   -16.39955846   -16.47780204   -16.36842671
      465     0.07802309   -16.47761994   -16.39959685   -16.47761994   -16.36774064
      466     0.07731295   -16.47691779   -16.39960484   -16.47691779   -16.36597992
      467     0.07606898   -16.47563871   -16.39956973   -16.47563871   -16.36305650
      468     0.07486501   -16.47437094   -16.39950593   -16.47437094   -16.35954523
      469     0.07467201   -16.47411964   -16.39944763   -16.47411964   -16.35646497
      470     0.07635093   -16.47578061   -16.39942968   -16.47578061   -16.35475816
      471     0.08015194   -16.47961794   -16.39946600   -16.47961794   -16.35477136
      472     0.08551489   -16.48505672   -16.39954183   -16.48505672   -16.35604597
      473     0.09129451   -16.49091530   -16.39962079   -16.49091530   -16.35754640
      474     0.09628345   -16.49595243   -16.39966898   -16.49595243   -16.35819917
      475     0.09970163   -16.49937709   -16.39967546   -16.49937709   -16.35739211
      476     0.10138318   -16.50103386   -16.39965068   -16.50103386   -16.35514772
      477     0.10164933   -16.50126278   -16.39961345   -16.50126278   -16.35196864
      478     0.10104291   -16.50062167   -16.39957876   -16.50062167   -16.34854721
      479     0.10009607   -16.49964975   -16.39955368   -16.49964975   -16.34551789
      480     0.09919645   -16.49873773   -16.39954128   -16.49873773   -16.34331961
      481     0.09853815   -16.49807991   -16.39954176   -16.49807991   -16.34214419
      482     0.09811727   -16.49767073   -16.39955346   -16.49767073   -16.34193315
      483     0.09775662   -16.49732923   -16.39957261   -16.49732923   -16.34240642
      484     0.09717221   -16.49676400   -16.39959179   -16.49676400   -16.34313642
      485     0.09608934   -16.49569150   -16.39960216   -16.49569150   -16.34368019
      486     0.09437598   -16.49397420   -16.39959822   -16.49397420   -16.34373609
      487     0.09212706   -16.49170726   -16.39958020   -16.49170726   -16.34325161
      488     0.08966731   -16.48921835   -16.39955104   -16.48921835   -16.34244155
      489     0.08750264   -16.48701786   -16.39951522   -16.48701786   -16.34175068
      490     0.08622813   -16.48571181   -16.39948368   -16.48571181   -16.34176825
      491     0.08633671   -16.48581265   -16.39947594   -16.48581265   -16.34303208
      492     0.08793714   -16.48744292   -16.39950578   -16.48744292   -16.34571916
      493     0.09058805   -16.49014907   -16.39956102   -16.49014907   -16.34944559
      494     0.09347777   -16.49308681   -16.39960904   -16.49308681   -16.35343901
      495     0.09587464   -16.49549921   -16.39962457   -16.49549921   -16.35700654
      496     0.09748671   -16.49709517   -16.39960846   -16.49709517   -16.35990455
      497     0.09847458   -16.49805483   -16.39958025   -16.49805483   -16.36233893
      498     0.09919662   -16.49875662   -16.39956000   -16.49875662   -16.36468974
      499     0.09992148   -16.49947935   -16.39955787   -16.49947935   -16.36721294
      500     0.10066983   -16.50024257   -16.39957274   -16.50024257   -16.36988348
      501     0.10122017   -16.50081558   -16.39959541   -16.50081558   -16.37240714
      502     0.10123844   -16.50085184   -16.39961340   -16.50085184   -16.37435936
      503     0.10046026   -16.50007638   -16.39961612   -16.50007638   -16.37537785
      504     0.09883670   -16.49843846   -16.39960176   -16.49843846   -16.37532188
      505     0.09655492   -16.49613444   -16.39957952   -16.49613444   -16.37430309
      506     0.09390870   -16.49347205   -16.39956335   -16.49347205   -16.37255857
      507     0.09110902   -16.49067042   -16.39956140   -16.49067042   -16.37025799
      508     0.08818040   -16.48775035   -16.39956995   -16.48775035   -16.36739829
      509     0.08502945   -16.48460454   -16.39957509   -16.48460454   -16.36387577
      510     0.08165839   -16.48121718   -16.39955879   -16.48121718   -16.35970486
      511     0.07841108   -16.47792297   -16.39951189   -16.47792297   -16.35527447
      512     0.07604259   -16.47549637   -16.39945378   -16.47549637   -16.35143217
      513     0.07541335   -16.47483922   -16.39942587   -16.47483922   -16.34916623
      514     0.07693278   -16.47638409   -16.39945131   -16.47638409   -16.34900154
      515     0.08025617   -16.47976527   -16.39950910   -16.47976527   -16.35066281
      516     0.08455545   -16.48411339   -16.39955794   -16.48411339   -16.35336400
      517     0.08906656   -16.48864404   -16.39957748   -16.48864404   -16.35639187
      518     0.09339764   -16.49297444   -16.39957680   -16.49297444   -16.35942179
      519     0.09745125   -16.49702639   -16.39957514   -16.49702639   -16.36242104
      520     0.10117680   -16.50076052   -16.39958372   -16.50076052   -16.36538315
      521     0.10439785   -16.50400032   -16.39960247   -16.50400032   -16.36815183
      522     0.10681576   -16.50643789   -16.39962213   -16.50643789   -16.37042433
      523     0.10814790   -16.50777820   -16.39963030   -16.50777820   -16.37189386
      524     0.10829790   -16.50791713   -16.39961923   -16.50791713   -16.37242769
      525     0.10745964   -16.50705072   -16.39959108   -16.50705072   -16.37217910
      526     0.10607397   -16.50563368   -16.39955971   -16.50563368   -16.37155196
      527     0.10461366   -16.50416055   -16.39954689   -16.50416055   -16.37098843
      528     0.10328026   -16.50284748   -16.39956722   -16.50284748   -16.37065602
      529     0.10182556   -16.50143656   -16.39961100   -16.50143656   -16.37025330
      530     0.09971258   -16.49935684   -16.39964426   -16.49935684   -16.36916879
      531     0.09660287   -16.49623200   -16.39962913   -16.49623200   -16.36698501
      532     0.09286791   -16.49242243   -16.39955452   -16.49242243   -16.36401861
      533     0.08969430   -16.48915112   -16.39945682   -16.48915112   -16.36144863
      534     0.08853034   -16.48793405   -16.39940371   -16.48793405   -16.36075344
      535     0.09015505   -16.48959060   -16.39943555   -16.48959060   -16.36272928
      536     0.09413991   -16.49366545   -16.39952554   -16.49366545   -16.36691844
      537     0.09919694   -16.49880760   -16.39961066   -16.49880760   -16.37198997
      538     0.10402612   -16.50367719   -16.39965107   -16.50367719   -16.37664329
      539     0.10791512   -16.50756243   -16.39964731   -16.50756243   -16.38021827
      540     0.11079812   -16.51041933   -16.39962121   -16.51041933   -16.38272486
      541     0.11297007   -16.51256623   -16.39959616   -16.51256623   -16.38452571
      542     0.11473686   -16.51432526   -16.39958840   -16.51432526   -16.38596721
      543     0.11618504   -16.51578342   -16.39959838   -16.51578342   -16.38713660
      544     0.11716384   -16.51677699   -16.39961315   -16.51677699   -16.38785049
      545     0.11744981   -16.51706897   -16.39961916   -16.51706897   -16.38784288
      546     0.11692764   -16.51654306   -16.39961542   -16.51654306   -16.38696761
      547     0.11561111   -16.51522312   -16.39961201   -16.51522312   -16.38522558
      548     0.11352200   -16.51313874   -16.39961674   -16.51313874   -16.38263480
      549     0.11060137   -16.51022760   -16.39962623   -16.51022760   -16.37913462
      550     0.10675558   -16.50638796   -16.39963238   -16.50638796   -16.37463813
      551     0.10198819   -16.50161279   -16.39962460   -16.50161279   -16.36916506
      552     0.09655746   -16.49614820   -16.39959074   -16.49614820   -16.36299699
      553     0.09115776   -16.49067616   -16.39951840   -16.49067616   -16.35685566
      554     0.08703437   -16.48645265   -16.39941828   -16.48645265   -16.35203606
      555     0.08573114   -16.48507706   -16.39934592   -16.48507706   -16.35017103
      556     0.08827754   -16.48764653   -16.39936899   -16.48764653   -16.35238244
      557     0.09430647   -16.49379920   -16.39949273   -16.49379920   -16.35832332
      558     0.10201235   -16.50165645   -16.39964410   -16.50165645   -16.36612071
      559     0.10913318   -16.50887484   -16.39974166   -16.50887484   -16.37342922
      560     0.11411766   -16.51386951   -16.39975185   -16.51386951   -16.37865637
      561     0.11667223   -16.51636150   -16.39968927   -16.51636150   -16.38151234
      562     0.11759855   -16.51719301   -16.39959446   -16.51719301   -16.38282741
      563     0.11819288   -16.51771278   -16.39951990   -16.51771278   -16.38393820
      564     0.11948372   -16.51899053   -16.39950681   -16.51899053   -16.38590195
      565     0.12165912   -16.52121611   -16.39955699   -16.52121611   -16.38890027
      566     0.12402492   -16.52365904   -16.39963412   -16.52365904   -16.39219428
      567     0.12549434   -16.52518654   -16.39969220   -16.52518654   -16.39464699
      568     0.12521871   -16.52492539   -16.39970668   -16.52492539   -16.39538035
      569     0.12295148   -16.52263289   -16.39968141   -16.52263289   -16.39414014
      570     0.11902798   -16.51866416   -16.39963618   -16.51866416   -16.39125770
      571     0.11409902   -16.51369181   -16.39959279   -16.51369181   -16.38736788
      572     0.10882990   -16.50839424   -16.39956434   -16.50839424   -16.38310128
      573     0.10371987   -16.50326773   -16.39954786   -16.50326773   -16.37890336
      574     0.09913669   -16.49866194   -16.39952525   -16.49866194   -16.37507757
      575     0.09555867   -16.49503537   -16.39947670   -16.49503537   -16.37204609
      576     0.09379845   -16.49320960   -16.39941115   -16.49320960   -16.37060663
      577     0.09480878   -16.49419199   -16.39938321   -16.49419199   -16.37175498
      578     0.09892582   -16.49837566   -16.39944984   -16.49837566   -16.37588374
      579     0.10514745   -16.50474666   -16.39959921   -16.50474666   -16.38198662
      580     0.11133632   -16.51108445   -16.39974813   -16.51108445   -16.38785389
      581     0.11536924   -16.51518401   -16.39981477   -16.51518401   -16.39128918
      582     0.11630891   -16.51608200   -16.39977309   -16.51608200   -16.39133356
      583     0.11483160   -16.51447995   -16.39964835   -16.51447995   -16.38869239
      584     0.11284870   -16.51234829   -16.39949959   -16.51234829   -16.38534957
      585     0.11256140   -16.51197192   -16.39941052   -16.51197192   -16.38362547
      586     0.11521782   -16.51466615   -16.39944833   -16.51466615   -16.38490012
      587     0.12023248   -16.51982430   -16.39959182   -16.51982430   -16.38865493
      588     0.12553295   -16.52526603   -16.39973308   -16.52526603   -16.39280278
      589     0.12899429   -16.52877955   -16.39978526   -16.52877955   -16.39521025
      590     0.12965791   -16.52940725   -16.39974934   -16.52940725   -16.39497260
      591     0.12784010   -16.52751772   -16.39967762   -16.52751772   -16.39248559
      592     0.12446602   -16.52408369   -16.39961767   -16.52408369   -16.38872563
      593     0.12038697   -16.51997670   -16.39958973   -16.51997670   -16.38454612
      594     0.11606982   -16.51565728   -16.39958746   -16.51565728   -16.38036884
      595     0.11166092   -16.51124944   -16.39958852   -16.51124944   -16.37626077
      596     0.10730898   -16.50687114   -16.39956216   -16.50687114   -16.37226984
      597     0.10355373   -16.50305161   -16.39949788   -16.50305161   -16.36885002
      598     0.10139860   -16.50083026   -16.39943166   -16.50083026   -16.36697004
      599     0.10177450   -16.50120018   -16.39942568   -16.50120018   -16.36756629
      600     0.10472187   -16.50422408   -16.39950221   -16.50422408   -16.37066587
