#    Non-Adiabatic Coupling Matrix Elements: off-diagonal
         0    -0.00000442
         1     0.00014416
         2     0.00028928
         3     0.00043788
         4     0.00059123
         5     0.00074318
         6     0.00088041
         7     0.00098645
         8     0.00104974
         9     0.00106990
        10     0.00105726
        11     0.00102642
        12     0.00099106
        13     0.00096118
        14     0.00094196
        15     0.00093554
        16     0.00094118
        17     0.00095566
        18     0.00097379
        19     0.00098840
        20     0.00099141
        21     0.00097432
        22     0.00092941
        23     0.00085087
        24     0.00073586
        25     0.00058516
        26     0.00040332
        27     0.00019833
        28    -0.00001916
        29    -0.00023703
        30    -0.00044308
        31    -0.00062658
        32    -0.00077961
        33    -0.00089791
        34    -0.00098077
        35    -0.00103048
        36    -0.00105088
        37    -0.00104614
        38    -0.00101964
        39    -0.00097366
        40    -0.00091015
        41    -0.00083033
        42    -0.00073497
        43    -0.00062682
        44    -0.00050983
        45    -0.00038984
        46    -0.00027398
        47    -0.00016938
        48    -0.00008192
        49    -0.00001452
        50     0.00003249
        51     0.00006189
        52     0.00007867
        53     0.00008884
        54     0.00009825
        55     0.00011161
        56     0.00013185
        57     0.00016035
        58     0.00019717
        59     0.00024150
        60     0.00029212
        61     0.00034749
        62     0.00040599
        63     0.00046581
        64     0.00052527
        65     0.00058234
        66     0.00063478
        67     0.00067970
        68     0.00071351
        69     0.00073186
        70     0.00073042
        71     0.00070589
        72     0.00065671
        73     0.00058381
        74     0.00049045
        75     0.00038173
        76     0.00026377
        77     0.00014302
        78     0.00002577
        79    -0.00008210
        80    -0.00017532
        81    -0.00024945
        82    -0.00030156
        83    -0.00033011
        84    -0.00033563
        85    -0.00032060
        86    -0.00028942
        87    -0.00024792
        88    -0.00020311
        89    -0.00016206
        90    -0.00013087
        91    -0.00011366
        92    -0.00011195
        93    -0.00012462
        94    -0.00014833
        95    -0.00017834
        96    -0.00020941
        97    -0.00023669
        98    -0.00025630
        99    -0.00026588
       100    -0.00026453
       101    -0.00025302
       102    -0.00023349
       103    -0.00020909
       104    -0.00018324
       105    -0.00015878
       106    -0.00013715
       107    -0.00011784
       108    -0.00009935
       109    -0.00007887
       110    -0.00005409
       111    -0.00002408
       112     0.00001111
       113     0.00004941
       114     0.00008780
       115     0.00012283
       116     0.00015140
       117     0.00017135
       118     0.00018200
       119     0.00018397
       120     0.00017933
       121     0.00017082
       122     0.00016126
       123     0.00015279
       124     0.00014689
       125     0.00014359
       126     0.00014220
       127     0.00014187
       128     0.00014210
       129     0.00014312
       130     0.00014571
       131     0.00015098
       132     0.00016009
       133     0.00017415
       134     0.00019438
       135     0.00022224
       136     0.00025875
       137     0.00030475
       138     0.00035966
       139     0.00042108
       140     0.00048525
       141     0.00054474
       142     0.00059339
       143     0.00062454
       144     0.00063261
       145     0.00061341
       146     0.00056424
       147     0.00048204
       148     0.00036443
       149     0.00020756
       150     0.00000732
       151    -0.00024022
       152    -0.00053742
       153    -0.00088416
       154    -0.00127586
       155    -0.00170019
       156    -0.00213189
       157    -0.00252914
       158    -0.00283751
       159    -0.00300592
       160    -0.00301199
       161    -0.00287285
       162    -0.00263641
       163    -0.00235726
       164    -0.00207821
       165    -0.00182442
       166    -0.00160624
       167    -0.00142326
       168    -0.00126874
       169    -0.00113171
       170    -0.00099954
       171    -0.00086162
       172    -0.00071302
       173    -0.00055603
       174    -0.00039688
       175    -0.00023844
       176    -0.00007116
       177     0.00013691
       178     0.00045662
       179     0.00104022
       180     0.00225089
       181     0.00505856
       182     0.01152995
       183     0.01654117
       184     0.00882906
       185     0.00218851
       186    -0.00017703
       187    -0.00116244
       188    -0.00159300
       189    -0.00174085
       190    -0.00172461
       191    -0.00161327
       192    -0.00145418
       193    -0.00128135
       194    -0.00111700
       195    -0.00097366
       196    -0.00085740
       197    -0.00077145
       198    -0.00071699
       199    -0.00069661
       200    -0.00071051
       201    -0.00075863
       202    -0.00083797
       203    -0.00094574
       204    -0.00107854
       205    -0.00123453
       206    -0.00141344
       207    -0.00161466
       208    -0.00183002
       209    -0.00202582
       210    -0.00212542
       211    -0.00203377
       212    -0.00173612
       213    -0.00132863
       214    -0.00092049
       215    -0.00056731
       216    -0.00027737
       217    -0.00004023
       218     0.00015804
       219     0.00033119
       220     0.00049188
       221     0.00065065
       222     0.00081440
       223     0.00098460
       224     0.00115406
       225     0.00129861
       226     0.00137015
       227     0.00132062
       228     0.00115245
       229     0.00091924
       230     0.00067672
       231     0.00045702
       232     0.00027208
       233     0.00012201
       234     0.00000157
       235    -0.00009738
       236    -0.00018292
       237    -0.00026240
       238    -0.00034160
       239    -0.00042438
       240    -0.00051238
       241    -0.00060447
       242    -0.00069598
       243    -0.00077825
       244    -0.00083785
       245    -0.00085963
       246    -0.00083123
       247    -0.00074604
       248    -0.00060789
       249    -0.00042924
       250    -0.00022560
       251    -0.00001016
       252     0.00020790
       253     0.00042161
       254     0.00062284
       255     0.00079881
       256     0.00093428
       257     0.00101617
       258     0.00104039
       259     0.00101197
       260     0.00094153
       261     0.00084028
       262     0.00071785
       263     0.00058199
       264     0.00043951
       265     0.00029646
       266     0.00015864
       267     0.00003137
       268    -0.00008103
       269    -0.00017651
       270    -0.00025499
       271    -0.00031898
       272    -0.00037295
       273    -0.00042236
       274    -0.00047254
       275    -0.00052780
       276    -0.00058808
       277    -0.00065360
       278    -0.00071848
       279    -0.00077451
       280    -0.00081766
       281    -0.00086855
       282    -0.00102594
       283    -0.00145400
       284    -0.00186702
       285    -0.00148922
       286    -0.00082127
       287    -0.00038678
       288    -0.00014395
       289     0.00001063
       290     0.00013376
       291     0.00024761
       292     0.00035543
       293     0.00045158
       294     0.00052787
       295     0.00057886
       296     0.00060512
       297     0.00061160
       298     0.00060133
       299     0.00057387
       300     0.00052685
       301     0.00045878
       302     0.00037057
       303     0.00026562
       304     0.00014855
       305     0.00002387
       306    -0.00010475
       307    -0.00023474
       308    -0.00036177
       309    -0.00047831
       310    -0.00057237
       311    -0.00063071
       312    -0.00064521
       313    -0.00061845
       314    -0.00056241
       315    -0.00049145
       316    -0.00041688
       317    -0.00034522
       318    -0.00027928
       319    -0.00021949
       320    -0.00016568
       321    -0.00011709
       322    -0.00007248
       323    -0.00002973
       324     0.00001447
       325     0.00006477
       326     0.00012642
       327     0.00020387
       328     0.00029887
       329     0.00041244
       330     0.00054222
       331     0.00068646
       332     0.00084095
       333     0.00099498
       334     0.00112583
       335     0.00119706
       336     0.00117459
       337     0.00105355
       338     0.00086276
       339     0.00064250
       340     0.00042375
       341     0.00022533
       342     0.00005537
       343    -0.00008412
       344    -0.00019512
       345    -0.00028184
       346    -0.00034934
       347    -0.00040226
       348    -0.00044415
       349    -0.00047550
       350    -0.00049562
       351    -0.00050195
       352    -0.00049137
       353    -0.00046157
       354    -0.00041234
       355    -0.00034598
       356    -0.00026720
       357    -0.00018145
       358    -0.00009316
       359    -0.00000446
       360     0.00008468
       361     0.00017463
       362     0.00026452
       363     0.00035157
       364     0.00043218
       365     0.00050339
       366     0.00056351
       367     0.00061195
       368     0.00064878
       369     0.00067260
       370     0.00068105
       371     0.00067127
       372     0.00064065
       373     0.00058647
       374     0.00050809
       375     0.00040671
       376     0.00028573
       377     0.00015002
       378     0.00000623
       379    -0.00014013
       380    -0.00028493
       381    -0.00042640
       382    -0.00056471
       383    -0.00070086
       384    -0.00083329
       385    -0.00095541
       386    -0.00105561
       387    -0.00111715
       388    -0.00112489
       389    -0.00107354
       390    -0.00097323
       391    -0.00084442
       392    -0.00070594
       393    -0.00056807
       394    -0.00043399
       395    -0.00030234
       396    -0.00016972
       397    -0.00003215
       398     0.00011349
       399     0.00026779
       400     0.00042684
       401     0.00058074
       402     0.00071383
       403     0.00080842
       404     0.00085139
       405     0.00083906
       406     0.00077854
       407     0.00068354
       408     0.00056858
       409     0.00044522
       410     0.00032130
       411     0.00020157
       412     0.00008910
       413    -0.00001361
       414    -0.00010396
       415    -0.00017933
       416    -0.00023669
       417    -0.00027329
       418    -0.00028731
       419    -0.00027753
       420    -0.00024485
       421    -0.00019211
       422    -0.00012504
       423    -0.00005509
       424    -0.00001913
