#     Density Matrix: population Re; see the manual for detail orders
        0     0.00000000     1.00000000
        1     0.00000002     0.99999998
        2     0.00000000     1.00000000
        3     0.00000001     0.99999999
        4     0.00000001     0.99999999
        5     0.00000001     0.99999999
        6     0.00000001     0.99999999
        7     0.00000000     1.00000000
        8     0.00000002     0.99999998
        9     0.00000000     1.00000000
       10     0.00000002     0.99999998
       11     0.00000001     0.99999999
       12     0.00000001     0.99999999
       13     0.00000002     0.99999998
       14     0.00000000     1.00000000
       15     0.00000002     0.99999998
       16     0.00000000     1.00000000
       17     0.00000002     0.99999998
       18     0.00000001     0.99999999
       19     0.00000001     0.99999999
       20     0.00000002     0.99999998
       21     0.00000000     1.00000000
       22     0.00008786     0.99991214
       23     0.00015344     0.99984656
       24     0.00003412     0.99996588
       25     0.00015752     0.99984248
       26     0.00005723     0.99994277
       27     0.00009155     0.99990845
       28     0.00014950     0.99985050
       29     0.00002871     0.99997129
       30     0.00013599     0.99986401
       31     0.00012644     0.99987356
       32     0.00002831     0.99997169
       33     0.00014553     0.99985447
       34     0.00012519     0.99987481
       35     0.00002798     0.99997202
       36     0.00012850     0.99987150
       37     0.00014559     0.99985441
       38     0.00003615     0.99996385
       39     0.00008565     0.99991435
       40     0.00016199     0.99983801
       41     0.00007753     0.99992247
       42     0.00003931     0.99996069
       43     0.00013097     0.99986903
       44     0.00013814     0.99986186
       45     0.00004978     0.99995022
       46     0.00005910     0.99994090
       47     0.00013842     0.99986158
       48     0.00012072     0.99987928
       49     0.00004748     0.99995252
       50     0.00006401     0.99993599
       51     0.00013109     0.99986891
       52     0.00011913     0.99988087
       53     0.00005517     0.99994483
       54     0.00005713     0.99994287
       55     0.00011631     0.99988369
       56     0.00012575     0.99987425
       57     0.00007212     0.99992788
       58     0.00004885     0.99995115
       59     0.00009223     0.99990777
       60     0.00012782     0.99987218
       61     0.00009888     0.99990112
       62     0.00005392     0.99994608
       63     0.00006310     0.99993690
       64     0.00010980     0.99989020
       65     0.00012224     0.99987776
       66     0.00008342     0.99991658
       67     0.00005162     0.99994838
       68     0.00007168     0.99992832
       69     0.00011318     0.99988682
       70     0.00011806     0.99988194
       71     0.00008129     0.99991871
       72     0.00005338     0.99994662
       73     0.00006994     0.99993006
       74     0.00010741     0.99989259
       75     0.00011779     0.99988221
       76     0.00008994     0.99991006
       77     0.00005940     0.99994060
       78     0.00006183     0.99993817
       79     0.00009184     0.99990816
       80     0.00011369     0.99988631
       81     0.00010417     0.99989583
       82     0.00007590     0.99992410
       83     0.00005967     0.99994033
       84     0.00007059     0.99992941
       85     0.00009514     0.99990486
       86     0.00010839     0.99989161
       87     0.00009907     0.99990093
       88     0.00007780     0.99992220
       89     0.00006435     0.99993565
       90     0.00006938     0.99993062
       91     0.00008701     0.99991299
       92     0.00010199     0.99989801
       93     0.00010276     0.99989724
       94     0.00008958     0.99991042
       95     0.00007280     0.99992720
       96     0.00006451     0.99993549
       97     0.00007029     0.99992971
       98     0.00008624     0.99991376
       99     0.00010226     0.99989774
      100     0.00010858     0.99989142
      101     0.00010135     0.99989865
      102     0.00008438     0.99991562
      103     0.00006658     0.99993342
      104     0.00005706     0.99994294
      105     0.00006060     0.99993940
      106     0.00007582     0.99992418
      107     0.00009639     0.99990361
      108     0.00011425     0.99988575
      109     0.00012320     0.99987680
      110     0.00012113     0.99987887
      111     0.00011020     0.99988980
      112     0.00009541     0.99990459
      113     0.00008214     0.99991786
      114     0.00007405     0.99992595
      115     0.00007172     0.99992828
      116     0.00007261     0.99992739
      117     0.00007216     0.99992784
      118     0.00006592     0.99993408
      119     0.00005316     0.99994684
      120     0.00004343     0.99995657
      121     0.00007085     0.99992915
      122     0.00023061     0.99976939
      123     0.00078328     0.99921672
      124     0.00249387     0.99750613
      125     0.00793296     0.99206704
      126     0.02771035     0.97228965
      127     0.11575657     0.88424343
      128     0.40941350     0.59058650
      129     0.73405080     0.26594920
      130     0.86654886     0.13345114
      131     0.91348014     0.08651986
      132     0.93048407     0.06951593
      133     0.93753160     0.06246840
      134     0.94070610     0.05929390
      135     0.94262498     0.05737502
      136     0.94509744     0.05490256
      137     0.94839834     0.05160166
      138     0.95267337     0.04732663
      139     0.95769839     0.04230161
      140     0.96298444     0.03701556
      141     0.96792409     0.03207591
      142     0.97196325     0.02803675
      143     0.97478355     0.02521645
      144     0.97646615     0.02353385
      145     0.97754736     0.02245264
      146     0.97883529     0.02116471
      147     0.98097831     0.01902169
      148     0.98403324     0.01596676
      149     0.98735337     0.01264663
      150     0.98990191     0.01009809
      151     1.00000000     0.00000000
      152     0.99993899     0.00006101
      153     0.99981037     0.00018963
      154     0.99974670     0.00025330
      155     0.99982789     0.00017211
      156     0.99996645     0.00003355
      157     0.99998448     0.00001552
      158     0.99984935     0.00015065
      159     0.99975635     0.00024365
      160     0.99985906     0.00014094
      161     0.99999494     0.00000506
      162     0.99991874     0.00008126
      163     0.99975940     0.00024060
      164     0.99983040     0.00016960
      165     0.99999526     0.00000474
      166     0.99988590     0.00011410
      167     0.99972186     0.00027814
      168     0.99988865     0.00011135
      169     0.99997825     0.00002175
      170     0.99970671     0.00029329
      171     0.99974206     0.00025794
      172     0.99998329     0.00001671
      173     0.99965573     0.00034427
      174     0.99958990     0.00041010
      175     0.99995771     0.00004229
      176     0.99966661     0.00033339
      177     0.99972308     0.00027692
      178     0.99999679     0.00000321
      179     0.99979057     0.00020943
      180     0.99991566     0.00008434
      181     0.99995440     0.00004560
      182     0.99986180     0.00013820
      183     0.99997029     0.00002971
      184     0.99990664     0.00009336
      185     0.99992531     0.00007469
      186     0.99995004     0.00004996
      187     0.99990614     0.00009386
      188     0.99995386     0.00004614
      189     0.99991847     0.00008153
      190     0.99993681     0.00006319
      191     0.99993714     0.00006286
      192     0.99992315     0.00007685
      193     0.99994546     0.00005454
      194     0.99992164     0.00007836
      195     0.99994227     0.00005773
      196     0.99992853     0.00007147
      197     0.99993425     0.00006575
      198     0.99993648     0.00006352
      199     0.99992805     0.00007195
      200     0.99994048     0.00005952
      201     0.99992675     0.00007325
      202     0.99993949     0.00006051
      203     0.99992971     0.00007029
      204     0.99993541     0.00006459
      205     0.99993429     0.00006571
      206     0.99993116     0.00006884
      207     0.99993770     0.00006230
      208     0.99992907     0.00007093
      209     0.99993835     0.00006165
      210     0.99992991     0.00007009
      211     0.99993630     0.00006370
      212     0.99993283     0.00006717
      213     0.99993304     0.00006696
      214     0.99993596     0.00006404
      215     0.99993056     0.00006944
      216     0.99993747     0.00006253
      217     0.99993025     0.00006975
      218     0.99993659     0.00006341
      219     0.99993215     0.00006785
      220     0.99993404     0.00006596
      221     0.99993492     0.00006508
      222     0.99993156     0.00006844
      223     0.99993671     0.00006329
      224     0.99993078     0.00006922
      225     0.99993639     0.00006361
      226     0.99993211     0.00006789
      227     0.99993436     0.00006564
      228     0.99993443     0.00006557
      229     0.99993222     0.00006778
      230     0.99993599     0.00006401
      231     0.99993152     0.00006848
      232     0.99993576     0.00006424
      233     0.99993257     0.00006743
      234     0.99993421     0.00006579
      235     0.99993425     0.00006575
      236     0.99993280     0.00006720
      237     0.99993512     0.00006488
      238     0.99993261     0.00006739
      239     0.99993472     0.00006528
      240     0.99993340     0.00006660
      241     0.99993386     0.00006614
      242     0.99993402     0.00006598
      243     0.99993368     0.00006632
      244     0.99993376     0.00006624
      245     0.99993422     0.00006578
      246     0.99993322     0.00006678
      247     0.99993443     0.00006557
      248     0.99993359     0.00006641
      249     0.99993340     0.00006660
      250     0.99993509     0.00006491
      251     0.99993180     0.00006820
      252     0.99993626     0.00006374
      253     0.99993149     0.00006851
      254     0.99993534     0.00006466
      255     0.99993358     0.00006642
      256     0.99993235     0.00006765
      257     0.99993682     0.00006318
      258     0.99992959     0.00007041
      259     0.99993828     0.00006172
      260     0.99992989     0.00007011
      261     0.99993595     0.00006405
      262     0.99993386     0.00006614
      263     0.99993096     0.00006904
      264     0.99993871     0.00006129
      265     0.99992727     0.00007273
      266     0.99994012     0.00005988
      267     0.99992864     0.00007136
      268     0.99993579     0.00006421
      269     0.99993509     0.00006491
      270     0.99992837     0.00007163
      271     0.99994159     0.00005841
      272     0.99992438     0.00007562
      273     0.99994143     0.00005857
      274     0.99992901     0.00007099
      275     0.99993264     0.00006736
      276     0.99993976     0.00006024
      277     0.99992245     0.00007755
      278     0.99994576     0.00005424
      279     0.99992277     0.00007723
      280     0.99993768     0.00006232
      281     0.99993655     0.00006345
      282     0.99992160     0.00007840
      283     0.99994877     0.00005123
      284     0.99991778     0.00008222
      285     0.99994101     0.00005899
      286     0.99993480     0.00006520
      287     0.99992040     0.00007960
      288     0.99995025     0.00004975
      289     0.99991692     0.00008308
      290     0.99994004     0.00005996
      291     0.99993646     0.00006354
      292     0.99992124     0.00007876
      293     0.99994655     0.00005345
      294     0.99992463     0.00007537
      295     0.99993504     0.00006496
      296     0.99993712     0.00006288
      297     0.99993026     0.00006974
      298     0.99993396     0.00006604
      299     0.99993656     0.00006344
      300     0.99993204     0.00006796
