#    Step        Prob(0)        Prob(1)        
        0     0.00000000     0.00000000
        1     0.00000701     0.00000000
        2     0.00000964     0.00000000
        3     0.00001313     0.00000000
        4     0.00002204     0.00000000
        5     0.00001740     0.00000000
        6     0.00002247     0.00000000
        7     0.00001952     0.00000000
        8     0.00001761     0.00000000
        9     0.00001760     0.00000000
       10     0.00001557     0.00000000
       11     0.00001508     0.00000000
       12     0.00001497     0.00000000
       13     0.00001418     0.00000000
       14     0.00001344     0.00000000
       15     0.00001236     0.00000000
       16     0.00001069     0.00000000
       17     0.00000884     0.00000000
       18     0.00000707     0.00000000
       19     0.00000545     0.00000000
       20     0.00000404     0.00000000
       21     0.00000276     0.00000000
       22     0.00000143     0.00000000
       23     0.00000011     0.00000000
       24     0.00000000     0.00000000
       25     0.00000000     0.00000000
       26     0.00000008     0.00000000
       27     0.00000288     0.00000000
       28     0.00000696     0.00000000
       29     0.00001155     0.00000000
       30     0.00001563     0.00000000
       31     0.00001808     0.00000000
       32     0.00001815     0.00000000
       33     0.00001592     0.00000000
       34     0.00001237     0.00000000
       35     0.00000872     0.00000000
       36     0.00000556     0.00000000
       37     0.00000303     0.00000000
       38     0.00000102     0.00000000
       39     0.00000000     0.00000000
       40     0.00000000     0.00000000
       41     0.00000000     0.00000000
       42     0.00000000     0.00000000
       43     0.00000033     0.00000000
       44     0.00000141     0.00000000
       45     0.00000237     0.00000000
       46     0.00000305     0.00000000
       47     0.00000343     0.00000000
       48     0.00000344     0.00000000
       49     0.00000308     0.00000000
       50     0.00000234     0.00000000
       51     0.00000137     0.00000000
       52     0.00000047     0.00000000
       53     0.00000000     0.00000000
       54     0.00000000     0.00000000
       55     0.00000000     0.00000000
       56     0.00000000     0.00000000
       57     0.00000000     0.00000000
       58     0.00000000     0.00000000
       59     0.00000002     0.00000000
       60     0.00000010     0.00000000
       61     0.00000027     0.00000000
       62     0.00000057     0.00000000
       63     0.00000091     0.00000000
       64     0.00000115     0.00000000
       65     0.00000119     0.00000000
       66     0.00000100     0.00000000
       67     0.00000066     0.00000000
       68     0.00000025     0.00000000
       69     0.00000000     0.00000000
       70     0.00000000     0.00000000
       71     0.00000000     0.00000000
       72     0.00000000     0.00000000
       73     0.00000033     0.00000000
       74     0.00000061     0.00000000
       75     0.00000069     0.00000000
       76     0.00000058     0.00000000
       77     0.00000036     0.00000000
       78     0.00000011     0.00000000
       79     0.00000000     0.00000000
       80     0.00000000     0.00000000
       81     0.00000000     0.00000000
       82     0.00000026     0.00000000
       83     0.00000070     0.00000000
       84     0.00000113     0.00000000
       85     0.00000139     0.00000000
       86     0.00000140     0.00000000
       87     0.00000113     0.00000000
       88     0.00000072     0.00000000
       89     0.00000031     0.00000000
       90     0.00000001     0.00000000
       91     0.00000000     0.00000000
       92     0.00000000     0.00000000
       93     0.00000000     0.00000000
       94     0.00000000     0.00000000
       95     0.00000000     0.00000000
       96     0.00000000     0.00000000
       97     0.00000002     0.00000000
       98     0.00000008     0.00000000
       99     0.00000023     0.00000000
      100     0.00000042     0.00000000
      101     0.00000056     0.00000000
      102     0.00000055     0.00000000
      103     0.00000032     0.00000000
      104     0.00000000     0.00000000
      105     0.00000000     0.00000000
      106     0.00000006     0.00000000
      107     0.00000076     0.00000000
      108     0.00000171     0.00000000
      109     0.00000264     0.00000000
      110     0.00000345     0.00000000
      111     0.00000418     0.00000000
      112     0.00000476     0.00000000
      113     0.00000506     0.00000000
      114     0.00000489     0.00000000
      115     0.00000414     0.00000000
      116     0.00000294     0.00000000
      117     0.00000160     0.00000000
      118     0.00000048     0.00000000
      119     0.00000000     0.00000000
      120     0.00000000     0.00000000
      121     0.00000000     0.00000000
      122     0.00000000     0.00000000
      123     0.00000000     0.00000000
      124     0.00000000     0.00000000
      125     0.00000002     0.00000000
      126     0.00000010     0.00000000
      127     0.00000024     0.00000000
      128     0.00000039     0.00000000
      129     0.00000044     0.00000000
      130     0.00000033     0.00000000
      131     0.00000007     0.00000000
      132     0.00000000     0.00000000
      133     0.00000000     0.00000000
      134     0.00000096     0.00000000
      135     0.00000324     0.00000000
      136     0.00000692     0.00000000
      137     0.00001165     0.00000000
      138     0.00001667     0.00000000
      139     0.00002110     0.00000000
      140     0.00002413     0.00000000
      141     0.00002499     0.00000000
      142     0.00002318     0.00000000
      143     0.00001862     0.00000000
      144     0.00001201     0.00000000
      145     0.00000493     0.00000000
      146     0.00000000     0.00000000
      147     0.00000000     0.00000000
      148     0.00000000     0.00000000
      149     0.00000000     0.00000000
      150     0.00000338     0.00000000
      151     0.00000730     0.00000000
      152     0.00001054     0.00000000
      153     0.00001257     0.00000000
      154     0.00001324     0.00000000
      155     0.00001279     0.00000000
      156     0.00001173     0.00000000
      157     0.00001054     0.00000000
      158     0.00000947     0.00000000
      159     0.00000865     0.00000000
      160     0.00000808     0.00000000
      161     0.00000772     0.00000000
      162     0.00000755     0.00000000
      163     0.00000756     0.00000000
      164     0.00000761     0.00000000
      165     0.00000750     0.00000000
      166     0.00000694     0.00000000
      167     0.00000568     0.00000000
      168     0.00000371     0.00000000
      169     0.00000133     0.00000000
      170     0.00000000     0.00000000
      171     0.00000000     0.00000000
      172     0.00000003     0.00000000
      173     0.00000484     0.00000000
      174     0.00001357     0.00000000
      175     0.00002696     0.00000000
      176     0.00004567     0.00000000
      177     0.00006958     0.00000000
      178     0.00009706     0.00000000
      179     0.00012501     0.00000000
      180     0.00014979     0.00000000
      181     0.00016828     0.00000000
      182     0.00017865     0.00000000
      183     0.00017991     0.00000000
      184     0.00017042     0.00000000
      185     0.00014716     0.00000000
      186     0.00010796     0.00000000
      187     0.00005607     0.00000000
      188     0.00000397     0.00000000
      189     0.00000000     0.00000000
      190     0.00000000     0.00000000
      191     0.00007191     0.00000000
      192     0.00021823     0.00000000
      193     0.00040314     0.00000000
      194     0.00058216     0.00000000
      195     0.00071006     0.00000000
      196     0.00075987     0.00000000
      197     0.00073104     0.00000000
      198     0.00064342     0.00000000
      199     0.00052592     0.00000000
      200     0.00040343     0.00000000
      201     0.00029370     0.00000000
      202     0.00020669     0.00000000
      203     0.00014621     0.00000000
      204     0.00011133     0.00000000
      205     0.00009756     0.00000000
      206     0.00009844     0.00000000
      207     0.00010777     0.00000000
      208     0.00012322     0.00000000
      209     0.00014986     0.00000000
      210     0.00020643     0.00000000
      211     0.00034702     0.00000000
      212     0.00074305     0.00000000
      213     0.00201307     0.00000000
      214     0.00672173     0.00000000
      215     0.02747540     0.00000000
      216     0.13340521     0.00000000
      217     0.47357326     0.00000000
      218     0.56993313     0.00000000
      219     0.39731405     0.00000000
      220     0.00000000     0.00000000
      221     0.00000000     0.00000000
      222     0.00000000     0.00000000
      223     0.00000000     0.00000000
      224     0.00000000     0.00240596
      225     0.00000000     0.00281479
      226     0.00000000     0.00217382
      227     0.00000000     0.00094605
      228     0.00000000     0.00000000
      229     0.00000000     0.00000000
      230     0.00000000     0.00000000
      231     0.00000000     0.00000000
      232     0.00000000     0.00000000
      233     0.00000000     0.00411477
      234     0.00000000     0.10351689
      235     0.00000000     0.00000000
      236     0.00000000     0.00000000
      237     0.06560934     0.00000000
      238     0.02749265     0.00000000
      239     0.00000000     0.00000000
      240     0.00000000     0.00000000
      241     0.00000000     0.00000000
      242     0.00000000     0.00478335
      243     0.00000000     0.00316842
      244     0.00000000     0.00022132
      245     0.00000000     0.00000000
      246     0.00000000     0.00137885
      247     0.00000000     0.00283848
      248     0.00000000     0.00221345
      249     0.00000000     0.00009551
      250     0.00000000     0.00000000
      251     0.00000000     0.00000000
      252     0.00000000     0.00000000
      253     0.00000000     0.00000000
      254     0.00000000     0.00000000
      255     0.00000000     0.00033606
      256     0.00000000     0.00050395
      257     0.00000000     0.00029457
      258     0.00000000     0.00045572
      259     0.00000000     0.00063779
      260     0.00000000     0.00053458
      261     0.00000000     0.00033637
      262     0.00000000     0.00006835
      263     0.00000000     0.00000000
      264     0.00000000     0.00000000
      265     0.00000000     0.00000000
      266     0.00000000     0.00000000
      267     0.00000000     0.00000000
      268     0.00000000     0.00000326
      269     0.00000000     0.00000483
      270     0.00000000     0.00000476
      271     0.00000000     0.00000559
      272     0.00000000     0.00000800
      273     0.00000000     0.00001286
      274     0.00000000     0.00002180
      275     0.00000000     0.00003413
      276     0.00000000     0.00003443
      277     0.00000000     0.00000000
      278     0.00000000     0.00000000
      279     0.00000000     0.00000000
      280     0.00000000     0.00000000
      281     0.00000000     0.00005202
      282     0.00000000     0.00013013
      283     0.00000000     0.00018774
      284     0.00000000     0.00013086
      285     0.00000000     0.00003071
      286     0.00000000     0.00000193
      287     0.00000000     0.00000000
      288     0.00000000     0.00000000
      289     0.00000000     0.00000000
      290     0.00000000     0.00000000
      291     0.00000000     0.00000000
      292     0.00000000     0.00000571
      293     0.00000000     0.00001762
      294     0.00000000     0.00004083
      295     0.00000000     0.00008217
      296     0.00000000     0.00013728
      297     0.00000000     0.00016834
      298     0.00000000     0.00015131
      299     0.00000000     0.00012878
      300     0.00000000     0.00012052
      301     0.00000000     0.00011539
      302     0.00000000     0.00010734
      303     0.00000000     0.00009477
      304     0.00000000     0.00007971
      305     0.00000000     0.00006436
      306     0.00000000     0.00004980
      307     0.00000000     0.00003620
      308     0.00000000     0.00002351
      309     0.00000000     0.00001239
      310     0.00000000     0.00000401
      311     0.00000000     0.00000000
      312     0.00000000     0.00000000
      313     0.00000000     0.00000275
      314     0.00000000     0.00000796
      315     0.00000000     0.00001308
      316     0.00000000     0.00001642
      317     0.00000000     0.00001694
      318     0.00000000     0.00001450
      319     0.00000000     0.00000999
      320     0.00000000     0.00000512
      321     0.00000000     0.00000155
      322     0.00000000     0.00000000
      323     0.00000000     0.00000000
      324     0.00000000     0.00000025
      325     0.00000000     0.00000169
      326     0.00000000     0.00000618
      327     0.00000000     0.00001626
      328     0.00000000     0.00003333
      329     0.00000000     0.00005688
      330     0.00000000     0.00008499
      331     0.00000000     0.00011539
      332     0.00000000     0.00014699
      333     0.00000000     0.00018139
      334     0.00000000     0.00022888
      335     0.00000000     0.00032525
      336     0.00000000     0.00056167
      337     0.00000000     0.00044879
      338     0.00000000     0.00000000
      339     0.00000000     0.00000000
      340     0.00000000     0.00000000
      341     0.00000000     0.00000000
      342     0.00000000     0.00000187
      343     0.00000000     0.00000400
      344     0.00000000     0.00000351
      345     0.00000000     0.00000077
      346     0.00000000     0.00000000
      347     0.00000000     0.00000000
      348     0.00000000     0.00000000
      349     0.00000000     0.00000000
      350     0.00000000     0.00000000
      351     0.00000000     0.00000025
      352     0.00000000     0.00000113
      353     0.00000000     0.00000301
      354     0.00000000     0.00000614
      355     0.00000000     0.00001033
      356     0.00000000     0.00001476
      357     0.00000000     0.00001772
      358     0.00000000     0.00001687
      359     0.00000000     0.00001129
      360     0.00000000     0.00000334
      361     0.00000000     0.00000000
      362     0.00000000     0.00000000
      363     0.00000000     0.00000103
      364     0.00000000     0.00000714
      365     0.00000000     0.00001098
      366     0.00000000     0.00001003
      367     0.00000000     0.00000501
      368     0.00000000     0.00000000
      369     0.00000000     0.00000000
      370     0.00000000     0.00000000
      371     0.00000000     0.00000000
      372     0.00000000     0.00000000
      373     0.00000000     0.00000000
      374     0.00000000     0.00000000
      375     0.00000000     0.00000000
      376     0.00000000     0.00000000
      377     0.00000000     0.00000000
      378     0.00000000     0.00000000
      379     0.00000000     0.00000000
      380     0.00000000     0.00000000
      381     0.00000000     0.00000006
      382     0.00000000     0.00000008
      383     0.00000000     0.00000008
      384     0.00000000     0.00000007
      385     0.00000000     0.00000006
      386     0.00000000     0.00000004
      387     0.00000000     0.00000000
      388     0.00000000     0.00000000
      389     0.00000000     0.00000000
      390     0.00000000     0.00000004
      391     0.00000000     0.00000013
      392     0.00000000     0.00000049
      393     0.00000000     0.00000147
      394     0.00000000     0.00000371
      395     0.00000000     0.00000771
      396     0.00000000     0.00001190
      397     0.00000000     0.00000891
      398     0.00000000     0.00000000
      399     0.00000000     0.00000485
      400     0.00000000     0.00001597
      401     0.00000000     0.00000795
      402     0.00000000     0.00000171
      403     0.00000000     0.00000005
      404     0.00000000     0.00000000
      405     0.00000000     0.00000000
      406     0.00000000     0.00000000
      407     0.00000000     0.00000000
      408     0.00000000     0.00000000
      409     0.00000000     0.00000000
      410     0.00000000     0.00000006
      411     0.00000000     0.00000039
      412     0.00000000     0.00000112
      413     0.00000000     0.00000228
      414     0.00000000     0.00000361
      415     0.00000000     0.00000466
      416     0.00000000     0.00000521
      417     0.00000000     0.00000538
      418     0.00000000     0.00000543
      419     0.00000000     0.00000542
      420     0.00000000     0.00000528
      421     0.00000000     0.00000494
      422     0.00000000     0.00000436
      423     0.00000000     0.00000342
      424     0.00000000     0.00000195
      425     0.00000000     0.00000002
      426     0.00000000     0.00000000
      427     0.00000000     0.00000068
      428     0.00000000     0.00001074
      429     0.00000000     0.00003284
      430     0.00000000     0.00006179
      431     0.00000000     0.00007534
      432     0.00000000     0.00006057
      433     0.00000000     0.00003703
      434     0.00000000     0.00001936
      435     0.00000000     0.00000810
      436     0.00000000     0.00000189
      437     0.00000000     0.00000000
      438     0.00000000     0.00000000
      439     0.00000000     0.00000031
      440     0.00000000     0.00000101
      441     0.00000000     0.00000132
      442     0.00000000     0.00000127
      443     0.00000000     0.00000101
      444     0.00000000     0.00000070
      445     0.00000000     0.00000043
      446     0.00000000     0.00000024
      447     0.00000000     0.00000012
      448     0.00000000     0.00000007
      449     0.00000000     0.00000004
      450     0.00000000     0.00000003
      451     0.00000000     0.00000004
      452     0.00000000     0.00000005
      453     0.00000000     0.00000007
      454     0.00000000     0.00000009
      455     0.00000000     0.00000010
      456     0.00000000     0.00000008
      457     0.00000000     0.00000001
      458     0.00000000     0.00000000
      459     0.00000000     0.00000000
      460     0.00000000     0.00000000
      461     0.00000000     0.00000000
      462     0.00000000     0.00000000
      463     0.00000000     0.00000000
      464     0.00000000     0.00000000
      465     0.00000000     0.00000012
      466     0.00000000     0.00000055
      467     0.00000000     0.00000136
      468     0.00000000     0.00000305
      469     0.00000000     0.00000655
      470     0.00000000     0.00001315
      471     0.00000000     0.00002349
      472     0.00000000     0.00003529
      473     0.00000000     0.00004198
      474     0.00000000     0.00003814
      475     0.00000000     0.00002686
      476     0.00000000     0.00001496
      477     0.00000000     0.00000617
      478     0.00000000     0.00000117
      479     0.00000000     0.00000000
      480     0.00000000     0.00000000
      481     0.00000000     0.00000052
      482     0.00000000     0.00000189
      483     0.00000000     0.00000293
      484     0.00000000     0.00000315
      485     0.00000000     0.00000228
      486     0.00000000     0.00000075
      487     0.00000000     0.00000000
      488     0.00000000     0.00000015
      489     0.00000000     0.00000301
      490     0.00000000     0.00000827
      491     0.00000000     0.00001536
      492     0.00000000     0.00002346
      493     0.00000000     0.00003154
      494     0.00000000     0.00003824
      495     0.00000000     0.00004179
      496     0.00000000     0.00004082
      497     0.00000000     0.00003500
      498     0.00000000     0.00002570
      499     0.00000000     0.00001536
      500     0.00000000     0.00000654
      501     0.00000000     0.00000102
      502     0.00000000     0.00000000
      503     0.00000000     0.00000022
      504     0.00000000     0.00000278
      505     0.00000000     0.00000597
      506     0.00000000     0.00000939
      507     0.00000000     0.00001294
      508     0.00000000     0.00001670
      509     0.00000000     0.00002094
      510     0.00000000     0.00002618
      511     0.00000000     0.00003329
      512     0.00000000     0.00004357
      513     0.00000000     0.00005871
      514     0.00000000     0.00008066
      515     0.00000000     0.00011034
      516     0.00000000     0.00014464
      517     0.00000000     0.00016949
      518     0.00000000     0.00015620
      519     0.00000000     0.00009353
      520     0.00000000     0.00002799
      521     0.00000000     0.00000000
      522     0.00000000     0.00000000
      523     0.00000000     0.00000000
      524     0.00000000     0.00000000
      525     0.00000000     0.00000000
      526     0.00000000     0.00000000
      527     0.00000000     0.00000008
      528     0.00000000     0.00000152
      529     0.00000000     0.00000374
      530     0.00000000     0.00000717
      531     0.00000000     0.00001212
      532     0.00000000     0.00001866
      533     0.00000000     0.00002653
      534     0.00000000     0.00003499
      535     0.00000000     0.00004265
      536     0.00000000     0.00004736
      537     0.00000000     0.00004703
      538     0.00000000     0.00004143
      539     0.00000000     0.00003278
      540     0.00000000     0.00002385
      541     0.00000000     0.00001630
      542     0.00000000     0.00001043
      543     0.00000000     0.00000590
      544     0.00000000     0.00000240
      545     0.00000000     0.00000000
      546     0.00000000     0.00000000
      547     0.00000000     0.00000182
      548     0.00000000     0.00001000
      549     0.00000000     0.00002650
      550     0.00000000     0.00005182
      551     0.00000000     0.00007905
      552     0.00000000     0.00008959
      553     0.00000000     0.00006795
      554     0.00000000     0.00002972
      555     0.00000000     0.00000397
      556     0.00000000     0.00000000
      557     0.00000000     0.00000000
      558     0.00000000     0.00000000
      559     0.00000000     0.00000000
      560     0.00000000     0.00000128
      561     0.00000000     0.00000282
      562     0.00000000     0.00000463
      563     0.00000000     0.00000709
      564     0.00000000     0.00001049
      565     0.00000000     0.00001500
      566     0.00000000     0.00002055
      567     0.00000000     0.00002661
      568     0.00000000     0.00003214
      569     0.00000000     0.00003555
      570     0.00000000     0.00003562
      571     0.00000000     0.00003186
      572     0.00000000     0.00002487
      573     0.00000000     0.00001608
      574     0.00000000     0.00000737
      575     0.00000000     0.00000079
      576     0.00000000     0.00000000
      577     0.00000000     0.00000153
      578     0.00000000     0.00001072
      579     0.00000000     0.00002503
      580     0.00000000     0.00004247
      581     0.00000000     0.00006029
      582     0.00000000     0.00007559
      583     0.00000000     0.00008582
      584     0.00000000     0.00008878
      585     0.00000000     0.00008293
      586     0.00000000     0.00006891
      587     0.00000000     0.00005077
      588     0.00000000     0.00003342
      589     0.00000000     0.00001953
      590     0.00000000     0.00000978
      591     0.00000000     0.00000375
      592     0.00000000     0.00000060
      593     0.00000000     0.00000000
      594     0.00000000     0.00000000
      595     0.00000000     0.00000008
      596     0.00000000     0.00000130
      597     0.00000000     0.00000281
      598     0.00000000     0.00000433
      599     0.00000000     0.00000545
      600     0.00000000     0.00000575
